% Measurements merged on 10/09/19 16:35:36 Central Daylight Time
% Original files:
%    1: C:\Users\Al\Desktop\Nayo\KACEY\STROKE\RTIS2001\RTIS2001_00000001_Series2s24.hts  (Series2s24)
%    2: C:\Users\Al\Desktop\Nayo\KACEY\STROKE\RTIS2001\RTIS2001_00000001_Series2s25.hts  (Series2s25)
% Merge host: Al-PC
% System: MERGED
% nSharedImages: 1000
%
% Interpolated markers have status set to 2
%
% EMB001 (Marker properties) Series:2031, ID:019, Size:35, Thickness:001.846, tPu:[+000.000 +000.000 +000.000]
% EMB001 (Marker properties) Series:2031, ID:051, Size:35, Thickness:001.844, tPu:[+000.000 +000.000 +000.000]
% EMB001 (Marker properties) Series:2032, ID:073, Size:44, Thickness:002.200, tPu:[+000.000 +000.000 +000.000]
% EMB001 (Marker properties) Series:2032, ID:080, Size:44, Thickness:002.203, tPu:[+000.000 +000.000 +000.000]
% EMB001 (Marker properties) Series:2032, ID:087, Size:44, Thickness:002.251, tPu:[+000.000 +000.000 +000.000]
%
% ImageNumber,             FrameTime,           Marker,  ST, HT(1, 1),    HT(1, 2),    HT(1, 3),    HT(1, 4),    HT(2, 1),    HT(2, 2),    HT(2, 3),    HT(2, 4),    HT(3, 1),    HT(3, 2),    HT(3, 3),    HT(3, 4)
%
0000000000, 1570657330.202286057,   019,  1,  0000.993157, -000.085830, -000.079203, 0000.012782, -000.081904, -000.995305, 0000.051568, 0000.161464, -000.083257, -000.044728, -000.995524, 0001.018471,   051,  1,  0000.789754, -000.392873, 0000.471105, 0000.113891, -000.431448, 0000.190172, 0000.881866, -000.030299, -000.436052, -000.899714, -000.019315, 0000.602889,   073,  1,  -000.618418, -000.773362, 0000.139539, 0000.166739, -000.278237, 0000.381539, 0000.881483, 0000.058808, -000.734945, 0000.506300, -000.451128, 0000.930640,   080,  1,  0000.843208, -000.502023, 0000.192285, -000.113542, -000.527543, -000.703893, 0000.475639, 0000.037442, -000.103434, -000.502501, -000.858367, 0000.887932,   087,  1,  0000.548151, 0000.820471, 0000.162353, 0000.186238, 0000.211668, -000.323881, 0000.922116, -000.010405, 0000.809152, -000.471093, -000.351203, 0000.718766, 
0000000001, 1570657330.213521918,   019,  1,  0000.993042, -000.087341, -000.078990, 0000.012771, -000.083459, -000.995196, 0000.051183, 0000.161190, -000.083081, -000.044234, -000.995561, 0001.016796,   051,  1,  0000.789575, -000.393095, 0000.471219, 0000.113883, -000.431547, 0000.190242, 0000.881802, -000.030126, -000.436278, -000.899602, -000.019428, 0000.602862,   073,  1,  -000.618462, -000.773305, 0000.139657, 0000.166762, -000.278266, 0000.381725, 0000.881393, 0000.058762, -000.734896, 0000.506247, -000.451267, 0000.930675,   080,  1,  0000.843290, -000.501949, 0000.192120, -000.113506, -000.527386, -000.703929, 0000.475761, 0000.037433, -000.103569, -000.502525, -000.858337, 0000.887751,   087,  1,  0000.548248, 0000.820414, 0000.162309, 0000.186256, 0000.211577, -000.323825, 0000.922156, -000.010508, 0000.809110, -000.471230, -000.351117, 0000.718803, 
0000000002, 1570657330.224758256,   019,  1,  0000.993126, -000.086308, -000.079064, 0000.012816, -000.082435, -000.995290, 0000.051010, 0000.161386, -000.083094, -000.044142, -000.995564, 0001.017943,   051,  1,  0000.789463, -000.393187, 0000.471330, 0000.113879, -000.431670, 0000.190249, 0000.881741, -000.030241, -000.436359, -000.899561, -000.019533, 0000.602889,   073,  1,  -000.618648, -000.773120, 0000.139857, 0000.166792, -000.278056, 0000.381938, 0000.881367, 0000.058662, -000.734820, 0000.506368, -000.451255, 0000.930757,   080,  1,  0000.843267, -000.502011, 0000.192056, -000.113517, -000.527407, -000.703914, 0000.475760, 0000.037450, -000.103646, -000.502484, -000.858351, 0000.887908,   087,  1,  0000.548175, 0000.820433, 0000.162461, 0000.186248, 0000.211454, -000.323889, 0000.922162, -000.010463, 0000.809192, -000.471154, -000.351031, 0000.718795, 
0000000003, 1570657330.235993881,   019,  1,  0000.993076, -000.086962, -000.078981, 0000.012799, -000.083061, -000.995218, 0000.051404, 0000.161328, -000.083074, -000.044488, -000.995550, 0001.017599,   051,  1,  0000.789316, -000.393547, 0000.471277, 0000.113881, -000.431574, 0000.190341, 0000.881767, -000.030294, -000.436720, -000.899384, -000.019605, 0000.602902,   073,  1,  -000.618383, -000.773360, 0000.139705, 0000.166789, -000.278114, 0000.381619, 0000.881487, 0000.058724, -000.735021, 0000.506242, -000.451069, 0000.930717,   080,  1,  0000.843437, -000.501833, 0000.191773, -000.113523, -000.527094, -000.703999, 0000.475980, 0000.037452, -000.103855, -000.502542, -000.858292, 0000.887898,   087,  1,  0000.548089, 0000.820495, 0000.162440, 0000.186264, 0000.211574, -000.323894, 0000.922133, -000.010554, 0000.809219, -000.471043, -000.351118, 0000.718831, 
0000000004, 1570657330.247230381,   019,  1,  0000.993051, -000.087373, -000.078834, 0000.012820, -000.083473, -000.995179, 0000.051479, 0000.161442, -000.082952, -000.044541, -000.995558, 0001.018226,   051,  1,  0000.789469, -000.393358, 0000.471178, 0000.113865, -000.431527, 0000.190203, 0000.881821, -000.030233, -000.436490, -000.899496, -000.019585, 0000.602898,   073,  1,  -000.618322, -000.773398, 0000.139764, 0000.166800, -000.277927, 0000.381515, 0000.881591, 0000.058628, -000.735143, 0000.506263, -000.450847, 0000.930795,   080,  1,  0000.843242, -000.502045, 0000.192077, -000.113532, -000.527409, -000.703705, 0000.476067, 0000.037455, -000.103841, -000.502743, -000.858176, 0000.888041,   087,  1,  0000.548305, 0000.820367, 0000.162354, 0000.186249, 0000.211608, -000.323922, 0000.922115, -000.010524, 0000.809063, -000.471245, -000.351204, 0000.718820, 
0000000005, 1570657330.258466627,   019,  1,  0000.993198, -000.085417, -000.079128, 0000.012829, -000.081525, -000.995356, 0000.051187, 0000.161510, -000.083132, -000.044388, -000.995549, 0001.018742,   051,  1,  0000.789594, -000.393217, 0000.471086, 0000.113879, -000.431448, 0000.190147, 0000.881871, -000.030428, -000.436342, -000.899569, -000.019514, 0000.602939,   073,  1,  -000.618416, -000.773298, 0000.139902, 0000.166802, -000.277766, 0000.381627, 0000.881593, 0000.058650, -000.735125, 0000.506331, -000.450800, 0000.930788,   080,  1,  0000.843435, -000.501841, 0000.191760, -000.113482, -000.527062, -000.703841, 0000.476250, 0000.037450, -000.104033, -000.502756, -000.858146, 0000.887690,   087,  1,  0000.548175, 0000.820437, 0000.162438, 0000.186251, 0000.211555, -000.323922, 0000.922127, -000.010525, 0000.809165, -000.471123, -000.351134, 0000.718820, 
0000000006, 1570657330.269701665,   019,  1,  0000.993053, -000.086624, -000.079643, 0000.012848, -000.082694, -000.995249, 0000.051386, 0000.161567, -000.083716, -000.044443, -000.995498, 0001.018927,   051,  1,  0000.789652, -000.393286, 0000.470931, 0000.113876, -000.431261, 0000.190178, 0000.881956, -000.030458, -000.436422, -000.899532, -000.019435, 0000.602948,   073,  1,  -000.618361, -000.773371, 0000.139739, 0000.166780, -000.277870, 0000.381475, 0000.881626, 0000.058773, -000.735131, 0000.506334, -000.450786, 0000.930697,   080,  1,  0000.843446, -000.501785, 0000.191860, -000.113517, -000.527067, -000.703858, 0000.476219, 0000.037467, -000.103917, -000.502788, -000.858141, 0000.888004,   087,  1,  0000.548165, 0000.820464, 0000.162338, 0000.186241, 0000.211550, -000.323801, 0000.922171, -000.010510, 0000.809173, -000.471160, -000.351066, 0000.718822, 
0000000007, 1570657330.280937703,   019,  1,  0000.993106, -000.086339, -000.079287, 0000.012814, -000.082432, -000.995276, 0000.051293, 0000.161240, -000.083341, -000.044404, -000.995531, 0001.016918,   051,  1,  0000.789460, -000.393299, 0000.471242, 0000.113850, -000.431576, 0000.190245, 0000.881787, -000.030200, -000.436458, -000.899512, -000.019547, 0000.602905,   073,  1,  -000.618346, -000.773388, 0000.139708, 0000.166827, -000.278028, 0000.381538, 0000.881549, 0000.058478, -000.735084, 0000.506260, -000.450946, 0000.930912,   080,  1,  0000.843425, -000.501845, 0000.191797, -000.113512, -000.527086, -000.703842, 0000.476221, 0000.037467, -000.103995, -000.502750, -000.858153, 0000.887979,   087,  1,  0000.548296, 0000.820366, 0000.162393, 0000.186250, 0000.211440, -000.323863, 0000.922174, -000.010552, 0000.809113, -000.471288, -000.351031, 0000.718834, 
0000000008, 1570657330.292173613,   019,  2,  0000.993068, -000.086800, -000.079256, 0000.012832, -000.082885, -000.995232, 0000.051423, 0000.161374, -000.083341, -000.044497, -000.995527, 0001.017713,   051,  1,  0000.789375, -000.393364, 0000.471329, 0000.113845, -000.431682, 0000.190231, 0000.881739, -000.030189, -000.436506, -000.899487, -000.019645, 0000.602917,   073,  1,  -000.618398, -000.773346, 0000.139712, 0000.166817, -000.278158, 0000.381669, 0000.881452, 0000.058560, -000.734991, 0000.506226, -000.451136, 0000.930837,   080,  1,  0000.843527, -000.501687, 0000.191761, -000.113482, -000.526930, -000.703922, 0000.476275, 0000.037459, -000.103956, -000.502796, -000.858131, 0000.887782,   087,  1,  0000.548416, 0000.820309, 0000.162271, 0000.186250, 0000.211582, -000.323868, 0000.922140, -000.010601, 0000.808995, -000.471383, -000.351177, 0000.718859, 
0000000009, 1570657330.303409576,   019,  1,  0000.993030, -000.087261, -000.079224, 0000.012851, -000.083337, -000.995187, 0000.051552, 0000.161509, -000.083341, -000.044590, -000.995523, 0001.018508,   051,  1,  0000.789452, -000.393369, 0000.471196, 0000.113847, -000.431538, 0000.190222, 0000.881811, -000.030202, -000.436509, -000.899487, -000.019583, 0000.602922,   073,  1,  -000.618493, -000.773266, 0000.139737, 0000.166818, -000.278169, 0000.381770, 0000.881404, 0000.058630, -000.734907, 0000.506272, -000.451220, 0000.930779,   080,  1,  0000.843606, -000.501637, 0000.191544, -000.113475, -000.526762, -000.703938, 0000.476438, 0000.037462, -000.104164, -000.502824, -000.858090, 0000.887746,   087,  1,  0000.548368, 0000.820345, 0000.162258, 0000.186239, 0000.211582, -000.323830, 0000.922154, -000.010517, 0000.809028, -000.471348, -000.351148, 0000.718829, 
0000000010, 1570657330.314645508,   019,  1,  0000.993023, -000.087229, -000.079349, 0000.012861, -000.083297, -000.995189, 0000.051589, 0000.161628, -000.083467, -000.044620, -000.995511, 0001.019315,   051,  1,  0000.789205, -000.393649, 0000.471377, 0000.113840, -000.431705, 0000.190309, 0000.881711, -000.030274, -000.436791, -000.899346, -000.019747, 0000.602938,   073,  1,  -000.618430, -000.773321, 0000.139714, 0000.166841, -000.278317, 0000.381802, 0000.881344, 0000.058518, -000.734904, 0000.506164, -000.451346, 0000.930859,   080,  1,  0000.843280, -000.502092, 0000.191788, -000.113482, -000.527274, -000.703628, 0000.476329, 0000.037475, -000.104213, -000.502803, -000.858096, 0000.887882,   087,  1,  0000.548445, 0000.820265, 0000.162398, 0000.186252, 0000.211486, -000.323968, 0000.922127, -000.010598, 0000.809000, -000.471392, -000.351153, 0000.718859, 
0000000011, 1570657330.325881359,   019,  1,  0000.993077, -000.086444, -000.079535, 0000.012841, -000.082531, -000.995270, 0000.051248, 0000.161313, -000.083589, -000.044329, -000.995514, 0001.017180,   051,  1,  0000.789305, -000.393549, 0000.471293, 0000.113844, -000.431620, 0000.190285, 0000.881757, -000.030343, -000.436695, -000.899395, -000.019671, 0000.602949,   073,  1,  -000.618525, -000.773263, 0000.139612, 0000.166841, -000.278350, 0000.381775, 0000.881345, 0000.058597, -000.734812, 0000.506273, -000.451375, 0000.930798,   080,  1,  0000.843497, -000.501823, 0000.191538, -000.113458, -000.526915, -000.703824, 0000.476436, 0000.037466, -000.104278, -000.502797, -000.858092, 0000.887678,   087,  1,  0000.548259, 0000.820428, 0000.162204, 0000.186249, 0000.211600, -000.323725, 0000.922186, -000.010589, 0000.809097, -000.471274, -000.351088, 0000.718853, 
0000000012, 1570657330.337117504,   019,  1,  0000.993081, -000.086691, -000.079218, 0000.012845, -000.082779, -000.995241, 0000.051405, 0000.161498, -000.083297, -000.044491, -000.995531, 0001.018366,   051,  1,  0000.789354, -000.393554, 0000.471206, 0000.113846, -000.431626, 0000.190072, 0000.881800, -000.030412, -000.436599, -000.899438, -000.019834, 0000.602961,   073,  1,  -000.618628, -000.773160, 0000.139725, 0000.166847, -000.278236, 0000.381898, 0000.881328, 0000.058595, -000.734768, 0000.506337, -000.451374, 0000.930794,   080,  1,  0000.843594, -000.501721, 0000.191379, -000.113490, -000.526718, -000.703784, 0000.476714, 0000.037486, -000.104488, -000.502956, -000.857973, 0000.887947,   087,  1,  0000.548344, 0000.820376, 0000.162177, 0000.186263, 0000.211681, -000.323785, 0000.922147, -000.010693, 0000.809018, -000.471324, -000.351204, 0000.718890, 
0000000013, 1570657330.348353461,   019,  1,  0000.993096, -000.086845, -000.078856, 0000.012858, -000.082926, -000.995214, 0000.051688, 0000.161479, -000.082967, -000.044792, -000.995545, 0001.018226,   051,  1,  0000.789299, -000.393606, 0000.471255, 0000.113848, -000.431688, 0000.190059, 0000.881773, -000.030337, -000.436637, -000.899418, -000.019902, 0000.602946,   073,  1,  -000.618771, -000.772996, 0000.139998, 0000.166879, -000.277730, 0000.381961, 0000.881460, 0000.058463, -000.734839, 0000.506540, -000.451031, 0000.930903,   080,  1,  0000.843589, -000.501767, 0000.191280, -000.113481, -000.526696, -000.703734, 0000.476812, 0000.037492, -000.104638, -000.502980, -000.857941, 0000.887908,   087,  1,  0000.548502, 0000.820259, 0000.162239, 0000.186246, 0000.211549, -000.323854, 0000.922153, -000.010553, 0000.808945, -000.471481, -000.351160, 0000.718837, 
0000000014, 1570657330.359589553,   019,  1,  0000.993158, -000.085855, -000.079162, 0000.012867, -000.081934, -000.995305, 0000.051525, 0000.161476, -000.083214, -000.044687, -000.995529, 0001.018162,   051,  1,  0000.789397, -000.393557, 0000.471132, 0000.113854, -000.431556, 0000.190047, 0000.881840, -000.030459, -000.436592, -000.899441, -000.019820, 0000.602968,   073,  1,  -000.618595, -000.773132, 0000.140025, 0000.166882, -000.277667, 0000.381825, 0000.881539, 0000.058469, -000.735011, 0000.506436, -000.450868, 0000.930910,   080,  1,  0000.843575, -000.501813, 0000.191217, -000.113466, -000.526711, -000.703762, 0000.476754, 0000.037491, -000.104670, -000.502894, -000.857987, 0000.887859,   087,  1,  0000.548572, 0000.820232, 0000.162138, 0000.186259, 0000.211537, -000.323768, 0000.922186, -000.010623, 0000.808901, -000.471587, -000.351119, 0000.718864, 
0000000015, 1570657330.370825406,   019,  1,  0000.993209, -000.085242, -000.079181, 0000.012877, -000.081357, -000.995376, 0000.051067, 0000.161568, -000.083168, -000.044278, -000.995551, 0001.018782,   051,  1,  0000.789407, -000.393427, 0000.471224, 0000.113869, -000.431632, 0000.190094, 0000.881792, -000.030650, -000.436498, -000.899488, -000.019754, 0000.603000,   073,  1,  -000.618598, -000.773123, 0000.140063, 0000.166874, -000.277664, 0000.381868, 0000.881521, 0000.058579, -000.735010, 0000.506417, -000.450891, 0000.930835,   080,  1,  0000.843691, -000.501681, 0000.191052, -000.113447, -000.526533, -000.703966, 0000.476649, 0000.037490, -000.104632, -000.502740, -000.858082, 0000.887726,   087,  1,  0000.548392, 0000.820339, 0000.162206, 0000.186277, 0000.211470, -000.323717, 0000.922219, -000.010701, 0000.809041, -000.471436, -000.351001, 0000.718892, 
0000000016, 1570657330.382061350,   019,  1,  0000.992990, -000.087967, -000.078947, 0000.012867, -000.084035, -000.995114, 0000.051828, 0000.161328, -000.083120, -000.044830, -000.995531, 0001.017211,   051,  1,  0000.789436, -000.393495, 0000.471117, 0000.113868, -000.431575, 0000.189970, 0000.881847, -000.030626, -000.436501, -000.899485, -000.019854, 0000.603005,   073,  1,  -000.618411, -000.773258, 0000.140142, 0000.166893, -000.277715, 0000.381862, 0000.881508, 0000.058523, -000.735148, 0000.506215, -000.450893, 0000.930893,   080,  1,  0000.843630, -000.501773, 0000.191084, -000.113457, -000.526608, -000.703815, 0000.476790, 0000.037491, -000.104752, -000.502861, -000.857997, 0000.887841,   087,  1,  0000.548473, 0000.820280, 0000.162230, 0000.186236, 0000.211479, -000.323789, 0000.922192, -000.010461, 0000.808983, -000.471489, -000.351062, 0000.718812, 
0000000017, 1570657330.393297303,   019,  1,  0000.993143, -000.085989, -000.079207, 0000.012877, -000.082045, -000.995283, 0000.051778, 0000.161461, -000.083285, -000.044925, -000.995513, 0001.017925,   051,  1,  0000.789580, -000.393171, 0000.471147, 0000.113842, -000.431575, 0000.190023, 0000.881836, -000.030118, -000.436241, -000.899615, -000.019644, 0000.602914,   073,  1,  -000.618454, -000.773231, 0000.140102, 0000.166895, -000.277831, 0000.381926, 0000.881443, 0000.058613, -000.735068, 0000.506208, -000.451031, 0000.930836,   080,  1,  0000.843792, -000.501610, 0000.190795, -000.113468, -000.526331, -000.704021, 0000.476793, 0000.037505, -000.104841, -000.502735, -000.858059, 0000.887947,   087,  1,  0000.548496, 0000.820271, 0000.162196, 0000.186283, 0000.211565, -000.323812, 0000.922164, -000.010705, 0000.808945, -000.471488, -000.351151, 0000.718897, 
0000000018, 1570657330.404533252,   019,  2,  0000.993122, -000.086292, -000.079140, 0000.012882, -000.082359, -000.995261, 0000.051692, 0000.161520, -000.083226, -000.044818, -000.995522, 0001.018315,   051,  1,  0000.789308, -000.393478, 0000.471347, 0000.113842, -000.431735, 0000.190167, 0000.881726, -000.030355, -000.436574, -000.899451, -000.019778, 0000.602960,   073,  1,  -000.618528, -000.773184, 0000.140037, 0000.166908, -000.277880, 0000.381938, 0000.881423, 0000.058563, -000.734987, 0000.506271, -000.451092, 0000.930880,   080,  1,  0000.843511, -000.501997, 0000.191018, -000.113420, -000.526765, -000.703707, 0000.476776, 0000.037493, -000.104920, -000.502788, -000.858019, 0000.887657,   087,  1,  0000.548373, 0000.820335, 0000.162288, 0000.186237, 0000.211473, -000.323802, 0000.922188, -000.010464, 0000.809053, -000.471384, -000.351043, 0000.718815, 
0000000019, 1570657330.415769125,   019,  2,  0000.993100, -000.086596, -000.079073, 0000.012886, -000.082673, -000.995240, 0000.051605, 0000.161579, -000.083166, -000.044712, -000.995532, 0001.018704,   051,  1,  0000.789429, -000.393363, 0000.471241, 0000.113836, -000.431679, 0000.190033, 0000.881783, -000.030387, -000.436412, -000.899529, -000.019789, 0000.602971,   073,  1,  -000.618591, -000.773109, 0000.140173, 0000.166906, -000.277672, 0000.381994, 0000.881464, 0000.058591, -000.735013, 0000.506343, -000.450968, 0000.930855,   080,  1,  0000.843732, -000.501722, 0000.190766, -000.113452, -000.526403, -000.703929, 0000.476849, 0000.037510, -000.104960, -000.502752, -000.858035, 0000.888016,   087,  1,  0000.548402, 0000.820322, 0000.162256, 0000.186252, 0000.211558, -000.323829, 0000.922159, -000.010599, 0000.809011, -000.471387, -000.351134, 0000.718865, 
0000000020, 1570657330.427005346,   019,  1,  0000.993079, -000.086899, -000.079007, 0000.012891, -000.082987, -000.995218, 0000.051519, 0000.161638, -000.083106, -000.044606, -000.995542, 0001.019094,   051,  1,  0000.789448, -000.393522, 0000.471076, 0000.113828, -000.431487, 0000.190057, 0000.881871, -000.030433, -000.436567, -000.899455, -000.019759, 0000.602988,   073,  1,  -000.618432, -000.773231, 0000.140200, 0000.166899, -000.277610, 0000.381871, 0000.881537, 0000.058598, -000.735170, 0000.506249, -000.450818, 0000.930853,   080,  1,  0000.843785, -000.501621, 0000.190797, -000.113395, -000.526328, -000.703954, 0000.476893, 0000.037500, -000.104907, -000.502817, -000.858003, 0000.887583,   087,  1,  0000.548504, 0000.820253, 0000.162260, 0000.186222, 0000.211396, -000.323790, 0000.922210, -000.010473, 0000.808984, -000.471535, -000.350998, 0000.718824, 
0000000021, 1570657330.438240987,   019,  1,  0000.993116, -000.086201, -000.079304, 0000.012913, -000.082293, -000.995287, 0000.051301, 0000.161607, -000.083352, -000.044422, -000.995530, 0001.018868,   051,  1,  0000.789548, -000.393324, 0000.471073, 0000.113811, -000.431474, 0000.190067, 0000.881876, -000.030449, -000.436398, -000.899539, -000.019642, 0000.602997,   073,  1,  -000.618579, -000.773104, 0000.140249, 0000.166904, -000.277515, 0000.381965, 0000.881526, 0000.058533, -000.735082, 0000.506373, -000.450823, 0000.930896,   080,  1,  0000.843686, -000.501829, 0000.190687, -000.113394, -000.526450, -000.703874, 0000.476876, 0000.037497, -000.105091, -000.502721, -000.858037, 0000.887635,   087,  1,  0000.548594, 0000.820177, 0000.162342, 0000.186228, 0000.211460, -000.323962, 0000.922135, -000.010555, 0000.808906, -000.471549, -000.351158, 0000.718856, 
0000000022, 1570657330.449477018,   019,  1,  0000.993109, -000.086574, -000.078991, 0000.012921, -000.082656, -000.995242, 0000.051589, 0000.161639, -000.083082, -000.044704, -000.995540, 0001.019029,   051,  1,  0000.789205, -000.393655, 0000.471371, 0000.113799, -000.431827, 0000.190044, 0000.881708, -000.030374, -000.436670, -000.899399, -000.020007, 0000.602988,   073,  1,  -000.618519, -000.773137, 0000.140335, 0000.166900, -000.277408, 0000.381946, 0000.881568, 0000.058581, -000.735173, 0000.506336, -000.450715, 0000.930860,   080,  1,  0000.843835, -000.501660, 0000.190472, -000.113417, -000.526214, -000.704106, 0000.476795, 0000.037516, -000.105077, -000.502565, -000.858130, 0000.887961,   087,  1,  0000.548506, 0000.820273, 0000.162155, 0000.186214, 0000.211538, -000.323755, 0000.922190, -000.010515, 0000.808946, -000.471524, -000.351101, 0000.718841, 
0000000023, 1570657330.460712900,   019,  1,  0000.993101, -000.086636, -000.079021, 0000.012936, -000.082714, -000.995235, 0000.051631, 0000.161546, -000.083118, -000.044739, -000.995535, 0001.018431,   051,  1,  0000.789410, -000.393454, 0000.471196, 0000.113784, -000.431654, 0000.189986, 0000.881805, -000.030242, -000.436470, -000.899499, -000.019859, 0000.602965,   073,  1,  -000.618670, -000.773033, 0000.140241, 0000.166898, -000.277377, 0000.381923, 0000.881588, 0000.058658, -000.735057, 0000.506512, -000.450706, 0000.930795,   080,  1,  0000.843808, -000.501705, 0000.190473, -000.113459, -000.526250, -000.704065, 0000.476817, 0000.037528, -000.105116, -000.502578, -000.858118, 0000.888410,   087,  1,  0000.548694, 0000.820129, 0000.162246, 0000.186225, 0000.211497, -000.323926, 0000.922139, -000.010608, 0000.808829, -000.471657, -000.351191, 0000.718875, 
0000000024, 1570657330.471948995,   019,  1,  0000.993033, -000.087610, -000.078799, 0000.012946, -000.083685, -000.995145, 0000.051809, 0000.161434, -000.082955, -000.044854, -000.995543, 0001.017761,   051,  1,  0000.789413, -000.393530, 0000.471127, 0000.113793, -000.431570, 0000.190006, 0000.881842, -000.030577, -000.436548, -000.899462, -000.019843, 0000.603022,   073,  1,  -000.618685, -000.773032, 0000.140183, 0000.166936, -000.277453, 0000.381920, 0000.881565, 0000.058496, -000.735016, 0000.506517, -000.450768, 0000.930912,   080,  1,  0000.843796, -000.501773, 0000.190350, -000.113371, -000.526260, -000.704134, 0000.476704, 0000.037502, -000.105165, -000.502414, -000.858208, 0000.887737,   087,  1,  0000.548680, 0000.820140, 0000.162237, 0000.186230, 0000.211445, -000.323878, 0000.922168, -000.010670, 0000.808852, -000.471671, -000.351120, 0000.718891, 
0000000025, 1570657330.483184773,   019,  1,  0000.993154, -000.085991, -000.079065, 0000.012947, -000.082077, -000.995295, 0000.051500, 0000.161678, -000.083122, -000.044658, -000.995538, 0001.019249,   051,  1,  0000.789221, -000.393866, 0000.471169, 0000.113787, -000.431662, 0000.189928, 0000.881814, -000.030405, -000.436804, -000.899332, -000.020122, 0000.602989,   073,  1,  -000.618754, -000.772976, 0000.140185, 0000.166939, -000.277595, 0000.382069, 0000.881456, 0000.058569, -000.734904, 0000.506490, -000.450981, 0000.930848,   080,  1,  0000.843753, -000.501834, 0000.190379, -000.113384, -000.526342, -000.704166, 0000.476565, 0000.037500, -000.105098, -000.502308, -000.858278, 0000.887752,   087,  1,  0000.548764, 0000.820092, 0000.162195, 0000.186205, 0000.211501, -000.323904, 0000.922146, -000.010493, 0000.808780, -000.471736, -000.351197, 0000.718819, 
0000000026, 1570657330.494420984,   019,  1,  0000.993069, -000.086760, -000.079286, 0000.012936, -000.082814, -000.995219, 0000.051769, 0000.161459, -000.083398, -000.044844, -000.995507, 0001.017861,   051,  1,  0000.789557, -000.393318, 0000.471064, 0000.113785, -000.431564, 0000.189862, 0000.881876, -000.030402, -000.436295, -000.899585, -000.019835, 0000.602981,   073,  1,  -000.618664, -000.773063, 0000.140102, 0000.166930, -000.277638, 0000.381940, 0000.881498, 0000.058707, -000.734964, 0000.506453, -000.450924, 0000.930737,   080,  1,  0000.843806, -000.501807, 0000.190213, -000.113374, -000.526235, -000.704228, 0000.476592, 0000.037499, -000.105204, -000.502248, -000.858300, 0000.887725,   087,  1,  0000.548682, 0000.820148, 0000.162190, 0000.186225, 0000.211490, -000.323853, 0000.922167, -000.010616, 0000.808839, -000.471675, -000.351145, 0000.718858, 
0000000027, 1570657330.505656357,   019,  1,  0000.993084, -000.086366, -000.079526, 0000.012935, -000.082401, -000.995249, 0000.051862, 0000.161511, -000.083627, -000.044950, -000.995483, 0001.018036,   051,  1,  0000.789422, -000.393475, 0000.471158, 0000.113792, -000.431680, 0000.189847, 0000.881822, -000.030441, -000.436423, -000.899520, -000.019985, 0000.602980,   073,  1,  -000.618661, -000.773066, 0000.140100, 0000.166964, -000.277651, 0000.381945, 0000.881492, 0000.058486, -000.734962, 0000.506446, -000.450937, 0000.930897,   080,  1,  0000.843873, -000.501703, 0000.190192, -000.113369, -000.526160, -000.704409, 0000.476407, 0000.037504, -000.105042, -000.502098, -000.858408, 0000.887703,   087,  1,  0000.548708, 0000.820140, 0000.162140, 0000.186222, 0000.211458, -000.323791, 0000.922196, -000.010565, 0000.808829, -000.471731, -000.351092, 0000.718834, 
0000000028, 1570657330.516892867,   019,  1,  0000.993069, -000.086851, -000.079185, 0000.012951, -000.082910, -000.995211, 0000.051777, 0000.161522, -000.083303, -000.044853, -000.995514, 0001.018166,   051,  1,  0000.789416, -000.393480, 0000.471165, 0000.113792, -000.431672, 0000.189880, 0000.881819, -000.030325, -000.436443, -000.899510, -000.019960, 0000.602952,   073,  1,  -000.618464, -000.773249, 0000.139960, 0000.166956, -000.277932, 0000.381841, 0000.881449, 0000.058576, -000.735021, 0000.506245, -000.451065, 0000.930819,   080,  1,  0000.843734, -000.501958, 0000.190135, -000.113433, -000.526354, -000.704311, 0000.476338, 0000.037524, -000.105188, -000.501981, -000.858458, 0000.888155,   087,  1,  0000.548597, 0000.820223, 0000.162096, 0000.186213, 0000.211488, -000.323704, 0000.922219, -000.010501, 0000.808897, -000.471645, -000.351050, 0000.718805, 
0000000029, 1570657330.528128633,   019,  1,  0000.993029, -000.087200, -000.079305, 0000.012925, -000.083260, -000.995185, 0000.051707, 0000.161678, -000.083432, -000.044744, -000.995508, 0001.019051,   051,  1,  0000.789311, -000.393707, 0000.471150, 0000.113795, -000.431629, 0000.189945, 0000.881826, -000.030431, -000.436674, -000.899397, -000.020010, 0000.602966,   073,  1,  -000.618906, -000.772881, 0000.140037, 0000.166918, -000.277807, 0000.382153, 0000.881353, 0000.058761, -000.734696, 0000.506571, -000.451229, 0000.930683,   080,  1,  0000.843953, -000.501650, 0000.189976, -000.113386, -000.526003, -000.704480, 0000.476476, 0000.037511, -000.105190, -000.502051, -000.858417, 0000.887764,   087,  1,  0000.548631, 0000.820192, 0000.162139, 0000.186245, 0000.211470, -000.323759, 0000.922204, -000.010659, 0000.808878, -000.471662, -000.351070, 0000.718860, 
0000000030, 1570657330.539364915,   019,  1,  0000.993143, -000.085784, -000.079425, 0000.012938, -000.081819, -000.995295, 0000.051908, 0000.161755, -000.083504, -000.045054, -000.995488, 0001.019439,   051,  1,  0000.789179, -000.393857, 0000.471247, 0000.113775, -000.431750, 0000.189925, 0000.881771, -000.030112, -000.436793, -000.899336, -000.020163, 0000.602903,   073,  1,  -000.618695, -000.773047, 0000.140051, 0000.166912, -000.277793, 0000.382011, 0000.881418, 0000.058783, -000.734879, 0000.506424, -000.451096, 0000.930672,   080,  1,  0000.844000, -000.501676, 0000.189697, -000.113418, -000.525892, -000.704581, 0000.476450, 0000.037521, -000.105367, -000.501883, -000.858493, 0000.887981,   087,  1,  0000.548706, 0000.820155, 0000.162070, 0000.186220, 0000.211563, -000.323772, 0000.922178, -000.010512, 0000.808803, -000.471717, -000.351170, 0000.718805, 
0000000031, 1570657330.550600539,   019,  1,  0000.993175, -000.085087, -000.079770, 0000.012904, -000.081111, -000.995356, 0000.051836, 0000.161467, -000.083810, -000.045012, -000.995465, 0001.017676,   051,  1,  0000.789427, -000.393525, 0000.471108, 0000.113790, -000.431598, 0000.189903, 0000.881850, -000.030305, -000.436495, -000.899486, -000.019930, 0000.602946,   073,  1,  -000.618854, -000.772926, 0000.140018, 0000.166909, -000.277674, 0000.382003, 0000.881460, 0000.058769, -000.734790, 0000.506616, -000.451025, 0000.930698,   080,  1,  0000.844148, -000.501497, 0000.189513, -000.113424, -000.525666, -000.704829, 0000.476331, 0000.037516, -000.105304, -000.501715, -000.858600, 0000.888061,   087,  1,  0000.548662, 0000.820181, 0000.162091, 0000.186202, 0000.211428, -000.323695, 0000.922236, -000.010412, 0000.808868, -000.471725, -000.351009, 0000.718772, 
0000000032, 1570657330.561836537,   019,  1,  0000.993129, -000.086122, -000.079233, 0000.012912, -000.082163, -000.995265, 0000.051937, 0000.161610, -000.083331, -000.045070, -000.995502, 0001.018490,   051,  1,  0000.789088, -000.393996, 0000.471283, 0000.113775, -000.431814, 0000.189885, 0000.881749, -000.030137, -000.436895, -000.899283, -000.020297, 0000.602914,   073,  1,  -000.618852, -000.772924, 0000.140037, 0000.166903, -000.277700, 0000.382041, 0000.881435, 0000.058762, -000.734782, 0000.506590, -000.451068, 0000.930716,   080,  1,  0000.844086, -000.501575, 0000.189581, -000.113422, -000.525771, -000.704785, 0000.476280, 0000.037521, -000.105276, -000.501697, -000.858613, 0000.888019,   087,  1,  0000.548642, 0000.820197, 0000.162075, 0000.186211, 0000.211563, -000.323746, 0000.922187, -000.010497, 0000.808847, -000.471662, -000.351144, 0000.718804, 
0000000033, 1570657330.573072494,   019,  1,  0000.993126, -000.086002, -000.079397, 0000.012889, -000.082056, -000.995286, 0000.051688, 0000.161545, -000.083468, -000.044818, -000.995502, 0001.018006,   051,  1,  0000.789433, -000.393453, 0000.471158, 0000.113765, -000.431649, 0000.189910, 0000.881824, -000.030134, -000.436434, -000.899516, -000.019912, 0000.602923,   073,  1,  -000.618736, -000.773008, 0000.140085, 0000.166920, -000.277630, 0000.381967, 0000.881489, 0000.058657, -000.734906, 0000.506517, -000.450947, 0000.930807,   080,  1,  0000.844035, -000.501694, 0000.189494, -000.113387, -000.525835, -000.704779, 0000.476219, 0000.037500, -000.105365, -000.501588, -000.858666, 0000.887702,   087,  1,  0000.548690, 0000.820179, 0000.162009, 0000.186209, 0000.211613, -000.323724, 0000.922184, -000.010513, 0000.808801, -000.471709, -000.351184, 0000.718819, 
0000000034, 1570657330.584308663,   019,  2,  0000.993100, -000.086272, -000.079436, 0000.012884, -000.082292, -000.995246, 0000.052089, 0000.161548, -000.083553, -000.045192, -000.995478, 0001.018031,   051,  1,  0000.789409, -000.393555, 0000.471114, 0000.113782, -000.431657, 0000.189797, 0000.881844, -000.030465, -000.436470, -000.899495, -000.020053, 0000.603000,   073,  1,  -000.618643, -000.773077, 0000.140115, 0000.166922, -000.277647, 0000.381947, 0000.881492, 0000.058627, -000.734978, 0000.506426, -000.450932, 0000.930845,   080,  1,  0000.844135, -000.501606, 0000.189280, -000.113421, -000.525663, -000.704937, 0000.476174, 0000.037512, -000.105421, -000.501452, -000.858739, 0000.888004,   087,  1,  0000.548689, 0000.820195, 0000.161930, 0000.186204, 0000.211505, -000.323572, 0000.922262, -000.010519, 0000.808830, -000.471786, -000.351015, 0000.718832, 
0000000035, 1570657330.595544459,   019,  1,  0000.993073, -000.086543, -000.079476, 0000.012880, -000.082528, -000.995206, 0000.052489, 0000.161551, -000.083637, -000.045567, -000.995454, 0001.018055,   051,  1,  0000.789395, -000.393507, 0000.471178, 0000.113773, -000.431699, 0000.189855, 0000.881811, -000.030450, -000.436454, -000.899504, -000.020006, 0000.603006,   073,  1,  -000.618803, -000.772910, 0000.140333, 0000.166916, -000.277471, 0000.382186, 0000.881444, 0000.058707, -000.734910, 0000.506502, -000.450958, 0000.930787,   080,  1,  0000.844075, -000.501703, 0000.189291, -000.113383, -000.525742, -000.704836, 0000.476237, 0000.037503, -000.105510, -000.501498, -000.858701, 0000.887726,   087,  1,  0000.549056, 0000.819951, 0000.161921, 0000.186213, 0000.211540, -000.323762, 0000.922187, -000.010615, 0000.808572, -000.472079, -000.351216, 0000.718873, 
0000000036, 1570657330.606780265,   019,  1,  0000.993157, -000.085552, -000.079500, 0000.012904, -000.081561, -000.995302, 0000.052172, 0000.161828, -000.083590, -000.045330, -000.995469, 0001.019739,   051,  1,  0000.789217, -000.393726, 0000.471293, 0000.113765, -000.431774, 0000.189976, 0000.881748, -000.030361, -000.436701, -000.899383, -000.020068, 0000.602997,   073,  1,  -000.618333, -000.773307, 0000.140216, 0000.166925, -000.277611, 0000.381821, 0000.881558, 0000.058574, -000.735252, 0000.506171, -000.450771, 0000.930892,   080,  1,  0000.844078, -000.501736, 0000.189192, -000.113392, -000.525733, -000.704909, 0000.476139, 0000.037500, -000.105533, -000.501363, -000.858777, 0000.887810,   087,  1,  0000.548674, 0000.820199, 0000.161956, 0000.186190, 0000.211388, -000.323527, 0000.922304, -000.010546, 0000.808871, -000.471809, -000.350891, 0000.718858, 
0000000037, 1570657330.618016321,   019,  1,  0000.993084, -000.086580, -000.079293, 0000.012866, -000.082599, -000.995216, 0000.052178, 0000.161443, -000.083432, -000.045267, -000.995485, 0001.017339,   051,  1,  0000.789328, -000.393605, 0000.471207, 0000.113745, -000.431714, 0000.189898, 0000.881795, -000.030184, -000.436560, -000.899452, -000.020033, 0000.602979,   073,  1,  -000.618485, -000.773167, 0000.140316, 0000.166914, -000.277594, 0000.382030, 0000.881473, 0000.058654, -000.735131, 0000.506227, -000.450906, 0000.930826,   080,  1,  0000.844066, -000.501817, 0000.189029, -000.113422, -000.525743, -000.705019, 0000.475965, 0000.037514, -000.105578, -000.501127, -000.858909, 0000.887917,   087,  1,  0000.548545, 0000.820301, 0000.161879, 0000.186189, 0000.211461, -000.323419, 0000.922326, -000.010569, 0000.808939, -000.471706, -000.350871, 0000.718872, 
0000000038, 1570657330.629252286,   019,  1,  0000.993271, -000.084043, -000.079686, 0000.012883, -000.080029, -000.995420, 0000.052289, 0000.161591, -000.083716, -000.045560, -000.995448, 0001.018279,   051,  1,  0000.789152, -000.393878, 0000.471274, 0000.113753, -000.431852, 0000.189781, 0000.881752, -000.030369, -000.436742, -000.899357, -000.020331, 0000.603019,   073,  2,  -000.618505, -000.773154, 0000.140299, 0000.166908, -000.277685, 0000.382086, 0000.881420, 0000.058683, -000.735080, 0000.506204, -000.451016, 0000.930800,   080,  1,  0000.844267, -000.501561, 0000.188810, -000.113435, -000.525405, -000.705172, 0000.476111, 0000.037528, -000.105655, -000.501167, -000.858876, 0000.888043,   087,  1,  0000.548727, 0000.820186, 0000.161842, 0000.186189, 0000.211463, -000.323468, 0000.922308, -000.010610, 0000.808815, -000.471872, -000.350935, 0000.718890, 
0000000039, 1570657330.640488060,   019,  1,  0000.993149, -000.085948, -000.079177, 0000.012857, -000.081950, -000.995256, 0000.052435, 0000.161486, -000.083308, -000.045587, -000.995481, 0001.017665,   051,  1,  0000.789474, -000.393408, 0000.471127, 0000.113747, -000.431623, 0000.189888, 0000.881841, -000.030367, -000.436385, -000.899540, -000.019892, 0000.603008,   073,  1,  -000.618525, -000.773142, 0000.140281, 0000.166902, -000.277776, 0000.382142, 0000.881367, 0000.058711, -000.735029, 0000.506181, -000.451125, 0000.930775,   080,  1,  0000.844358, -000.501538, 0000.188466, -000.113397, -000.525215, -000.705300, 0000.476131, 0000.037519, -000.105873, -000.501010, -000.858941, 0000.887747,   087,  1,  0000.548752, 0000.820158, 0000.161901, 0000.186179, 0000.211502, -000.323569, 0000.922264, -000.010587, 0000.808788, -000.471851, -000.351024, 0000.718883, 
0000000040, 1570657330.651724430,   019,  1,  0000.993177, -000.085678, -000.079111, 0000.012881, -000.081697, -000.995286, 0000.052265, 0000.161537, -000.083216, -000.045445, -000.995495, 0001.017925,   051,  1,  0000.789435, -000.393433, 0000.471172, 0000.113740, -000.431700, 0000.189836, 0000.881815, -000.030327, -000.436380, -000.899540, -000.019982, 0000.602995,   073,  1,  -000.618729, -000.772952, 0000.140427, 0000.166895, -000.277589, 0000.382322, 0000.881348, 0000.058701, -000.734928, 0000.506335, -000.451117, 0000.930779,   080,  1,  0000.844445, -000.501481, 0000.188227, -000.113430, -000.525046, -000.705398, 0000.476173, 0000.037533, -000.106016, -000.500930, -000.858970, 0000.887885,   087,  1,  0000.548716, 0000.820187, 0000.161877, 0000.186163, 0000.211462, -000.323501, 0000.922296, -000.010512, 0000.808823, -000.471848, -000.350949, 0000.718848, 
0000000041, 1570657330.662960203,   019,  1,  0000.993190, -000.085058, -000.079616, 0000.012853, -000.081061, -000.995344, 0000.052154, 0000.161564, -000.083681, -000.045345, -000.995460, 0001.017969,   051,  1,  0000.789471, -000.393389, 0000.471148, 0000.113725, -000.431686, 0000.189805, 0000.881828, -000.030192, -000.436328, -000.899566, -000.019975, 0000.602962,   073,  1,  -000.618694, -000.772971, 0000.140472, 0000.166891, -000.277604, 0000.382361, 0000.881326, 0000.058786, -000.734951, 0000.506276, -000.451145, 0000.930702,   080,  1,  0000.844323, -000.501653, 0000.188317, -000.113460, -000.525229, -000.705236, 0000.476211, 0000.037556, -000.106085, -000.500985, -000.858929, 0000.888052,   087,  1,  0000.548671, 0000.820185, 0000.162039, 0000.186192, 0000.211380, -000.323613, 0000.922276, -000.010683, 0000.808875, -000.471774, -000.350928, 0000.718898, 
0000000042, 1570657330.674195892,   019,  1,  0000.993104, -000.086508, -000.079126, 0000.012845, -000.082511, -000.995208, 0000.052469, 0000.161570, -000.083286, -000.045578, -000.995483, 0001.017985,   051,  1,  0000.789484, -000.393337, 0000.471169, 0000.113729, -000.431700, 0000.189824, 0000.881817, -000.030139, -000.436291, -000.899585, -000.019941, 0000.602944,   073,  1,  -000.618784, -000.772911, 0000.140411, 0000.166922, -000.277754, 0000.382457, 0000.881237, 0000.058566, -000.734819, 0000.506296, -000.451337, 0000.930859,   080,  1,  0000.844550, -000.501412, 0000.187941, -000.113409, -000.524838, -000.705494, 0000.476259, 0000.037546, -000.106211, -000.500863, -000.858985, 0000.887602,   087,  1,  0000.548563, 0000.820283, 0000.161906, 0000.186164, 0000.211422, -000.323436, 0000.922329, -000.010498, 0000.808937, -000.471725, -000.350851, 0000.718821, 
0000000043, 1570657330.685432099,   019,  2,  0000.993099, -000.086313, -000.079395, 0000.012843, -000.082300, -000.995223, 0000.052508, 0000.161648, -000.083547, -000.045611, -000.995459, 0001.018390,   051,  1,  0000.789387, -000.393497, 0000.471199, 0000.113739, -000.431691, 0000.189919, 0000.881801, -000.030277, -000.436476, -000.899495, -000.019949, 0000.602958,   073,  1,  -000.618946, -000.772807, 0000.140265, 0000.166889, -000.277823, 0000.382451, 0000.881218, 0000.058801, -000.734656, 0000.506458, -000.451420, 0000.930666,   080,  1,  0000.844528, -000.501474, 0000.187875, -000.113407, -000.524871, -000.705544, 0000.476149, 0000.037548, -000.106222, -000.500731, -000.859061, 0000.887570,   087,  1,  0000.548577, 0000.820290, 0000.161825, 0000.186168, 0000.211403, -000.323340, 0000.922366, -000.010485, 0000.808933, -000.471779, -000.350789, 0000.718809, 
