% Measurements merged on 10/09/19 15:14:44 Central Daylight Time
% Original files:
%    1: C:\Users\Al\Desktop\Nayo\KACEY\STROKE\RTIS2001\RTIS2001_00000010_Series2s24.hts  (Series2s24)
%    2: C:\Users\Al\Desktop\Nayo\KACEY\STROKE\RTIS2001\RTIS2001_00000010_Series2s25.hts  (Series2s25)
% Merge host: Al-PC
% System: MERGED
% nSharedImages: 10
%
% Interpolated markers have status set to 2
%
% EMB001 (Marker properties) Series:1024, ID:235, Size:20, Thickness:000.640, tPu:[-000.308 +071.949 -004.887]
% EMB001 (Marker properties) Series:2031, ID:051, Size:35, Thickness:001.844, tPu:[+000.000 +000.000 +000.000]
% EMB001 (Marker properties) Series:2032, ID:073, Size:44, Thickness:002.200, tPu:[+000.000 +000.000 +000.000]
% EMB001 (Marker properties) Series:2032, ID:087, Size:44, Thickness:002.251, tPu:[+000.000 +000.000 +000.000]
%
% ImageNumber,             FrameTime,           Marker,  ST, HT(1, 1),    HT(1, 2),    HT(1, 3),    HT(1, 4),    HT(2, 1),    HT(2, 2),    HT(2, 3),    HT(2, 4),    HT(3, 1),    HT(3, 2),    HT(3, 3),    HT(3, 4)
%
0000000000, 1570652489.853971779,   051,  1,  0000.411602, -000.893461, 0000.179754, -000.011512, -000.340756, 0000.032058, 0000.939605, -000.145380, -000.845263, -000.447996, -000.291257, 0000.459597,   073,  1,  -000.768769, -000.600169, 0000.220889, 0000.194977, -000.178062, 0000.532610, 0000.827418, -000.076596, -000.614238, 0000.596761, -000.516322, 0000.656943,   087,  1,  0000.935533, 0000.352741, 0000.018777, 0000.108493, 0000.063808, -000.221033, 0000.973177, -000.132300, 0000.347430, -000.909240, -000.229291, 0000.514488,   235,  1,  -000.033170, -000.943708, -000.329111, -000.017864, -000.475467, -000.274743, 0000.835732, 0000.036671, -000.879108, 0000.184202, -000.439589, 0000.697339, 
0000000001, 1570652489.865207070,   051,  1,  0000.411480, -000.893513, 0000.179772, -000.011513, -000.340645, 0000.032179, 0000.939641, -000.145359, -000.845367, -000.447882, -000.291130, 0000.459554,   073,  1,  -000.768826, -000.600109, 0000.220853, 0000.194983, -000.177996, 0000.532563, 0000.827463, -000.076564, -000.614186, 0000.596864, -000.516265, 0000.656955,   087,  1,  0000.935414, 0000.353051, 0000.018834, 0000.108493, 0000.063814, -000.220991, 0000.973186, -000.132278, 0000.347746, -000.909130, -000.229248, 0000.514492,   235,  1,  -000.032888, -000.943687, -000.329201, -000.017964, -000.476149, -000.274804, 0000.835323, 0000.036346, -000.878750, 0000.184221, -000.440297, 0000.697467, 
0000000002, 1570652489.876443068,   051,  1,  0000.411508, -000.893539, 0000.179582, -000.011510, -000.340802, 0000.031886, 0000.939594, -000.145357, -000.845290, -000.447852, -000.291399, 0000.459563,   073,  1,  -000.768847, -000.600068, 0000.220891, 0000.194992, -000.177935, 0000.532579, 0000.827465, -000.076605, -000.614177, 0000.596890, -000.516245, 0000.656980,   087,  1,  0000.935538, 0000.352730, 0000.018728, 0000.108486, 0000.063818, -000.220936, 0000.973198, -000.132432, 0000.347414, -000.909268, -000.229204, 0000.514488,   235,  1,  -000.032536, -000.943673, -000.329277, -000.017973, -000.476786, -000.274895, 0000.834930, 0000.036333, -000.878417, 0000.184160, -000.440986, 0000.697513, 
0000000003, 1570652489.887679185,   051,  1,  0000.411753, -000.893394, 0000.179739, -000.011518, -000.340788, 0000.031970, 0000.939597, -000.145363, -000.845176, -000.448135, -000.291294, 0000.459621,   073,  1,  -000.768810, -000.600050, 0000.221068, 0000.194994, -000.177789, 0000.532640, 0000.827457, -000.076573, -000.614266, 0000.596854, -000.516181, 0000.656990,   087,  1,  0000.935443, 0000.352974, 0000.018882, 0000.108492, 0000.063735, -000.220969, 0000.973196, -000.132255, 0000.347685, -000.909166, -000.229200, 0000.514498,   235,  1,  -000.032305, -000.943556, -000.329633, -000.017906, -000.476966, -000.275275, 0000.834702, 0000.036585, -000.878328, 0000.184189, -000.441152, 0000.697501, 
0000000004, 1570652489.898915198,   051,  1,  0000.411560, -000.893453, 0000.179889, -000.011518, -000.340775, 0000.032204, 0000.939593, -000.145297, -000.845275, -000.448001, -000.291213, 0000.459433,   073,  1,  -000.769008, -000.599872, 0000.220862, 0000.194984, -000.177830, 0000.532625, 0000.827458, -000.076506, -000.614006, 0000.597046, -000.516268, 0000.656994,   087,  1,  0000.935551, 0000.352694, 0000.018749, 0000.108493, 0000.063789, -000.220941, 0000.973199, -000.132178, 0000.347384, -000.909281, -000.229200, 0000.514507,   235,  1,  -000.032413, -000.943598, -000.329504, -000.017863, -000.476931, -000.275120, 0000.834773, 0000.036739, -000.878343, 0000.184208, -000.441113, 0000.697521, 
0000000005, 1570652489.910151057,   051,  1,  0000.411772, -000.893420, 0000.179569, -000.011527, -000.340520, 0000.031926, 0000.939695, -000.145342, -000.845275, -000.448087, -000.291081, 0000.459583,   073,  1,  -000.769182, -000.599663, 0000.220826, 0000.194982, -000.177769, 0000.532716, 0000.827413, -000.076547, -000.613806, 0000.597175, -000.516357, 0000.657017,   087,  1,  0000.935459, 0000.352939, 0000.018729, 0000.108486, 0000.063864, -000.220916, 0000.973200, -000.132250, 0000.347618, -000.909192, -000.229198, 0000.514513,   235,  1,  -000.031681, -000.943608, -000.329545, -000.017869, -000.476848, -000.275499, 0000.834696, 0000.036739, -000.878415, 0000.183587, -000.441229, 0000.697580, 
0000000006, 1570652489.921387240,   051,  1,  0000.411983, -000.893305, 0000.179658, -000.011518, -000.340741, 0000.031826, 0000.939618, -000.145332, -000.845083, -000.448323, -000.291274, 0000.459562,   073,  1,  -000.769145, -000.599644, 0000.221004, 0000.194972, -000.177573, 0000.532729, 0000.827446, -000.076482, -000.613909, 0000.597182, -000.516227, 0000.657031,   087,  1,  0000.935448, 0000.352969, 0000.018695, 0000.108480, 0000.063881, -000.220848, 0000.973214, -000.132278, 0000.347643, -000.909197, -000.229140, 0000.514521,   235,  1,  -000.031879, -000.943578, -000.329612, -000.017875, -000.476868, -000.275465, 0000.834695, 0000.036785, -000.878397, 0000.183791, -000.441180, 0000.697622, 
0000000007, 1570652489.932623110,   051,  1,  0000.412013, -000.893307, 0000.179578, -000.011522, -000.340539, 0000.031838, 0000.939691, -000.145385, -000.845150, -000.448318, -000.291088, 0000.459729,   073,  1,  -000.769142, -000.599634, 0000.221040, 0000.194963, -000.177508, 0000.532712, 0000.827471, -000.076409, -000.613931, 0000.597207, -000.516171, 0000.657045,   087,  1,  0000.935402, 0000.353081, 0000.018876, 0000.108482, 0000.063746, -000.220908, 0000.973209, -000.132070, 0000.347791, -000.909139, -000.229145, 0000.514545,   235,  1,  -000.031380, -000.943540, -000.329769, -000.017944, -000.477804, -000.275630, 0000.834105, 0000.036616, -000.877906, 0000.183740, -000.442178, 0000.697710, 
0000000008, 1570652489.943859299,   051,  1,  0000.411911, -000.893354, 0000.179576, -000.011518, -000.340533, 0000.031876, 0000.939692, -000.145351, -000.845202, -000.448221, -000.291087, 0000.459637,   073,  1,  -000.769072, -000.599660, 0000.221214, 0000.194964, -000.177382, 0000.532749, 0000.827475, -000.076509, -000.614055, 0000.597149, -000.516091, 0000.657091,   087,  1,  0000.935482, 0000.352873, 0000.018819, 0000.108471, 0000.063705, -000.220789, 0000.973239, -000.132126, 0000.347585, -000.909249, -000.229024, 0000.514558,   235,  1,  -000.031357, -000.943339, -000.330344, -000.017940, -000.478207, -000.276065, 0000.833730, 0000.036736, -000.877687, 0000.184116, -000.442455, 0000.697723, 
0000000009, 1570652489.955094914,   051,  1,  0000.412079, -000.893259, 0000.179665, -000.011516, -000.340683, 0000.031829, 0000.939639, -000.145338, -000.845059, -000.448415, -000.291202, 0000.459621,   073,  1,  -000.769153, -000.599558, 0000.221209, 0000.194964, -000.177313, 0000.532768, 0000.827477, -000.076547, -000.613974, 0000.597233, -000.516090, 0000.657126,   087,  1,  0000.935433, 0000.353006, 0000.018782, 0000.108467, 0000.063779, -000.220791, 0000.973234, -000.132142, 0000.347704, -000.909196, -000.229050, 0000.514571,   235,  1,  -000.031015, -000.943331, -000.330401, -000.017858, -000.478831, -000.276137, 0000.833348, 0000.037081, -000.877359, 0000.184052, -000.443132, 0000.697683, 
