% Measurements merged on 10/09/19 16:36:55 Central Daylight Time
% Original files:
%    1: C:\Users\Al\Desktop\Nayo\KACEY\STROKE\RTIS2001\RTIS2001_00000003_Series2s24.hts  (Series2s24)
%    2: C:\Users\Al\Desktop\Nayo\KACEY\STROKE\RTIS2001\RTIS2001_00000003_Series2s25.hts  (Series2s25)
% Merge host: Al-PC
% System: MERGED
% nSharedImages: 1000
%
% Interpolated markers have status set to 2
%
% EMB001 (Marker properties) Series:2031, ID:019, Size:35, Thickness:001.846, tPu:[+000.000 +000.000 +000.000]
% EMB001 (Marker properties) Series:2031, ID:051, Size:35, Thickness:001.844, tPu:[+000.000 +000.000 +000.000]
% EMB001 (Marker properties) Series:2032, ID:073, Size:44, Thickness:002.200, tPu:[+000.000 +000.000 +000.000]
% EMB001 (Marker properties) Series:2032, ID:080, Size:44, Thickness:002.203, tPu:[+000.000 +000.000 +000.000]
% EMB001 (Marker properties) Series:2032, ID:087, Size:44, Thickness:002.251, tPu:[+000.000 +000.000 +000.000]
%
% ImageNumber,             FrameTime,           Marker,  ST, HT(1, 1),    HT(1, 2),    HT(1, 3),    HT(1, 4),    HT(2, 1),    HT(2, 2),    HT(2, 3),    HT(2, 4),    HT(3, 1),    HT(3, 2),    HT(3, 3),    HT(3, 4)
%
0000000000, 1570657409.258465513,   019,  0,  0000.000000, 0000.000000, 0000.000000, 0000.000000, 0000.000000, 0000.000000, 0000.000000, 0000.000000, 0000.000000, 0000.000000, 0000.000000, 0000.000000,   051,  1,  0000.847719, -000.334300, 0000.411845, 0000.085902, -000.343740, 0000.245127, 0000.906507, 0000.024675, -000.404000, -000.910031, 0000.092887, 0000.528602,   073,  1,  -000.729482, -000.666845, -000.152229, 0000.118196, -000.391990, 0000.225186, 0000.891984, 0000.112392, -000.560536, 0000.710358, -000.425665, 0000.896762,   080,  1,  0000.877368, -000.472353, 0000.084312, -000.123707, -000.435517, -000.710223, 0000.553090, 0000.056548, -000.201373, -000.521982, -000.828845, 0000.890203,   087,  1,  0000.485735, 0000.862089, 0000.144441, 0000.149272, 0000.277608, -000.308834, 0000.909701, 0000.051317, 0000.828852, -000.401776, -000.389334, 0000.649273, 
0000000001, 1570657409.269701633,   019,  0,  0000.000000, 0000.000000, 0000.000000, 0000.000000, 0000.000000, 0000.000000, 0000.000000, 0000.000000, 0000.000000, 0000.000000, 0000.000000, 0000.000000,   051,  1,  0000.847867, -000.337401, 0000.409001, 0000.084493, -000.339185, 0000.247745, 0000.907511, 0000.025195, -000.407523, -000.908176, 0000.095613, 0000.526782,   073,  1,  -000.734188, -000.660821, -000.155835, 0000.117373, -000.391684, 0000.224765, 0000.892224, 0000.112552, -000.554574, 0000.716098, -000.423853, 0000.896065,   080,  2,  0000.877168, -000.473065, 0000.082380, -000.124042, -000.434434, -000.708743, 0000.555833, 0000.056882, -000.204559, -000.523348, -000.827202, 0000.890842,   087,  1,  0000.484785, 0000.862538, 0000.144955, 0000.147993, 0000.278151, -000.309167, 0000.909422, 0000.051868, 0000.829226, -000.400555, -000.389795, 0000.647619, 
0000000002, 1570657409.280937613,   019,  0,  0000.000000, 0000.000000, 0000.000000, 0000.000000, 0000.000000, 0000.000000, 0000.000000, 0000.000000, 0000.000000, 0000.000000, 0000.000000, 0000.000000,   051,  1,  0000.847747, -000.340081, 0000.407026, 0000.083106, -000.334971, 0000.251713, 0000.907984, 0000.026039, -000.411242, -000.906082, 0000.099472, 0000.525166,   073,  1,  -000.738956, -000.654479, -000.160005, 0000.116459, -000.392601, 0000.225278, 0000.891692, 0000.112877, -000.547548, 0000.721739, -000.423420, 0000.895278,   080,  1,  0000.876961, -000.473780, 0000.080450, -000.124376, -000.433340, -000.707259, 0000.558570, 0000.057215, -000.207740, -000.524707, -000.825546, 0000.891480,   087,  1,  0000.483874, 0000.862961, 0000.145481, 0000.146715, 0000.279692, -000.310012, 0000.908661, 0000.052420, 0000.829240, -000.398987, -000.391370, 0000.646031, 
0000000003, 1570657409.292173606,   019,  0,  0000.000000, 0000.000000, 0000.000000, 0000.000000, 0000.000000, 0000.000000, 0000.000000, 0000.000000, 0000.000000, 0000.000000, 0000.000000, 0000.000000,   051,  1,  0000.846993, -000.344657, 0000.404739, 0000.081758, -000.329988, 0000.256043, 0000.908598, 0000.026511, -000.416786, -000.903135, 0000.103134, 0000.523825,   073,  1,  -000.743131, -000.648917, -000.163289, 0000.115552, -000.393638, 0000.226609, 0000.890897, 0000.113026, -000.541116, 0000.726330, -000.423838, 0000.894730,   080,  1,  0000.876319, -000.475070, 0000.079833, -000.124774, -000.433487, -000.705369, 0000.560841, 0000.057556, -000.210127, -000.526083, -000.824065, 0000.891977,   087,  1,  0000.482726, 0000.863606, 0000.145467, 0000.145460, 0000.280778, -000.309949, 0000.908348, 0000.052836, 0000.829542, -000.397639, -000.392102, 0000.644539, 
0000000004, 1570657409.303409557,   019,  0,  0000.000000, 0000.000000, 0000.000000, 0000.000000, 0000.000000, 0000.000000, 0000.000000, 0000.000000, 0000.000000, 0000.000000, 0000.000000, 0000.000000,   051,  1,  0000.846610, -000.348179, 0000.402521, 0000.080385, -000.325479, 0000.259678, 0000.909192, 0000.027059, -000.421088, -000.900743, 0000.106521, 0000.522593,   073,  1,  -000.745117, -000.645039, -000.169487, 0000.114637, -000.397826, 0000.225903, 0000.889215, 0000.113209, -000.535290, 0000.729995, -000.424937, 0000.894334,   080,  1,  0000.876093, -000.475658, 0000.078808, -000.125099, -000.432857, -000.703967, 0000.563085, 0000.057833, -000.212358, -000.527427, -000.822633, 0000.891628,   087,  1,  0000.481844, 0000.864188, 0000.144932, 0000.144171, 0000.281295, -000.309195, 0000.908444, 0000.053069, 0000.829879, -000.396960, -000.392076, 0000.643188, 
0000000005, 1570657409.314645480,   019,  0,  0000.000000, 0000.000000, 0000.000000, 0000.000000, 0000.000000, 0000.000000, 0000.000000, 0000.000000, 0000.000000, 0000.000000, 0000.000000, 0000.000000,   051,  1,  0000.846945, -000.351032, 0000.399326, 0000.078891, -000.320873, 0000.261398, 0000.910336, 0000.027342, -000.423940, -000.899137, 0000.108753, 0000.521364,   073,  1,  -000.746569, -000.640993, -000.178223, 0000.113637, -000.403379, 0000.223077, 0000.887424, 0000.113559, -000.529075, 0000.734415, -000.425106, 0000.893927,   080,  1,  0000.875712, -000.476522, 0000.077815, -000.125515, -000.432494, -000.702507, 0000.565185, 0000.058140, -000.214657, -000.528593, -000.821286, 0000.891875,   087,  1,  0000.481108, 0000.864653, 0000.144606, 0000.142752, 0000.281561, -000.308615, 0000.908559, 0000.053448, 0000.830216, -000.396400, -000.391930, 0000.641927, 
0000000006, 1570657409.325881789,   019,  0,  0000.000000, 0000.000000, 0000.000000, 0000.000000, 0000.000000, 0000.000000, 0000.000000, 0000.000000, 0000.000000, 0000.000000, 0000.000000, 0000.000000,   051,  1,  0000.848425, -000.352692, 0000.394693, 0000.077311, -000.315513, 0000.261740, 0000.912109, 0000.027371, -000.425001, -000.898388, 0000.110788, 0000.520185,   073,  1,  -000.749466, -000.636351, -000.182641, 0000.112548, -000.403661, 0000.220570, 0000.887923, 0000.113729, -000.524745, 0000.739193, -000.422180, 0000.893613,   080,  1,  0000.875198, -000.477569, 0000.077178, -000.125954, -000.432424, -000.700770, 0000.567390, 0000.058437, -000.216884, -000.529952, -000.819824, 0000.891989,   087,  1,  0000.480626, 0000.864852, 0000.145019, 0000.141313, 0000.281506, -000.308783, 0000.908519, 0000.053580, 0000.830514, -000.395834, -000.391870, 0000.640871, 
0000000007, 1570657409.337118202,   019,  0,  0000.000000, 0000.000000, 0000.000000, 0000.000000, 0000.000000, 0000.000000, 0000.000000, 0000.000000, 0000.000000, 0000.000000, 0000.000000, 0000.000000,   051,  1,  0000.849422, -000.354487, 0000.390924, 0000.075810, -000.310949, 0000.262313, 0000.913511, 0000.027359, -000.426372, -000.897514, 0000.112587, 0000.519017,   073,  1,  -000.754927, -000.630651, -000.179901, 0000.111418, -000.397293, 0000.221544, 0000.890548, 0000.113716, -000.521769, 0000.743773, -000.417803, 0000.893294,   080,  2,  0000.874645, -000.478566, 0000.077274, -000.126508, -000.432754, -000.698986, 0000.569336, 0000.058731, -000.218452, -000.531407, -000.818465, 0000.892539,   087,  1,  0000.479769, 0000.865323, 0000.145045, 0000.139901, 0000.281949, -000.308596, 0000.908445, 0000.053731, 0000.830859, -000.394949, -000.392032, 0000.639857, 
0000000008, 1570657409.348353271,   019,  0,  0000.000000, 0000.000000, 0000.000000, 0000.000000, 0000.000000, 0000.000000, 0000.000000, 0000.000000, 0000.000000, 0000.000000, 0000.000000, 0000.000000,   051,  1,  0000.850578, -000.355518, 0000.387459, 0000.074442, -000.306283, 0000.263992, 0000.914603, 0000.027058, -000.427444, -000.896613, 0000.115657, 0000.517910,   073,  1,  -000.760674, -000.624935, -000.175587, 0000.110283, -000.390772, 0000.224856, 0000.892601, 0000.113561, -000.518336, 0000.747593, -000.415249, 0000.892940,   080,  1,  0000.874090, -000.479562, 0000.077372, -000.127061, -000.433079, -000.697197, 0000.571278, 0000.059025, -000.220019, -000.532857, -000.817101, 0000.893088,   087,  1,  0000.478118, 0000.866337, 0000.144439, 0000.138580, 0000.282968, -000.307628, 0000.908457, 0000.053338, 0000.831464, -000.393478, -000.392228, 0000.638951, 
0000000009, 1570657409.359589270,   019,  0,  0000.000000, 0000.000000, 0000.000000, 0000.000000, 0000.000000, 0000.000000, 0000.000000, 0000.000000, 0000.000000, 0000.000000, 0000.000000, 0000.000000,   051,  1,  0000.850825, -000.357175, 0000.385386, 0000.073194, -000.302787, 0000.266156, 0000.915140, 0000.026649, -000.429438, -000.895314, 0000.118304, 0000.516858,   073,  1,  -000.765410, -000.619273, -000.175068, 0000.109187, -000.389201, 0000.228796, 0000.892286, 0000.113452, -000.512514, 0000.751101, -000.416145, 0000.892455,   080,  1,  0000.873457, -000.480617, 0000.077969, -000.127550, -000.433845, -000.695547, 0000.572707, 0000.059262, -000.221022, -000.534061, -000.816044, 0000.893112,   087,  1,  0000.476065, 0000.867830, 0000.142246, 0000.137253, 0000.285265, -000.305398, 0000.908491, 0000.052867, 0000.831857, -000.391923, -000.392951, 0000.637942, 
0000000010, 1570657409.370825385,   019,  0,  0000.000000, 0000.000000, 0000.000000, 0000.000000, 0000.000000, 0000.000000, 0000.000000, 0000.000000, 0000.000000, 0000.000000, 0000.000000, 0000.000000,   051,  1,  0000.850646, -000.359358, 0000.383750, 0000.071934, -000.298938, 0000.269833, 0000.915328, 0000.025921, -000.432479, -000.893338, 0000.122106, 0000.515836,   073,  1,  -000.768801, -000.613958, -000.178890, 0000.108193, -000.392098, 0000.231578, 0000.890298, 0000.113247, -000.505178, 0000.754604, -000.418769, 0000.891983,   080,  1,  0000.872758, -000.481854, 0000.078173, -000.128125, -000.434687, -000.694266, 0000.573621, 0000.059526, -000.222129, -000.534613, -000.815382, 0000.893671,   087,  1,  0000.475051, 0000.868839, 0000.139447, 0000.135919, 0000.288226, -000.303363, 0000.908238, 0000.052356, 0000.831416, -000.391267, -000.394535, 0000.636835, 
0000000011, 1570657409.382061174,   019,  0,  0000.000000, 0000.000000, 0000.000000, 0000.000000, 0000.000000, 0000.000000, 0000.000000, 0000.000000, 0000.000000, 0000.000000, 0000.000000, 0000.000000,   051,  1,  0000.849840, -000.361642, 0000.383389, 0000.070678, -000.296663, 0000.273014, 0000.915126, 0000.025236, -000.435618, -000.891447, 0000.124732, 0000.514677,   073,  1,  -000.771335, -000.609440, -000.183374, 0000.107261, -000.394303, 0000.231450, 0000.889357, 0000.112997, -000.499567, 0000.758297, -000.418830, 0000.891502,   080,  1,  0000.872348, -000.482646, 0000.077857, -000.128645, -000.434868, -000.693291, 0000.574663, 0000.059772, -000.223381, -000.535163, -000.814679, 0000.894064,   087,  1,  0000.474830, 0000.869209, 0000.137883, 0000.134563, 0000.291041, -000.302943, 0000.907480, 0000.051858, 0000.830561, -000.390770, -000.396822, 0000.635521, 
0000000012, 1570657409.393297213,   019,  0,  0000.000000, 0000.000000, 0000.000000, 0000.000000, 0000.000000, 0000.000000, 0000.000000, 0000.000000, 0000.000000, 0000.000000, 0000.000000, 0000.000000,   051,  1,  0000.851241, -000.362454, 0000.379495, 0000.069224, -000.292141, 0000.273435, 0000.916454, 0000.024331, -000.435939, -000.890989, 0000.126871, 0000.513346,   073,  1,  -000.775040, -000.604726, -000.183359, 0000.106303, -000.390799, 0000.230672, 0000.891104, 0000.112803, -000.496578, 0000.762297, -000.415106, 0000.890892,   080,  1,  0000.871851, -000.483676, 0000.077024, -000.129078, -000.434916, -000.692252, 0000.575878, 0000.059963, -000.225219, -000.535579, -000.813899, 0000.894000,   087,  1,  0000.473484, 0000.870056, 0000.137169, 0000.133093, 0000.292006, -000.301980, 0000.907491, 0000.050877, 0000.830991, -000.389628, -000.397044, 0000.634243, 
0000000013, 1570657409.404533206,   019,  0,  0000.000000, 0000.000000, 0000.000000, 0000.000000, 0000.000000, 0000.000000, 0000.000000, 0000.000000, 0000.000000, 0000.000000, 0000.000000, 0000.000000,   051,  1,  0000.853154, -000.360738, 0000.376823, 0000.067885, -000.289511, 0000.273475, 0000.917276, 0000.023280, -000.433948, -000.891672, 0000.128879, 0000.511675,   073,  1,  -000.780344, -000.598944, -000.179804, 0000.105267, -000.384366, 0000.232576, 0000.893404, 0000.112277, -000.493281, 0000.766273, -000.411703, 0000.890273,   080,  1,  0000.871575, -000.484276, 0000.076381, -000.129553, -000.434744, -000.691425, 0000.577000, 0000.060157, -000.226616, -000.536105, -000.813165, 0000.894269,   087,  1,  0000.472631, 0000.870559, 0000.136918, 0000.131574, 0000.292575, -000.301560, 0000.907448, 0000.049914, 0000.831276, -000.388829, -000.397230, 0000.632836, 
0000000014, 1570657409.415769206,   019,  0,  0000.000000, 0000.000000, 0000.000000, 0000.000000, 0000.000000, 0000.000000, 0000.000000, 0000.000000, 0000.000000, 0000.000000, 0000.000000, 0000.000000,   051,  1,  0000.855280, -000.360093, 0000.372599, 0000.066725, -000.285387, 0000.272827, 0000.918760, 0000.021497, -000.432494, -000.892131, 0000.130578, 0000.509960,   073,  1,  -000.786625, -000.591522, -000.176982, 0000.104130, -000.380307, 0000.238378, 0000.893612, 0000.111751, -000.486402, 0000.770245, -000.412474, 0000.889305,   080,  2,  0000.871079, -000.485218, 0000.076065, -000.129989, -000.435027, -000.690354, 0000.578069, 0000.060298, -000.227977, -000.536634, -000.812435, 0000.894272,   087,  1,  0000.469523, 0000.872146, 0000.137512, 0000.130165, 0000.293111, -000.300884, 0000.907499, 0000.048506, 0000.832847, -000.385785, -000.396908, 0000.631280, 
0000000015, 1570657409.427004946,   019,  0,  0000.000000, 0000.000000, 0000.000000, 0000.000000, 0000.000000, 0000.000000, 0000.000000, 0000.000000, 0000.000000, 0000.000000, 0000.000000, 0000.000000,   051,  1,  0000.857160, -000.358713, 0000.369596, 0000.065691, -000.282316, 0000.272963, 0000.919668, 0000.020075, -000.430783, -000.892646, 0000.132703, 0000.508220,   073,  1,  -000.792324, -000.584123, -000.176135, 0000.102978, -000.379043, 0000.245073, 0000.892337, 0000.110949, -000.478069, 0000.773783, -000.415585, 0000.888332,   080,  1,  0000.870581, -000.486159, 0000.075751, -000.130424, -000.435308, -000.689281, 0000.579137, 0000.060439, -000.229339, -000.537160, -000.811704, 0000.894274,   087,  1,  0000.466502, 0000.873865, 0000.136880, 0000.128755, 0000.294701, -000.299464, 0000.907454, 0000.046913, 0000.833983, -000.382990, -000.397229, 0000.629569, 
0000000016, 1570657409.438241079,   019,  0,  0000.000000, 0000.000000, 0000.000000, 0000.000000, 0000.000000, 0000.000000, 0000.000000, 0000.000000, 0000.000000, 0000.000000, 0000.000000, 0000.000000,   051,  1,  0000.857251, -000.358823, 0000.369278, 0000.064786, -000.281231, 0000.274467, 0000.919553, 0000.018393, -000.431311, -000.892140, 0000.134375, 0000.506438,   073,  1,  -000.796377, -000.577835, -000.178578, 0000.101877, -000.380446, 0000.249089, 0000.890626, 0000.110366, -000.470153, 0000.777214, -000.418204, 0000.887147,   080,  1,  0000.869779, -000.487677, 0000.075199, -000.130790, -000.435990, -000.688168, 0000.579946, 0000.060540, -000.231077, -000.537211, -000.811177, 0000.894049,   087,  1,  0000.464453, 0000.874932, 0000.137033, 0000.127471, 0000.297154, -000.299730, 0000.906566, 0000.045196, 0000.834256, -000.380338, -000.399200, 0000.627688, 
0000000017, 1570657409.449476922,   019,  0,  0000.000000, 0000.000000, 0000.000000, 0000.000000, 0000.000000, 0000.000000, 0000.000000, 0000.000000, 0000.000000, 0000.000000, 0000.000000, 0000.000000,   051,  1,  0000.856359, -000.360711, 0000.369509, 0000.063798, -000.280197, 0000.276476, 0000.919266, 0000.016452, -000.433750, -000.890757, 0000.135693, 0000.504685,   073,  1,  -000.800284, -000.571711, -000.180807, 0000.100921, -000.381079, 0000.252126, 0000.889501, 0000.109647, -000.462951, 0000.780755, -000.419640, 0000.885977,   080,  1,  0000.868859, -000.489433, 0000.074421, -000.131179, -000.436744, -000.687019, 0000.580740, 0000.060627, -000.233105, -000.537085, -000.810680, 0000.893941,   087,  1,  0000.463071, 0000.875772, 0000.136341, 0000.126206, 0000.299481, -000.299386, 0000.905913, 0000.043556, 0000.834192, -000.378670, -000.400914, 0000.625746, 
0000000018, 1570657409.460713071,   019,  0,  0000.000000, 0000.000000, 0000.000000, 0000.000000, 0000.000000, 0000.000000, 0000.000000, 0000.000000, 0000.000000, 0000.000000, 0000.000000, 0000.000000,   051,  1,  0000.856487, -000.361415, 0000.368522, 0000.062691, -000.278505, 0000.277536, 0000.919461, 0000.014535, -000.434585, -000.890142, 0000.137050, 0000.502854,   073,  1,  -000.804631, -000.566316, -000.178482, 0000.100083, -000.376919, 0000.254885, 0000.890486, 0000.108837, -000.458804, 0000.783786, -000.418544, 0000.884786,   080,  1,  0000.867801, -000.491377, 0000.073957, -000.131573, -000.437847, -000.685755, 0000.581404, 0000.060699, -000.234972, -000.536925, -000.810247, 0000.893976,   087,  1,  0000.462456, 0000.876322, 0000.134884, 0000.124852, 0000.300149, -000.297877, 0000.906190, 0000.041701, 0000.834293, -000.378588, -000.400782, 0000.623930, 
0000000019, 1570657409.471948857,   019,  0,  0000.000000, 0000.000000, 0000.000000, 0000.000000, 0000.000000, 0000.000000, 0000.000000, 0000.000000, 0000.000000, 0000.000000, 0000.000000, 0000.000000,   051,  1,  0000.856903, -000.362624, 0000.366363, 0000.061568, -000.276143, 0000.277216, 0000.920270, 0000.012698, -000.435274, -000.889750, 0000.137411, 0000.500923,   073,  1,  -000.809329, -000.560884, -000.174342, 0000.099278, -000.371107, 0000.258239, 0000.891960, 0000.108079, -000.455264, 0000.786589, -000.417148, 0000.883488,   080,  1,  0000.866553, -000.493638, 0000.073533, -000.131832, -000.439160, -000.684185, 0000.582262, 0000.060716, -000.237116, -000.536854, -000.809669, 0000.893403,   087,  1,  0000.462013, 0000.876656, 0000.134233, 0000.123516, 0000.300958, -000.297351, 0000.906094, 0000.039946, 0000.834247, -000.378229, -000.401217, 0000.622084, 
0000000020, 1570657409.483184780,   019,  1,  0000.979648, 0000.080383, -000.183925, -000.013637, 0000.127847, -000.956282, 0000.263022, 0000.192266, -000.154741, -000.281183, -000.947096, 0001.025798,   051,  1,  0000.858250, -000.362786, 0000.363034, 0000.060483, -000.272983, 0000.276312, 0000.921484, 0000.010563, -000.434612, -000.889965, 0000.138110, 0000.499018,   073,  1,  -000.813345, -000.555088, -000.174205, 0000.098479, -000.370023, 0000.262500, 0000.891166, 0000.107225, -000.448947, 0000.789285, -000.418898, 0000.882186,   080,  1,  0000.865737, -000.495289, 0000.072023, -000.132192, -000.439413, -000.683271, 0000.583144, 0000.060780, -000.239614, -000.536497, -000.809170, 0000.893774,   087,  1,  0000.460513, 0000.877615, 0000.133120, 0000.122218, 0000.302464, -000.296136, 0000.905991, 0000.038181, 0000.834532, -000.376956, -000.401821, 0000.620252, 
0000000021, 1570657409.494420805,   019,  0,  0000.000000, 0000.000000, 0000.000000, 0000.000000, 0000.000000, 0000.000000, 0000.000000, 0000.000000, 0000.000000, 0000.000000, 0000.000000, 0000.000000,   051,  1,  0000.859713, -000.362246, 0000.360098, 0000.059498, -000.270770, 0000.274571, 0000.922656, 0000.008293, -000.433101, -000.890724, 0000.137967, 0000.497180,   073,  1,  -000.816606, -000.549733, -000.175919, 0000.097689, -000.371289, 0000.266947, 0000.889316, 0000.106204, -000.441926, 0000.791538, -000.422101, 0000.880994,   080,  1,  0000.864442, -000.497655, 0000.071269, -000.132409, -000.440723, -000.681959, 0000.583691, 0000.060774, -000.241874, -000.535977, -000.808842, 0000.893281,   087,  1,  0000.458717, 0000.878660, 0000.132425, 0000.120939, 0000.304896, -000.295622, 0000.905343, 0000.036263, 0000.834636, -000.374920, -000.403506, 0000.618482, 
0000000022, 1570657409.505656918,   019,  0,  0000.000000, 0000.000000, 0000.000000, 0000.000000, 0000.000000, 0000.000000, 0000.000000, 0000.000000, 0000.000000, 0000.000000, 0000.000000, 0000.000000,   051,  1,  0000.860120, -000.362666, 0000.358701, 0000.058526, -000.269257, 0000.274455, 0000.923133, 0000.005725, -000.433236, -000.890588, 0000.138414, 0000.495648,   073,  1,  -000.820965, -000.543626, -000.174605, 0000.096879, -000.368323, 0000.270547, 0000.889462, 0000.105291, -000.436296, 0000.794528, -000.422339, 0000.879774,   080,  1,  0000.863590, -000.499261, 0000.070358, -000.132731, -000.441345, -000.681076, 0000.584251, 0000.060802, -000.243775, -000.535606, -000.808517, 0000.893528,   087,  1,  0000.457267, 0000.879400, 0000.132521, 0000.119759, 0000.307838, -000.296315, 0000.904120, 0000.034217, 0000.834352, -000.372629, -000.406208, 0000.616842, 
0000000023, 1570657409.516892672,   019,  0,  0000.000000, 0000.000000, 0000.000000, 0000.000000, 0000.000000, 0000.000000, 0000.000000, 0000.000000, 0000.000000, 0000.000000, 0000.000000, 0000.000000,   051,  1,  0000.859274, -000.363640, 0000.359743, 0000.057511, -000.269144, 0000.276644, 0000.922513, 0000.003601, -000.434983, -000.889514, 0000.139841, 0000.494471,   073,  1,  -000.824948, -000.538358, -000.172140, 0000.096125, -000.364950, 0000.274794, 0000.889550, 0000.104431, -000.431594, 0000.796655, -000.423164, 0000.878573,   080,  1,  0000.862796, -000.500683, 0000.069996, -000.132929, -000.442113, -000.680110, 0000.584796, 0000.060781, -000.245192, -000.535506, -000.808155, 0000.893302,   087,  1,  0000.456860, 0000.879705, 0000.131899, 0000.118553, 0000.309755, -000.296327, 0000.903461, 0000.032112, 0000.833865, -000.371899, -000.407874, 0000.615385, 
0000000024, 1570657409.528128794,   019,  0,  0000.000000, 0000.000000, 0000.000000, 0000.000000, 0000.000000, 0000.000000, 0000.000000, 0000.000000, 0000.000000, 0000.000000, 0000.000000, 0000.000000,   051,  1,  0000.857660, -000.366237, 0000.360956, 0000.056339, -000.269001, 0000.278693, 0000.921937, 0000.001729, -000.438244, -000.887807, 0000.140506, 0000.493478,   073,  1,  -000.827199, -000.534293, -000.173988, 0000.095474, -000.367322, 0000.279850, 0000.886994, 0000.103549, -000.425224, 0000.797631, -000.427750, 0000.877482,   080,  2,  0000.862049, -000.501892, 0000.070544, -000.133038, -000.443157, -000.678878, 0000.585437, 0000.060728, -000.245935, -000.535937, -000.807643, 0000.892928,   087,  1,  0000.457925, 0000.879461, 0000.129817, 0000.117267, 0000.311557, -000.295531, 0000.903102, 0000.030334, 0000.832608, -000.373108, -000.409334, 0000.614021, 
0000000025, 1570657409.539364728,   019,  0,  0000.000000, 0000.000000, 0000.000000, 0000.000000, 0000.000000, 0000.000000, 0000.000000, 0000.000000, 0000.000000, 0000.000000, 0000.000000, 0000.000000,   051,  1,  0000.856331, -000.370151, 0000.360120, 0000.055005, -000.266817, 0000.279934, 0000.922196, 0000.000026, -000.442161, -000.885791, 0000.140954, 0000.492500,   073,  1,  -000.828151, -000.530321, -000.181456, 0000.094936, -000.374821, 0000.283275, 0000.882760, 0000.102682, -000.416744, 0000.799071, -000.433370, 0000.876494,   080,  1,  0000.861300, -000.503099, 0000.071093, -000.133146, -000.444199, -000.677644, 0000.586077, 0000.060676, -000.246679, -000.536368, -000.807130, 0000.892555,   087,  1,  0000.459072, 0000.879169, 0000.127730, 0000.115945, 0000.312835, -000.294542, 0000.902983, 0000.028567, 0000.831497, -000.374576, -000.410251, 0000.612794, 
0000000026, 1570657409.550600291,   019,  0,  0000.000000, 0000.000000, 0000.000000, 0000.000000, 0000.000000, 0000.000000, 0000.000000, 0000.000000, 0000.000000, 0000.000000, 0000.000000, 0000.000000,   051,  1,  0000.856316, -000.372879, 0000.357330, 0000.053531, -000.263915, 0000.278791, 0000.923377, -000.002144, -000.443928, -000.885007, 0000.140324, 0000.491510,   073,  1,  -000.830669, -000.524912, -000.185626, 0000.094462, -000.377523, 0000.285969, 0000.880737, 0000.101679, -000.409226, 0000.801679, -000.435712, 0000.875680,   080,  1,  0000.860472, -000.504409, 0000.071827, -000.133287, -000.445447, -000.676356, 0000.586617, 0000.060640, -000.247315, -000.536763, -000.806673, 0000.892656,   087,  1,  0000.460245, 0000.878864, 0000.125592, 0000.114572, 0000.314620, -000.293748, 0000.902622, 0000.026933, 0000.830174, -000.375913, -000.411704, 0000.611682, 
0000000027, 1570657409.561836406,   019,  0,  0000.000000, 0000.000000, 0000.000000, 0000.000000, 0000.000000, 0000.000000, 0000.000000, 0000.000000, 0000.000000, 0000.000000, 0000.000000, 0000.000000,   051,  1,  0000.856434, -000.374538, 0000.355306, 0000.052051, -000.262721, 0000.276258, 0000.924478, -000.003963, -000.444409, -000.885100, 0000.138198, 0000.490585,   073,  1,  -000.835744, -000.519179, -000.178842, 0000.093978, -000.368638, 0000.289079, 0000.883481, 0000.101058, -000.406986, 0000.804292, -000.432986, 0000.874686,   080,  1,  0000.859822, -000.505469, 0000.072159, -000.133397, -000.446382, -000.675537, 0000.586850, 0000.060610, -000.247888, -000.536797, -000.806474, 0000.892834,   087,  1,  0000.461507, 0000.878484, 0000.123597, 0000.113206, 0000.316216, -000.293068, 0000.902285, 0000.025264, 0000.828866, -000.377328, -000.413044, 0000.610730, 
0000000028, 1570657409.573072986,   019,  0,  0000.000000, 0000.000000, 0000.000000, 0000.000000, 0000.000000, 0000.000000, 0000.000000, 0000.000000, 0000.000000, 0000.000000, 0000.000000, 0000.000000,   051,  1,  0000.855896, -000.376613, 0000.354407, 0000.050594, -000.262099, 0000.274873, 0000.925067, -000.005794, -000.445809, -000.884651, 0000.136552, 0000.489860,   073,  1,  -000.840589, -000.514100, -000.170618, 0000.093498, -000.359326, 0000.293531, 0000.885847, 0000.100164, -000.405333, 0000.805941, -000.431468, 0000.874008,   080,  2,  0000.859087, -000.506681, 0000.072409, -000.133391, -000.447395, -000.674668, 0000.587079, 0000.060557, -000.248609, -000.536747, -000.806285, 0000.892614,   087,  1,  0000.462536, 0000.878108, 0000.122422, 0000.111898, 0000.317841, -000.293130, 0000.901694, 0000.023631, 0000.827670, -000.378155, -000.414682, 0000.609934, 
0000000029, 1570657409.584308448,   019,  0,  0000.000000, 0000.000000, 0000.000000, 0000.000000, 0000.000000, 0000.000000, 0000.000000, 0000.000000, 0000.000000, 0000.000000, 0000.000000, 0000.000000,   051,  1,  0000.854758, -000.378497, 0000.355146, 0000.049146, -000.262408, 0000.275222, 0000.924876, -000.007749, -000.447807, -000.883738, 0000.135928, 0000.489439,   073,  1,  -000.843782, -000.509490, -000.168678, 0000.093048, -000.357887, 0000.299948, 0000.884278, 0000.099474, -000.399936, 0000.806506, -000.435431, 0000.873304,   080,  1,  0000.858351, -000.507892, 0000.072660, -000.133386, -000.448406, -000.673797, 0000.587307, 0000.060504, -000.249330, -000.536697, -000.806096, 0000.892394,   087,  1,  0000.464060, 0000.877404, 0000.121699, 0000.110649, 0000.319599, -000.293979, 0000.900796, 0000.022014, 0000.826139, -000.379128, -000.416841, 0000.609264, 
0000000030, 1570657409.595544500,   019,  1,  0000.975275, 0000.051519, -000.214905, -000.013200, 0000.110945, -000.955162, 0000.274510, 0000.191208, -000.191127, -000.291566, -000.937262, 0001.022617,   051,  1,  0000.852908, -000.381002, 0000.356912, 0000.047650, -000.263229, 0000.276546, 0000.924247, -000.009205, -000.450843, -000.882247, 0000.135578, 0000.489234,   073,  1,  -000.845279, -000.505583, -000.172887, 0000.092654, -000.362643, 0000.305194, 0000.880538, 0000.098723, -000.392421, 0000.806996, -000.441320, 0000.872771,   080,  2,  0000.857838, -000.508763, 0000.072632, -000.133386, -000.448911, -000.673000, 0000.587835, 0000.060490, -000.250187, -000.536872, -000.805714, 0000.892356,   087,  1,  0000.466296, 0000.876203, 0000.121801, 0000.109401, 0000.320591, -000.295703, 0000.899878, 0000.020475, 0000.824493, -000.380562, -000.418788, 0000.608739, 
0000000031, 1570657409.606780319,   019,  2,  0000.975510, 0000.047702, -000.214719, -000.013043, 0000.107288, -000.955387, 0000.275183, 0000.191071, -000.192013, -000.291481, -000.937107, 0001.022443,   051,  1,  0000.850780, -000.384101, 0000.358663, 0000.046106, -000.263667, 0000.278384, 0000.923570, -000.010459, -000.454591, -000.880323, 0000.135569, 0000.489160,   073,  1,  -000.846478, -000.501347, -000.179237, 0000.092348, -000.367901, 0000.307423, 0000.877576, 0000.097760, -000.384869, 0000.808791, -000.444673, 0000.872523,   080,  1,  0000.857323, -000.509633, 0000.072605, -000.133386, -000.449415, -000.672202, 0000.588362, 0000.060476, -000.251043, -000.537046, -000.805331, 0000.892318,   087,  1,  0000.469055, 0000.874734, 0000.121769, 0000.108153, 0000.320981, -000.297295, 0000.899215, 0000.019098, 0000.822775, -000.382696, -000.420220, 0000.608329, 
0000000032, 1570657409.618016317,   019,  1,  0000.975731, 0000.043884, -000.214530, -000.012886, 0000.103630, -000.955597, 0000.275855, 0000.190933, -000.192899, -000.291392, -000.936953, 0001.022269,   051,  1,  0000.848893, -000.387831, 0000.359121, 0000.044441, -000.263056, 0000.279317, 0000.923463, -000.011640, -000.458456, -000.878390, 0000.135089, 0000.489109,   073,  1,  -000.849203, -000.497014, -000.178413, 0000.092121, -000.365444, 0000.309238, 0000.877965, 0000.097227, -000.381189, 0000.810770, -000.444237, 0000.872086,   080,  2,  0000.856715, -000.510555, 0000.073304, -000.133387, -000.450418, -000.671289, 0000.588638, 0000.060494, -000.251324, -000.537312, -000.805067, 0000.892526,   087,  1,  0000.471701, 0000.873324, 0000.121667, 0000.106884, 0000.320828, -000.298511, 0000.898866, 0000.018057, 0000.821321, -000.384962, -000.420995, 0000.607999, 
0000000033, 1570657409.629252158,   019,  1,  0000.975497, 0000.044117, -000.215544, -000.012658, 0000.104107, -000.955628, 0000.275567, 0000.190387, -000.193822, -000.291255, -000.936805, 0001.019761,   051,  1,  0000.847444, -000.390677, 0000.359458, 0000.042732, -000.263220, 0000.278801, 0000.923572, -000.012503, -000.461036, -000.877292, 0000.133434, 0000.488989,   073,  1,  -000.852005, -000.493905, -000.173624, 0000.091988, -000.359528, 0000.310917, 0000.879813, 0000.096699, -000.380562, 0000.812027, -000.442476, 0000.871761,   080,  1,  0000.856105, -000.511476, 0000.074003, -000.133388, -000.451419, -000.670375, 0000.588912, 0000.060511, -000.251605, -000.537577, -000.804802, 0000.892734,   087,  1,  0000.474539, 0000.871774, 0000.121750, 0000.105587, 0000.320813, -000.300091, 0000.898345, 0000.017160, 0000.819690, -000.387241, -000.422081, 0000.607748, 
0000000034, 1570657409.640488290,   019,  0,  0000.000000, 0000.000000, 0000.000000, 0000.000000, 0000.000000, 0000.000000, 0000.000000, 0000.000000, 0000.000000, 0000.000000, 0000.000000, 0000.000000,   051,  1,  0000.846463, -000.392184, 0000.360128, 0000.041044, -000.264114, 0000.278018, 0000.923553, -000.013381, -000.462324, -000.876868, 0000.131750, 0000.488857,   073,  1,  -000.854741, -000.490534, -000.169686, 0000.091857, -000.354953, 0000.313869, 0000.880622, 0000.096319, -000.378716, 0000.812935, -000.442393, 0000.871386,   080,  1,  0000.855633, -000.512222, 0000.074300, -000.133400, -000.452105, -000.669762, 0000.589083, 0000.060548, -000.251978, -000.537631, -000.804649, 0000.893070,   087,  1,  0000.477267, 0000.870290, 0000.121701, 0000.104338, 0000.321920, -000.302020, 0000.897302, 0000.016258, 0000.817670, -000.389075, -000.424308, 0000.607575, 
0000000035, 1570657409.651724197,   019,  0,  0000.000000, 0000.000000, 0000.000000, 0000.000000, 0000.000000, 0000.000000, 0000.000000, 0000.000000, 0000.000000, 0000.000000, 0000.000000, 0000.000000,   051,  1,  0000.845738, -000.393176, 0000.360750, 0000.039386, -000.264691, 0000.277904, 0000.923422, -000.014363, -000.463321, -000.876460, 0000.130964, 0000.488759,   073,  1,  -000.856259, -000.487489, -000.170805, 0000.091608, -000.355380, 0000.315991, 0000.879690, 0000.095921, -000.374866, 0000.813944, -000.443814, 0000.871066,   080,  1,  0000.855071, -000.513152, 0000.074353, -000.133336, -000.452714, -000.668941, 0000.589549, 0000.060526, -000.252790, -000.537767, -000.804303, 0000.892820,   087,  1,  0000.479056, 0000.869490, 0000.120385, 0000.103096, 0000.323646, -000.302446, 0000.896537, 0000.015286, 0000.815940, -000.390530, -000.426296, 0000.607446, 
0000000036, 1570657409.662960226,   019,  0,  0000.000000, 0000.000000, 0000.000000, 0000.000000, 0000.000000, 0000.000000, 0000.000000, 0000.000000, 0000.000000, 0000.000000, 0000.000000, 0000.000000,   051,  1,  0000.843882, -000.395717, 0000.362312, 0000.037740, -000.265476, 0000.278862, 0000.922908, -000.015539, -000.466246, -000.875011, 0000.130273, 0000.488747,   073,  1,  -000.857522, -000.483115, -000.176792, 0000.091167, -000.359822, 0000.317641, 0000.877287, 0000.095552, -000.367674, 0000.815907, -000.446220, 0000.870777,   080,  1,  0000.854711, -000.513690, 0000.074780, -000.133395, -000.453200, -000.668167, 0000.590053, 0000.060549, -000.253138, -000.538215, -000.803894, 0000.893269,   087,  1,  0000.481101, 0000.868466, 0000.119620, 0000.101820, 0000.325358, -000.303585, 0000.895532, 0000.014522, 0000.814054, -000.391922, -000.428617, 0000.607323, 
0000000037, 1570657409.674196027,   019,  0,  0000.000000, 0000.000000, 0000.000000, 0000.000000, 0000.000000, 0000.000000, 0000.000000, 0000.000000, 0000.000000, 0000.000000, 0000.000000, 0000.000000,   051,  1,  0000.842164, -000.397550, 0000.364299, 0000.036160, -000.266180, 0000.281050, 0000.922041, -000.016302, -000.468944, -000.873478, 0000.130870, 0000.488817,   073,  1,  -000.859148, -000.478844, -000.180483, 0000.090589, -000.362289, 0000.320081, 0000.875382, 0000.095036, -000.361402, 0000.817470, -000.448477, 0000.870659,   080,  1,  0000.854360, -000.514234, 0000.075048, -000.133430, -000.453666, -000.667572, 0000.590368, 0000.060533, -000.253488, -000.538434, -000.803637, 0000.893332,   087,  1,  0000.483309, 0000.867197, 0000.119924, 0000.100567, 0000.326316, -000.305564, 0000.894510, 0000.013731, 0000.812361, -000.393192, -000.430662, 0000.607174, 
0000000038, 1570657409.685431960,   019,  0,  0000.000000, 0000.000000, 0000.000000, 0000.000000, 0000.000000, 0000.000000, 0000.000000, 0000.000000, 0000.000000, 0000.000000, 0000.000000, 0000.000000,   051,  1,  0000.840494, -000.399525, 0000.365991, 0000.034668, -000.266646, 0000.283021, 0000.921303, -000.016670, -000.471667, -000.871940, 0000.131346, 0000.488817,   073,  1,  -000.862046, -000.474398, -000.178390, 0000.089980, -000.359575, 0000.324401, 0000.874911, 0000.094758, -000.357187, 0000.818358, -000.450230, 0000.870426,   080,  1,  0000.853847, -000.515079, 0000.075097, -000.133452, -000.454267, -000.666927, 0000.590635, 0000.060501, -000.254140, -000.538426, -000.803437, 0000.893169,   087,  1,  0000.484856, 0000.866255, 0000.120487, 0000.099332, 0000.326255, -000.306964, 0000.894053, 0000.012956, 0000.811463, -000.394177, -000.431454, 0000.606949, 
0000000039, 1570657409.696668416,   019,  0,  0000.000000, 0000.000000, 0000.000000, 0000.000000, 0000.000000, 0000.000000, 0000.000000, 0000.000000, 0000.000000, 0000.000000, 0000.000000, 0000.000000,   051,  1,  0000.839376, -000.400877, 0000.367077, 0000.033176, -000.267357, 0000.283495, 0000.920951, -000.017268, -000.473252, -000.871165, 0000.130781, 0000.488656,   073,  1,  -000.864729, -000.470277, -000.176306, 0000.089383, -000.356704, 0000.327948, 0000.874764, 0000.094406, -000.353562, 0000.819323, -000.451335, 0000.870231,   080,  2,  0000.853570, -000.515588, 0000.074753, -000.133545, -000.454406, -000.666612, 0000.590884, 0000.060497, -000.254822, -000.538329, -000.803286, 0000.893394,   087,  1,  0000.486395, 0000.865422, 0000.120267, 0000.098058, 0000.325872, -000.307396, 0000.894044, 0000.012421, 0000.810695, -000.395667, -000.431533, 0000.606642, 
0000000040, 1570657409.707903970,   019,  0,  0000.000000, 0000.000000, 0000.000000, 0000.000000, 0000.000000, 0000.000000, 0000.000000, 0000.000000, 0000.000000, 0000.000000, 0000.000000, 0000.000000,   051,  1,  0000.838516, -000.402391, 0000.367386, 0000.031730, -000.267719, 0000.282996, 0000.920999, -000.017602, -000.474571, -000.870629, 0000.129569, 0000.488259,   073,  1,  -000.866672, -000.466511, -000.176769, 0000.088804, -000.355489, 0000.328905, 0000.874899, 0000.094203, -000.350010, 0000.821090, -000.450893, 0000.869929,   080,  1,  0000.853292, -000.516097, 0000.074410, -000.133637, -000.454545, -000.666296, 0000.591133, 0000.060494, -000.255503, -000.538232, -000.803134, 0000.893618,   087,  1,  0000.487624, 0000.864725, 0000.120310, 0000.096758, 0000.325057, -000.307717, 0000.894231, 0000.012064, 0000.810285, -000.396940, -000.431135, 0000.606279, 
0000000041, 1570657409.719139904,   019,  0,  0000.000000, 0000.000000, 0000.000000, 0000.000000, 0000.000000, 0000.000000, 0000.000000, 0000.000000, 0000.000000, 0000.000000, 0000.000000, 0000.000000,   051,  1,  0000.839010, -000.401877, 0000.366821, 0000.030368, -000.267582, 0000.282263, 0000.921264, -000.017856, -000.473775, -000.871104, 0000.129287, 0000.487713,   073,  1,  -000.868631, -000.462708, -000.177149, 0000.088202, -000.353206, 0000.327563, 0000.876326, 0000.093832, -000.347456, 0000.823774, -000.447963, 0000.869704,   080,  1,  0000.852955, -000.516742, 0000.073796, -000.133789, -000.454630, -000.665967, 0000.591438, 0000.060527, -000.256475, -000.538020, -000.802966, 0000.894045,   087,  1,  0000.487934, 0000.864503, 0000.120644, 0000.095516, 0000.324860, -000.308136, 0000.894158, 0000.011911, 0000.810177, -000.397098, -000.431193, 0000.605848, 
0000000042, 1570657409.730375993,   019,  0,  0000.000000, 0000.000000, 0000.000000, 0000.000000, 0000.000000, 0000.000000, 0000.000000, 0000.000000, 0000.000000, 0000.000000, 0000.000000, 0000.000000,   051,  1,  0000.839131, -000.401646, 0000.366796, 0000.029180, -000.267553, 0000.282336, 0000.921250, -000.018212, -000.473576, -000.871187, 0000.129455, 0000.487131,   073,  1,  -000.870722, -000.459074, -000.176335, 0000.087547, -000.350881, 0000.328714, 0000.876829, 0000.093560, -000.344565, 0000.825347, -000.447299, 0000.869362,   080,  2,  0000.852851, -000.516908, 0000.073829, -000.133930, -000.454755, -000.665820, 0000.591507, 0000.060512, -000.256598, -000.538042, -000.802913, 0000.893933,   087,  1,  0000.488184, 0000.864286, 0000.121190, 0000.094400, 0000.325472, -000.309139, 0000.893589, 0000.011630, 0000.809781, -000.396792, -000.432217, 0000.605367, 
0000000043, 1570657409.741611731,   019,  0,  0000.000000, 0000.000000, 0000.000000, 0000.000000, 0000.000000, 0000.000000, 0000.000000, 0000.000000, 0000.000000, 0000.000000, 0000.000000, 0000.000000,   051,  1,  0000.838590, -000.402078, 0000.367558, 0000.028127, -000.267525, 0000.283794, 0000.920810, -000.018819, -000.474549, -000.870514, 0000.130421, 0000.486649,   073,  1,  -000.872444, -000.455517, -000.177044, 0000.086878, -000.351637, 0000.333514, 0000.874711, 0000.093636, -000.339399, 0000.825392, -000.451150, 0000.868810,   080,  1,  0000.852747, -000.517075, 0000.073862, -000.134070, -000.454881, -000.665674, 0000.591576, 0000.060498, -000.256721, -000.538063, -000.802859, 0000.893822,   087,  1,  0000.488133, 0000.864300, 0000.121292, 0000.093425, 0000.326671, -000.309804, 0000.892921, 0000.011202, 0000.809328, -000.396242, -000.433568, 0000.604770, 
