% Measurements merged on 10/09/19 16:39:56 Central Daylight Time
% Original files:
%    1: C:\Users\Al\Desktop\Nayo\KACEY\STROKE\RTIS2001\RTIS2001_00000007_Series2s24.hts  (Series2s24)
%    2: C:\Users\Al\Desktop\Nayo\KACEY\STROKE\RTIS2001\RTIS2001_00000007_Series2s25.hts  (Series2s25)
% Merge host: Al-PC
% System: MERGED
% nSharedImages: 1000
%
% Interpolated markers have status set to 2
%
% EMB001 (Marker properties) Series:2031, ID:019, Size:35, Thickness:001.846, tPu:[+000.000 +000.000 +000.000]
% EMB001 (Marker properties) Series:2031, ID:051, Size:35, Thickness:001.844, tPu:[+000.000 +000.000 +000.000]
% EMB001 (Marker properties) Series:2032, ID:073, Size:44, Thickness:002.200, tPu:[+000.000 +000.000 +000.000]
% EMB001 (Marker properties) Series:2032, ID:080, Size:44, Thickness:002.203, tPu:[+000.000 +000.000 +000.000]
% EMB001 (Marker properties) Series:2032, ID:087, Size:44, Thickness:002.251, tPu:[+000.000 +000.000 +000.000]
%
% ImageNumber,             FrameTime,           Marker,  ST, HT(1, 1),    HT(1, 2),    HT(1, 3),    HT(1, 4),    HT(2, 1),    HT(2, 2),    HT(2, 3),    HT(2, 4),    HT(3, 1),    HT(3, 2),    HT(3, 3),    HT(3, 4)
%
0000000000, 1570657590.314645626,   019,  1,  0000.992332, -000.107188, -000.061551, 0000.018853, -000.107303, -000.994225, 0000.001445, 0000.143837, -000.061350, 0000.005171, -000.998103, 0001.006852,   051,  1,  0000.669637, -000.581794, 0000.461629, 0000.063121, -000.468109, 0000.151927, 0000.870512, -000.033673, -000.576593, -000.799020, -000.170607, 0000.604635,   073,  1,  -000.676617, -000.733245, 0000.067387, 0000.170549, -000.287484, 0000.347313, 0000.892595, 0000.045475, -000.677896, 0000.584573, -000.445794, 0000.911438,   080,  0,  0000.000000, 0000.000000, 0000.000000, 0000.000000, 0000.000000, 0000.000000, 0000.000000, 0000.000000, 0000.000000, 0000.000000, 0000.000000, 0000.000000,   087,  1,  0000.686560, 0000.716725, 0000.122236, 0000.155390, 0000.166509, -000.318645, 0000.933134, -000.015090, 0000.707750, -000.620299, -000.338110, 0000.704006, 
0000000001, 1570657590.325881552,   019,  1,  0000.992428, -000.106326, -000.061499, 0000.018851, -000.106445, -000.994318, 0000.001345, 0000.143808, -000.061293, 0000.005211, -000.998106, 0001.006682,   051,  1,  0000.669721, -000.581801, 0000.461499, 0000.063110, -000.467924, 0000.151952, 0000.870608, -000.033912, -000.576646, -000.799011, -000.170473, 0000.604670,   073,  1,  -000.676692, -000.733180, 0000.067342, 0000.170584, -000.287545, 0000.347371, 0000.892553, 0000.045204, -000.677795, 0000.584620, -000.445885, 0000.911619,   080,  0,  0000.000000, 0000.000000, 0000.000000, 0000.000000, 0000.000000, 0000.000000, 0000.000000, 0000.000000, 0000.000000, 0000.000000, 0000.000000, 0000.000000,   087,  1,  0000.686470, 0000.716820, 0000.122181, 0000.155393, 0000.166549, -000.318553, 0000.933159, -000.015187, 0000.707828, -000.620236, -000.338063, 0000.704031, 
0000000002, 1570657590.337117533,   019,  1,  0000.992376, -000.106780, -000.061539, 0000.018842, -000.106891, -000.994270, 0000.001496, 0000.143945, -000.061346, 0000.005093, -000.998104, 0001.007588,   051,  1,  0000.669754, -000.581794, 0000.461460, 0000.063099, -000.468003, 0000.151770, 0000.870597, -000.033829, -000.576544, -000.799050, -000.170633, 0000.604650,   073,  1,  -000.676843, -000.733034, 0000.067408, 0000.170544, -000.287441, 0000.347483, 0000.892543, 0000.045422, -000.677688, 0000.584736, -000.445896, 0000.911462,   080,  0,  0000.000000, 0000.000000, 0000.000000, 0000.000000, 0000.000000, 0000.000000, 0000.000000, 0000.000000, 0000.000000, 0000.000000, 0000.000000, 0000.000000,   087,  1,  0000.686654, 0000.716658, 0000.122097, 0000.155379, 0000.166661, -000.318656, 0000.933104, -000.015179, 0000.707623, -000.620370, -000.338245, 0000.704014, 
0000000003, 1570657590.348353184,   019,  2,  0000.992324, -000.107311, -000.061459, 0000.018834, -000.107403, -000.994214, 0000.001807, 0000.143838, -000.061297, 0000.004808, -000.998108, 0001.006855,   051,  1,  0000.669485, -000.582025, 0000.461559, 0000.063085, -000.467989, 0000.152057, 0000.870554, -000.034036, -000.576868, -000.798828, -000.170582, 0000.604681,   073,  1,  -000.676656, -000.733207, 0000.067417, 0000.170541, -000.287302, 0000.347224, 0000.892689, 0000.045363, -000.677934, 0000.584674, -000.445603, 0000.911490,   080,  0,  0000.000000, 0000.000000, 0000.000000, 0000.000000, 0000.000000, 0000.000000, 0000.000000, 0000.000000, 0000.000000, 0000.000000, 0000.000000, 0000.000000,   087,  1,  0000.686605, 0000.716686, 0000.122208, 0000.155364, 0000.166468, -000.318600, 0000.933157, -000.015085, 0000.707716, -000.620366, -000.338058, 0000.703981, 
0000000004, 1570657590.359589384,   019,  1,  0000.992272, -000.107841, -000.061379, 0000.018826, -000.107915, -000.994158, 0000.002118, 0000.143730, -000.061248, 0000.004522, -000.998112, 0001.006122,   051,  1,  0000.669820, -000.581632, 0000.461568, 0000.063082, -000.468010, 0000.151893, 0000.870572, -000.033791, -000.576461, -000.799145, -000.170468, 0000.604624,   073,  1,  -000.676781, -000.733090, 0000.067431, 0000.170508, -000.287248, 0000.347293, 0000.892679, 0000.045626, -000.677832, 0000.584779, -000.445620, 0000.911299,   080,  0,  0000.000000, 0000.000000, 0000.000000, 0000.000000, 0000.000000, 0000.000000, 0000.000000, 0000.000000, 0000.000000, 0000.000000, 0000.000000, 0000.000000,   087,  1,  0000.686699, 0000.716604, 0000.122159, 0000.155363, 0000.166528, -000.318649, 0000.933130, -000.015101, 0000.707610, -000.620437, -000.338151, 0000.703978, 
0000000005, 1570657590.370825381,   019,  1,  0000.992304, -000.107588, -000.061306, 0000.018837, -000.107647, -000.994186, 0000.002345, 0000.143918, -000.061202, 0000.004273, -000.998116, 0001.007271,   051,  1,  0000.669748, -000.581803, 0000.461457, 0000.063080, -000.467860, 0000.151966, 0000.870640, -000.033759, -000.576666, -000.799007, -000.170423, 0000.604606,   073,  1,  -000.676665, -000.733183, 0000.067571, 0000.170517, -000.287156, 0000.347294, 0000.892708, 0000.045562, -000.677986, 0000.584661, -000.445540, 0000.911339,   080,  0,  0000.000000, 0000.000000, 0000.000000, 0000.000000, 0000.000000, 0000.000000, 0000.000000, 0000.000000, 0000.000000, 0000.000000, 0000.000000, 0000.000000,   087,  1,  0000.686686, 0000.716614, 0000.122172, 0000.155332, 0000.166540, -000.318667, 0000.933122, -000.014908, 0000.707620, -000.620415, -000.338169, 0000.703899, 
0000000006, 1570657590.382061403,   019,  1,  0000.992292, -000.107940, -000.060872, 0000.018824, -000.108012, -000.994147, 0000.002114, 0000.143839, -000.060744, 0000.004478, -000.998143, 0001.006796,   051,  1,  0000.669767, -000.581767, 0000.461475, 0000.063073, -000.467876, 0000.151963, 0000.870632, -000.034119, -000.576632, -000.799034, -000.170415, 0000.604665,   073,  1,  -000.676446, -000.733375, 0000.067695, 0000.170529, -000.287117, 0000.347235, 0000.892744, 0000.045494, -000.678222, 0000.584456, -000.445450, 0000.911381,   080,  0,  0000.000000, 0000.000000, 0000.000000, 0000.000000, 0000.000000, 0000.000000, 0000.000000, 0000.000000, 0000.000000, 0000.000000, 0000.000000, 0000.000000,   087,  1,  0000.686599, 0000.716694, 0000.122195, 0000.155366, 0000.166562, -000.318663, 0000.933119, -000.015209, 0000.707700, -000.620326, -000.338168, 0000.703993, 
0000000007, 1570657590.393297262,   019,  1,  0000.992374, -000.106887, -000.061398, 0000.018827, -000.106976, -000.994260, 0000.001844, 0000.143877, -000.061243, 0000.004738, -000.998112, 0001.007090,   051,  1,  0000.669602, -000.581951, 0000.461483, 0000.063072, -000.467948, 0000.151947, 0000.870596, -000.034023, -000.576765, -000.798903, -000.170579, 0000.604634,   073,  1,  -000.676523, -000.733313, 0000.067589, 0000.170539, -000.287124, 0000.347174, 0000.892765, 0000.045439, -000.678142, 0000.584570, -000.445423, 0000.911406,   080,  0,  0000.000000, 0000.000000, 0000.000000, 0000.000000, 0000.000000, 0000.000000, 0000.000000, 0000.000000, 0000.000000, 0000.000000, 0000.000000, 0000.000000,   087,  1,  0000.686613, 0000.716691, 0000.122134, 0000.155368, 0000.166609, -000.318633, 0000.933121, -000.015202, 0000.707675, -000.620344, -000.338185, 0000.703977, 
0000000008, 1570657590.404533314,   019,  1,  0000.992316, -000.107515, -000.061228, 0000.018821, -000.107563, -000.994195, 0000.002517, 0000.143934, -000.061143, 0000.004089, -000.998121, 0001.007381,   051,  1,  0000.669696, -000.581831, 0000.461498, 0000.063071, -000.467925, 0000.151960, 0000.870606, -000.034059, -000.576674, -000.798988, -000.170486, 0000.604627,   073,  1,  -000.676735, -000.733097, 0000.067813, 0000.170525, -000.286983, 0000.347495, 0000.892686, 0000.045482, -000.677990, 0000.584651, -000.445548, 0000.911369,   080,  0,  0000.000000, 0000.000000, 0000.000000, 0000.000000, 0000.000000, 0000.000000, 0000.000000, 0000.000000, 0000.000000, 0000.000000, 0000.000000, 0000.000000,   087,  1,  0000.686760, 0000.716543, 0000.122176, 0000.155355, 0000.166631, -000.318798, 0000.933060, -000.015118, 0000.707528, -000.620430, -000.338336, 0000.703937, 
0000000009, 1570657590.415769054,   019,  1,  0000.992400, -000.106688, -000.061318, 0000.018795, -000.106740, -000.994284, 0000.002437, 0000.143932, -000.061228, 0000.004126, -000.998115, 0001.007364,   051,  1,  0000.669790, -000.581688, 0000.461542, 0000.063071, -000.467949, 0000.151952, 0000.870594, -000.033763, -000.576546, -000.799093, -000.170424, 0000.604556,   073,  1,  -000.676786, -000.733053, 0000.067786, 0000.170556, -000.286996, 0000.347513, 0000.892675, 0000.045297, -000.677934, 0000.584695, -000.445575, 0000.911485,   080,  0,  0000.000000, 0000.000000, 0000.000000, 0000.000000, 0000.000000, 0000.000000, 0000.000000, 0000.000000, 0000.000000, 0000.000000, 0000.000000, 0000.000000,   087,  1,  0000.686603, 0000.716708, 0000.122089, 0000.155350, 0000.166641, -000.318597, 0000.933127, -000.015124, 0000.707677, -000.620343, -000.338183, 0000.703926, 
0000000010, 1570657590.427005155,   019,  1,  0000.992269, -000.107859, -000.061393, 0000.018793, -000.107909, -000.994158, 0000.002510, 0000.143996, -000.061305, 0000.004134, -000.998111, 0001.007712,   051,  1,  0000.669764, -000.581640, 0000.461639, 0000.063069, -000.468023, 0000.152007, 0000.870545, -000.033912, -000.576516, -000.799117, -000.170412, 0000.604574,   073,  1,  -000.676616, -000.733210, 0000.067772, 0000.170528, -000.287101, 0000.347452, 0000.892665, 0000.045449, -000.678058, 0000.584534, -000.445597, 0000.911370,   080,  0,  0000.000000, 0000.000000, 0000.000000, 0000.000000, 0000.000000, 0000.000000, 0000.000000, 0000.000000, 0000.000000, 0000.000000, 0000.000000, 0000.000000,   087,  1,  0000.686637, 0000.716675, 0000.122091, 0000.155363, 0000.166645, -000.318625, 0000.933117, -000.015232, 0000.707643, -000.620367, -000.338210, 0000.703955, 
0000000011, 1570657590.438241057,   019,  1,  0000.992325, -000.107589, -000.060952, 0000.018769, -000.107627, -000.994188, 0000.002668, 0000.143943, -000.060885, 0000.003912, -000.998137, 0001.007326,   051,  1,  0000.669534, -000.581925, 0000.461614, 0000.063068, -000.468073, 0000.152000, 0000.870519, -000.033969, -000.576742, -000.798911, -000.170614, 0000.604572,   073,  1,  -000.676699, -000.733140, 0000.067705, 0000.170523, -000.287080, 0000.347419, 0000.892684, 0000.045470, -000.677984, 0000.584642, -000.445568, 0000.911345,   080,  0,  0000.000000, 0000.000000, 0000.000000, 0000.000000, 0000.000000, 0000.000000, 0000.000000, 0000.000000, 0000.000000, 0000.000000, 0000.000000, 0000.000000,   087,  1,  0000.686532, 0000.716756, 0000.122210, 0000.155346, 0000.166659, -000.318727, 0000.933080, -000.015118, 0000.707742, -000.620222, -000.338270, 0000.703905, 
0000000012, 1570657590.449477126,   019,  1,  0000.992451, -000.106209, -000.061323, 0000.018758, -000.106247, -000.994336, 0000.002650, 0000.143828, -000.061257, 0000.003886, -000.998114, 0001.006504,   051,  1,  0000.669727, -000.581792, 0000.461501, 0000.063063, -000.467959, 0000.151905, 0000.870597, -000.033933, -000.576611, -000.799026, -000.170520, 0000.604554,   073,  1,  -000.676453, -000.733362, 0000.067758, 0000.170522, -000.287044, 0000.347255, 0000.892760, 0000.045447, -000.678246, 0000.584460, -000.445409, 0000.911350,   080,  0,  0000.000000, 0000.000000, 0000.000000, 0000.000000, 0000.000000, 0000.000000, 0000.000000, 0000.000000, 0000.000000, 0000.000000, 0000.000000, 0000.000000,   087,  1,  0000.686558, 0000.716750, 0000.122096, 0000.155347, 0000.166680, -000.318611, 0000.933116, -000.015133, 0000.707712, -000.620287, -000.338213, 0000.703898, 
0000000013, 1570657590.460712893,   019,  1,  0000.992311, -000.107932, -000.060579, 0000.018746, -000.107960, -000.994151, 0000.002814, 0000.143819, -000.060529, 0000.003748, -000.998159, 0001.006430,   051,  1,  0000.669679, -000.581672, 0000.461722, 0000.063072, -000.468117, 0000.152037, 0000.870489, -000.033726, -000.576538, -000.799088, -000.170475, 0000.604509,   073,  1,  -000.676736, -000.733093, 0000.067852, 0000.170528, -000.286867, 0000.347442, 0000.892744, 0000.045423, -000.678038, 0000.584687, -000.445427, 0000.911361,   080,  0,  0000.000000, 0000.000000, 0000.000000, 0000.000000, 0000.000000, 0000.000000, 0000.000000, 0000.000000, 0000.000000, 0000.000000, 0000.000000, 0000.000000,   087,  1,  0000.686662, 0000.716639, 0000.122162, 0000.155351, 0000.166676, -000.318759, 0000.933066, -000.015162, 0000.707611, -000.620340, -000.338326, 0000.703894, 
0000000014, 1570657590.471949179,   019,  1,  0000.992487, -000.106019, -000.061063, 0000.018722, -000.106019, -000.994359, 0000.003242, 0000.143859, -000.061062, 0000.003256, -000.998129, 0001.006531,   051,  1,  0000.669675, -000.581700, 0000.461693, 0000.063063, -000.468130, 0000.151978, 0000.870492, -000.033807, -000.576532, -000.799080, -000.170535, 0000.604514,   073,  1,  -000.676570, -000.733220, 0000.068132, 0000.170522, -000.286691, 0000.347499, 0000.892778, 0000.045492, -000.678279, 0000.584494, -000.445315, 0000.911306,   080,  0,  0000.000000, 0000.000000, 0000.000000, 0000.000000, 0000.000000, 0000.000000, 0000.000000, 0000.000000, 0000.000000, 0000.000000, 0000.000000, 0000.000000,   087,  1,  0000.686612, 0000.716683, 0000.122185, 0000.155330, 0000.166657, -000.318741, 0000.933076, -000.014994, 0000.707665, -000.620298, -000.338291, 0000.703836, 
0000000015, 1570657590.483184925,   019,  1,  0000.992361, -000.106941, -000.061507, 0000.018740, -000.106942, -000.994260, 0000.003291, 0000.144022, -000.061506, 0000.003312, -000.998101, 0001.007592,   051,  1,  0000.669785, -000.581627, 0000.461626, 0000.063059, -000.468016, 0000.151987, 0000.870552, -000.034099, -000.576497, -000.799131, -000.170412, 0000.604558,   073,  1,  -000.676624, -000.733161, 0000.068229, 0000.170549, -000.286632, 0000.347610, 0000.892754, 0000.045284, -000.678250, 0000.584502, -000.445348, 0000.911454,   080,  0,  0000.000000, 0000.000000, 0000.000000, 0000.000000, 0000.000000, 0000.000000, 0000.000000, 0000.000000, 0000.000000, 0000.000000, 0000.000000, 0000.000000,   087,  1,  0000.686590, 0000.716724, 0000.122066, 0000.155343, 0000.166757, -000.318661, 0000.933085, -000.015124, 0000.707662, -000.620291, -000.338309, 0000.703872, 
0000000016, 1570657590.494420801,   019,  1,  0000.992309, -000.107508, -000.061363, 0000.018712, -000.107474, -000.994200, 0000.003868, 0000.143857, -000.061423, 0000.002757, -000.998108, 0001.006353,   051,  1,  0000.669470, -000.581988, 0000.461627, 0000.063061, -000.468099, 0000.152013, 0000.870503, -000.033798, -000.576796, -000.798863, -000.170660, 0000.604496,   073,  1,  -000.676234, -000.733514, 0000.068305, 0000.170532, -000.286735, 0000.347480, 0000.892771, 0000.045413, -000.678595, 0000.584137, -000.445302, 0000.911358,   080,  0,  0000.000000, 0000.000000, 0000.000000, 0000.000000, 0000.000000, 0000.000000, 0000.000000, 0000.000000, 0000.000000, 0000.000000, 0000.000000, 0000.000000,   087,  1,  0000.686543, 0000.716763, 0000.122102, 0000.155343, 0000.166703, -000.318631, 0000.933105, -000.015202, 0000.707721, -000.620262, -000.338240, 0000.703889, 
0000000017, 1570657590.505656849,   019,  1,  0000.992382, -000.106774, -000.061452, 0000.018684, -000.106728, -000.994280, 0000.004041, 0000.143831, -000.061532, 0000.002548, -000.998102, 0001.006034,   051,  1,  0000.669437, -000.581987, 0000.461676, 0000.063056, -000.468225, 0000.151926, 0000.870450, -000.033792, -000.576731, -000.798880, -000.170796, 0000.604493,   073,  1,  -000.676316, -000.733428, 0000.068412, 0000.170515, -000.286512, 0000.347483, 0000.892842, 0000.045526, -000.678607, 0000.584242, -000.445144, 0000.911283,   080,  0,  0000.000000, 0000.000000, 0000.000000, 0000.000000, 0000.000000, 0000.000000, 0000.000000, 0000.000000, 0000.000000, 0000.000000, 0000.000000, 0000.000000,   087,  1,  0000.686580, 0000.716716, 0000.122175, 0000.155313, 0000.166720, -000.318763, 0000.933057, -000.014992, 0000.707681, -000.620249, -000.338347, 0000.703816, 
0000000018, 1570657590.516892956,   019,  2,  0000.992349, -000.107154, -000.061329, 0000.018673, -000.107100, -000.994239, 0000.004175, 0000.143888, -000.061424, 0000.002425, -000.998109, 0001.006289,   051,  1,  0000.669673, -000.581816, 0000.461551, 0000.063046, -000.467998, 0000.151948, 0000.870568, -000.034129, -000.576642, -000.799001, -000.170533, 0000.604552,   073,  1,  -000.676392, -000.733364, 0000.068348, 0000.170501, -000.286532, 0000.347482, 0000.892836, 0000.045508, -000.678523, 0000.584323, -000.445166, 0000.911284,   080,  0,  0000.000000, 0000.000000, 0000.000000, 0000.000000, 0000.000000, 0000.000000, 0000.000000, 0000.000000, 0000.000000, 0000.000000, 0000.000000, 0000.000000,   087,  1,  0000.686549, 0000.716746, 0000.122169, 0000.155328, 0000.166808, -000.318814, 0000.933023, -000.015144, 0000.707690, -000.620187, -000.338441, 0000.703864, 
0000000019, 1570657590.528128778,   019,  1,  0000.992316, -000.107534, -000.061207, 0000.018663, -000.107473, -000.994199, 0000.004309, 0000.143944, -000.061315, 0000.002303, -000.998116, 0001.006543,   051,  1,  0000.669671, -000.581664, 0000.461744, 0000.063046, -000.468156, 0000.152019, 0000.870471, -000.033942, -000.576516, -000.799098, -000.170507, 0000.604504,   073,  1,  -000.676373, -000.733376, 0000.068398, 0000.170494, -000.286508, 0000.347508, 0000.892833, 0000.045491, -000.678552, 0000.584292, -000.445163, 0000.911287,   080,  0,  0000.000000, 0000.000000, 0000.000000, 0000.000000, 0000.000000, 0000.000000, 0000.000000, 0000.000000, 0000.000000, 0000.000000, 0000.000000, 0000.000000,   087,  1,  0000.686655, 0000.716641, 0000.122188, 0000.155306, 0000.166777, -000.318878, 0000.933007, -000.015032, 0000.707594, -000.620276, -000.338478, 0000.703819, 
0000000020, 1570657590.539364714,   019,  1,  0000.992333, -000.107372, -000.061203, 0000.018620, -000.107279, -000.994217, 0000.004813, 0000.143877, -000.061366, 0000.001790, -000.998114, 0001.005903,   051,  1,  0000.669816, -000.581578, 0000.461642, 0000.063044, -000.468180, 0000.151770, 0000.870502, -000.033926, -000.576328, -000.799208, -000.170625, 0000.604491,   073,  1,  -000.676389, -000.733355, 0000.068468, 0000.170472, -000.286541, 0000.347635, 0000.892773, 0000.045518, -000.678522, 0000.584243, -000.445273, 0000.911253,   080,  0,  0000.000000, 0000.000000, 0000.000000, 0000.000000, 0000.000000, 0000.000000, 0000.000000, 0000.000000, 0000.000000, 0000.000000, 0000.000000, 0000.000000,   087,  1,  0000.686574, 0000.716722, 0000.122172, 0000.155320, 0000.166832, -000.318854, 0000.933005, -000.015197, 0000.707661, -000.620195, -000.338489, 0000.703866, 
0000000021, 1570657590.550600600,   019,  1,  0000.992431, -000.106522, -000.061108, 0000.018626, -000.106423, -000.994309, 0000.004871, 0000.144105, -000.061279, 0000.001670, -000.998119, 0001.007321,   051,  1,  0000.669609, -000.581707, 0000.461780, 0000.063042, -000.468304, 0000.151896, 0000.870413, -000.033844, -000.576467, -000.799090, -000.170705, 0000.604462,   073,  1,  -000.676627, -000.733135, 0000.068478, 0000.170457, -000.286514, 0000.347813, 0000.892713, 0000.045515, -000.678296, 0000.584414, -000.445393, 0000.911244,   080,  0,  0000.000000, 0000.000000, 0000.000000, 0000.000000, 0000.000000, 0000.000000, 0000.000000, 0000.000000, 0000.000000, 0000.000000, 0000.000000, 0000.000000,   087,  1,  0000.686438, 0000.716862, 0000.122114, 0000.155322, 0000.166922, -000.318773, 0000.933017, -000.015254, 0000.707771, -000.620075, -000.338478, 0000.703879, 
0000000022, 1570657590.561837032,   019,  1,  0000.992352, -000.107248, -000.061118, 0000.018603, -000.107123, -000.994231, 0000.005330, 0000.144211, -000.061337, 0000.001258, -000.998116, 0001.007893,   051,  1,  0000.669800, -000.581465, 0000.461807, 0000.063038, -000.468170, 0000.152038, 0000.870461, -000.033900, -000.576355, -000.799239, -000.170390, 0000.604464,   073,  1,  -000.676405, -000.733336, 0000.068513, 0000.170424, -000.286654, 0000.347799, 0000.892673, 0000.045628, -000.678458, 0000.584169, -000.445467, 0000.911158,   080,  0,  0000.000000, 0000.000000, 0000.000000, 0000.000000, 0000.000000, 0000.000000, 0000.000000, 0000.000000, 0000.000000, 0000.000000, 0000.000000, 0000.000000,   087,  1,  0000.686605, 0000.716689, 0000.122192, 0000.155292, 0000.166880, -000.318942, 0000.932967, -000.015072, 0000.707619, -000.620188, -000.338588, 0000.703806, 
0000000023, 1570657590.573072527,   019,  1,  0000.992397, -000.106656, -000.061427, 0000.018563, -000.106525, -000.994295, 0000.005416, 0000.144040, -000.061655, 0000.001168, -000.998097, 0001.006458,   051,  1,  0000.669632, -000.581764, 0000.461675, 0000.063031, -000.468120, 0000.151984, 0000.870497, -000.034112, -000.576591, -000.799032, -000.170562, 0000.604480,   073,  1,  -000.676426, -000.733317, 0000.068518, 0000.170417, -000.286619, 0000.347792, 0000.892687, 0000.045602, -000.678452, 0000.584198, -000.445438, 0000.911164,   080,  0,  0000.000000, 0000.000000, 0000.000000, 0000.000000, 0000.000000, 0000.000000, 0000.000000, 0000.000000, 0000.000000, 0000.000000, 0000.000000, 0000.000000,   087,  1,  0000.686358, 0000.716951, 0000.122040, 0000.155297, 0000.166995, -000.318691, 0000.933032, -000.015144, 0000.707831, -000.620014, -000.338464, 0000.703819, 
0000000024, 1570657590.584308550,   019,  1,  0000.992512, -000.105699, -000.061222, 0000.018528, -000.105563, -000.994398, 0000.005461, 0000.144014, -000.061456, 0000.001043, -000.998109, 0001.006239,   051,  1,  0000.669468, -000.581877, 0000.461771, 0000.063029, -000.468286, 0000.151970, 0000.870410, -000.034186, -000.576647, -000.798952, -000.170746, 0000.604477,   073,  1,  -000.676329, -000.733383, 0000.068770, 0000.170418, -000.286495, 0000.347914, 0000.892680, 0000.045531, -000.678602, 0000.584043, -000.445414, 0000.911200,   080,  0,  0000.000000, 0000.000000, 0000.000000, 0000.000000, 0000.000000, 0000.000000, 0000.000000, 0000.000000, 0000.000000, 0000.000000, 0000.000000, 0000.000000,   087,  1,  0000.686560, 0000.716742, 0000.122132, 0000.155286, 0000.166949, -000.318896, 0000.932970, -000.015117, 0000.707647, -000.620150, -000.338601, 0000.703794, 
0000000025, 1570657590.595544426,   019,  1,  0000.992449, -000.106461, -000.060913, 0000.018501, -000.106299, -000.994317, 0000.005891, 0000.144174, -000.061194, 0000.000629, -000.998126, 0001.006997,   051,  1,  0000.669805, -000.581562, 0000.461678, 0000.063028, -000.468159, 0000.151857, 0000.870498, -000.034177, -000.576358, -000.799203, -000.170549, 0000.604455,   073,  1,  -000.676563, -000.733167, 0000.068765, 0000.170414, -000.286495, 0000.348095, 0000.892609, 0000.045482, -000.678368, 0000.584205, -000.445557, 0000.911216,   080,  0,  0000.000000, 0000.000000, 0000.000000, 0000.000000, 0000.000000, 0000.000000, 0000.000000, 0000.000000, 0000.000000, 0000.000000, 0000.000000, 0000.000000,   087,  1,  0000.686435, 0000.716872, 0000.122068, 0000.155302, 0000.167057, -000.318829, 0000.932974, -000.015260, 0000.707742, -000.620034, -000.338614, 0000.703822, 
0000000026, 1570657590.606780449,   019,  1,  0000.992449, -000.106411, -000.061004, 0000.018475, -000.106255, -000.994322, 0000.005815, 0000.144234, -000.061277, 0000.000711, -000.998121, 0001.007213,   051,  1,  0000.669612, -000.581718, 0000.461762, 0000.063021, -000.468268, 0000.151916, 0000.870429, -000.034215, -000.576493, -000.799078, -000.170675, 0000.604446,   073,  1,  -000.676391, -000.733327, 0000.068747, 0000.170389, -000.286601, 0000.348028, 0000.892601, 0000.045539, -000.678494, 0000.584045, -000.445576, 0000.911165,   080,  0,  0000.000000, 0000.000000, 0000.000000, 0000.000000, 0000.000000, 0000.000000, 0000.000000, 0000.000000, 0000.000000, 0000.000000, 0000.000000, 0000.000000,   087,  1,  0000.686271, 0000.717014, 0000.122161, 0000.155279, 0000.167029, -000.318825, 0000.932980, -000.015165, 0000.707908, -000.619873, -000.338562, 0000.703776, 
0000000027, 1570657590.618016098,   019,  1,  0000.992410, -000.106745, -000.061049, 0000.018428, -000.106574, -000.994286, 0000.006051, 0000.144121, -000.061346, 0000.000501, -000.998116, 0001.006237,   051,  1,  0000.669656, -000.581707, 0000.461712, 0000.063024, -000.468262, 0000.151831, 0000.870447, -000.034051, -000.576447, -000.799102, -000.170717, 0000.604396,   073,  1,  -000.676436, -000.733289, 0000.068715, 0000.170376, -000.286701, 0000.348111, 0000.892537, 0000.045554, -000.678408, 0000.584043, -000.445709, 0000.911150,   080,  0,  0000.000000, 0000.000000, 0000.000000, 0000.000000, 0000.000000, 0000.000000, 0000.000000, 0000.000000, 0000.000000, 0000.000000, 0000.000000, 0000.000000,   087,  1,  0000.686274, 0000.717002, 0000.122216, 0000.155274, 0000.167124, -000.318981, 0000.932910, -000.015137, 0000.707882, -000.619806, -000.338737, 0000.703753, 
0000000028, 1570657590.629252343,   019,  1,  0000.992434, -000.106578, -000.060964, 0000.018402, -000.106394, -000.994304, 0000.006256, 0000.144216, -000.061283, 0000.000278, -000.998120, 0001.006793,   051,  1,  0000.669721, -000.581490, 0000.461892, 0000.063023, -000.468351, 0000.151948, 0000.870379, -000.033940, -000.576300, -000.799238, -000.170579, 0000.604358,   073,  1,  -000.676380, -000.733322, 0000.068910, 0000.170297, -000.286702, 0000.348304, 0000.892461, 0000.045922, -000.678463, 0000.583886, -000.445831, 0000.910883,   080,  0,  0000.000000, 0000.000000, 0000.000000, 0000.000000, 0000.000000, 0000.000000, 0000.000000, 0000.000000, 0000.000000, 0000.000000, 0000.000000, 0000.000000,   087,  1,  0000.686288, 0000.717017, 0000.122051, 0000.155262, 0000.167185, -000.318827, 0000.932951, -000.015128, 0000.707855, -000.619868, -000.338682, 0000.703741, 
0000000029, 1570657590.640488008,   019,  2,  0000.992463, -000.106300, -000.060969, 0000.018373, -000.106105, -000.994334, 0000.006428, 0000.144234, -000.061307, 0000.000090, -000.998119, 0001.006712,   051,  1,  0000.669776, -000.581394, 0000.461933, 0000.063017, -000.468397, 0000.151921, 0000.870359, -000.033888, -000.576198, -000.799313, -000.170570, 0000.604335,   073,  1,  -000.676506, -000.733194, 0000.069042, 0000.170289, -000.286532, 0000.348419, 0000.892471, 0000.045834, -000.678410, 0000.583979, -000.445791, 0000.910933,   080,  0,  0000.000000, 0000.000000, 0000.000000, 0000.000000, 0000.000000, 0000.000000, 0000.000000, 0000.000000, 0000.000000, 0000.000000, 0000.000000, 0000.000000,   087,  1,  0000.686377, 0000.716909, 0000.122179, 0000.155240, 0000.167115, -000.318989, 0000.932909, -000.015057, 0000.707785, -000.619909, -000.338753, 0000.703702, 
0000000030, 1570657590.651725220,   019,  2,  0000.992493, -000.106021, -000.060974, 0000.018343, -000.105816, -000.994364, 0000.006599, 0000.144253, -000.061330, -000.000098, -000.998118, 0001.006630,   051,  1,  0000.669526, -000.581670, 0000.461946, 0000.063001, -000.468432, 0000.152004, 0000.870325, -000.034158, -000.576460, -000.799096, -000.170702, 0000.604368,   073,  1,  -000.676311, -000.733374, 0000.069038, 0000.170300, -000.286631, 0000.348343, 0000.892468, 0000.045616, -000.678562, 0000.583798, -000.445796, 0000.911078,   080,  0,  0000.000000, 0000.000000, 0000.000000, 0000.000000, 0000.000000, 0000.000000, 0000.000000, 0000.000000, 0000.000000, 0000.000000, 0000.000000, 0000.000000,   087,  1,  0000.686418, 0000.716881, 0000.122117, 0000.155237, 0000.167141, -000.318956, 0000.932915, -000.015112, 0000.707739, -000.619959, -000.338757, 0000.703714, 
0000000031, 1570657590.662960042,   019,  1,  0000.992522, -000.105743, -000.060979, 0000.018314, -000.105527, -000.994393, 0000.006771, 0000.144271, -000.061353, -000.000286, -000.998116, 0001.006549,   051,  1,  0000.669501, -000.581744, 0000.461890, 0000.062988, -000.468374, 0000.152011, 0000.870355, -000.033830, -000.576536, -000.799041, -000.170702, 0000.604297,   073,  1,  -000.676446, -000.733243, 0000.069105, 0000.170275, -000.286577, 0000.348487, 0000.892430, 0000.045688, -000.678450, 0000.583877, -000.445863, 0000.911027,   080,  0,  0000.000000, 0000.000000, 0000.000000, 0000.000000, 0000.000000, 0000.000000, 0000.000000, 0000.000000, 0000.000000, 0000.000000, 0000.000000, 0000.000000,   087,  1,  0000.686248, 0000.717019, 0000.122259, 0000.155228, 0000.167232, -000.319115, 0000.932845, -000.015209, 0000.707882, -000.619717, -000.338901, 0000.703736, 
0000000032, 1570657590.674196244,   019,  1,  0000.992462, -000.106339, -000.060919, 0000.018283, -000.106103, -000.994330, 0000.007110, 0000.144233, -000.061330, -000.000592, -000.998117, 0001.006169,   051,  1,  0000.669788, -000.581584, 0000.461675, 0000.062973, -000.468258, 0000.151723, 0000.870468, -000.034106, -000.576297, -000.799212, -000.170709, 0000.604337,   073,  1,  -000.676129, -000.733543, 0000.069025, 0000.170261, -000.286729, 0000.348266, 0000.892467, 0000.045651, -000.678702, 0000.583632, -000.445800, 0000.911052,   080,  0,  0000.000000, 0000.000000, 0000.000000, 0000.000000, 0000.000000, 0000.000000, 0000.000000, 0000.000000, 0000.000000, 0000.000000, 0000.000000, 0000.000000,   087,  1,  0000.686390, 0000.716891, 0000.122216, 0000.155218, 0000.167241, -000.319155, 0000.932829, -000.015213, 0000.707743, -000.619845, -000.338958, 0000.703728, 
0000000033, 1570657590.685432057,   019,  2,  0000.992463, -000.106410, -000.060785, 0000.018249, -000.106174, -000.994322, 0000.007092, 0000.144269, -000.061195, -000.000585, -000.998126, 0001.006267,   051,  1,  0000.669719, -000.581345, 0000.462076, 0000.062963, -000.468511, 0000.152003, 0000.870283, -000.033895, -000.576172, -000.799333, -000.170567, 0000.604286,   073,  1,  -000.676004, -000.733643, 0000.069181, 0000.170229, -000.286670, 0000.348306, 0000.892470, 0000.045694, -000.678851, 0000.583482, -000.445770, 0000.911004,   080,  0,  0000.000000, 0000.000000, 0000.000000, 0000.000000, 0000.000000, 0000.000000, 0000.000000, 0000.000000, 0000.000000, 0000.000000, 0000.000000, 0000.000000,   087,  1,  0000.686130, 0000.717134, 0000.122246, 0000.155187, 0000.167256, -000.319046, 0000.932864, -000.015093, 0000.707990, -000.619620, -000.338853, 0000.703680, 
0000000034, 1570657590.696668064,   019,  1,  0000.992463, -000.106480, -000.060652, 0000.018215, -000.106246, -000.994315, 0000.007075, 0000.144306, -000.061060, -000.000578, -000.998134, 0001.006365,   051,  1,  0000.669795, -000.581336, 0000.461978, 0000.062953, -000.468447, 0000.151911, 0000.870333, -000.033981, -000.576136, -000.799357, -000.170576, 0000.604283,   073,  1,  -000.676180, -000.733487, 0000.069118, 0000.170190, -000.286739, 0000.348429, 0000.892400, 0000.045782, -000.678647, 0000.583604, -000.445920, 0000.910936,   080,  0,  0000.000000, 0000.000000, 0000.000000, 0000.000000, 0000.000000, 0000.000000, 0000.000000, 0000.000000, 0000.000000, 0000.000000, 0000.000000, 0000.000000,   087,  1,  0000.686139, 0000.717137, 0000.122181, 0000.155189, 0000.167372, -000.319067, 0000.932836, -000.015250, 0000.707955, -000.619606, -000.338953, 0000.703722, 
0000000035, 1570657590.707903789,   019,  1,  0000.992412, -000.106856, -000.060833, 0000.018158, -000.106609, -000.994274, 0000.007291, 0000.144224, -000.061264, -000.000751, -000.998121, 0001.005544,   051,  1,  0000.669817, -000.581330, 0000.461953, 0000.062942, -000.468496, 0000.151796, 0000.870327, -000.034042, -000.576070, -000.799383, -000.170675, 0000.604284,   073,  1,  -000.676046, -000.733614, 0000.069083, 0000.170159, -000.286982, 0000.348488, 0000.892299, 0000.045841, -000.678678, 0000.583410, -000.446127, 0000.910874,   080,  0,  0000.000000, 0000.000000, 0000.000000, 0000.000000, 0000.000000, 0000.000000, 0000.000000, 0000.000000, 0000.000000, 0000.000000, 0000.000000, 0000.000000,   087,  1,  0000.686077, 0000.717184, 0000.122250, 0000.155166, 0000.167380, -000.319126, 0000.932814, -000.015152, 0000.708013, -000.619520, -000.338988, 0000.703679, 
0000000036, 1570657590.719140252,   019,  1,  0000.992503, -000.105880, -000.061046, 0000.018161, -000.105649, -000.994379, 0000.007015, 0000.144431, -000.061445, -000.000513, -000.998110, 0001.006891,   051,  1,  0000.669722, -000.581395, 0000.462009, 0000.062934, -000.468514, 0000.151897, 0000.870300, -000.034061, -000.576166, -000.799317, -000.170663, 0000.604274,   073,  1,  -000.676034, -000.733641, 0000.068909, 0000.170148, -000.287120, 0000.348386, 0000.892294, 0000.045763, -000.678631, 0000.583436, -000.446164, 0000.910914,   080,  0,  0000.000000, 0000.000000, 0000.000000, 0000.000000, 0000.000000, 0000.000000, 0000.000000, 0000.000000, 0000.000000, 0000.000000, 0000.000000, 0000.000000,   087,  1,  0000.686221, 0000.717052, 0000.122222, 0000.155169, 0000.167396, -000.319193, 0000.932789, -000.015286, 0000.707870, -000.619639, -000.339068, 0000.703710, 
0000000037, 1570657590.730375774,   019,  1,  0000.992548, -000.105443, -000.061083, 0000.018116, -000.105209, -000.994425, 0000.007048, 0000.144505, -000.061486, -000.000569, -000.998108, 0001.007199,   051,  1,  0000.669606, -000.581499, 0000.462047, 0000.062934, -000.468582, 0000.151912, 0000.870261, -000.034030, -000.576246, -000.799238, -000.170759, 0000.604255,   073,  1,  -000.676144, -000.733528, 0000.069040, 0000.170123, -000.287208, 0000.348708, 0000.892140, 0000.045755, -000.678484, 0000.583387, -000.446452, 0000.910905,   080,  0,  0000.000000, 0000.000000, 0000.000000, 0000.000000, 0000.000000, 0000.000000, 0000.000000, 0000.000000, 0000.000000, 0000.000000, 0000.000000, 0000.000000,   087,  1,  0000.686149, 0000.717111, 0000.122279, 0000.155134, 0000.167390, -000.319217, 0000.932781, -000.015072, 0000.707941, -000.619558, -000.339068, 0000.703629, 
0000000038, 1570657590.741611942,   019,  1,  0000.992500, -000.105920, -000.061026, 0000.018079, -000.105682, -000.994374, 0000.007124, 0000.144510, -000.061438, -000.000622, -000.998111, 0001.006981,   051,  1,  0000.669670, -000.581499, 0000.461954, 0000.062933, -000.468500, 0000.151856, 0000.870314, -000.034066, -000.576238, -000.799249, -000.170739, 0000.604249,   073,  1,  -000.676187, -000.733498, 0000.068939, 0000.170111, -000.287304, 0000.348703, 0000.892111, 0000.045752, -000.678401, 0000.583427, -000.446526, 0000.910892,   080,  0,  0000.000000, 0000.000000, 0000.000000, 0000.000000, 0000.000000, 0000.000000, 0000.000000, 0000.000000, 0000.000000, 0000.000000, 0000.000000, 0000.000000,   087,  1,  0000.686215, 0000.717045, 0000.122291, 0000.155142, 0000.167394, -000.319278, 0000.932760, -000.015162, 0000.707876, -000.619603, -000.339122, 0000.703651, 
0000000039, 1570657590.752847730,   019,  2,  0000.992536, -000.105593, -000.061012, 0000.018044, -000.105353, -000.994409, 0000.007143, 0000.144464, -000.061425, -000.000662, -000.998111, 0001.006547,   051,  1,  0000.669801, -000.581344, 0000.461958, 0000.062932, -000.468499, 0000.151807, 0000.870324, -000.034283, -000.576086, -000.799371, -000.170679, 0000.604270,   073,  1,  -000.676071, -000.733608, 0000.068897, 0000.170103, -000.287429, 0000.348667, 0000.892085, 0000.045687, -000.678463, 0000.583310, -000.446584, 0000.910940,   080,  0,  0000.000000, 0000.000000, 0000.000000, 0000.000000, 0000.000000, 0000.000000, 0000.000000, 0000.000000, 0000.000000, 0000.000000, 0000.000000, 0000.000000,   087,  1,  0000.686078, 0000.717163, 0000.122370, 0000.155150, 0000.167421, -000.319319, 0000.932741, -000.015211, 0000.708003, -000.619445, -000.339146, 0000.703658, 
0000000040, 1570657590.764083820,   019,  1,  0000.992572, -000.105265, -000.060997, 0000.018009, -000.105024, -000.994444, 0000.007161, 0000.144418, -000.061412, -000.000702, -000.998112, 0001.006113,   051,  1,  0000.669920, -000.581217, 0000.461946, 0000.062942, -000.468539, 0000.151680, 0000.870324, -000.034168, -000.575916, -000.799487, -000.170709, 0000.604230,   073,  1,  -000.675912, -000.733757, 0000.068871, 0000.170079, -000.287489, 0000.348559, 0000.892108, 0000.045781, -000.678596, 0000.583187, -000.446543, 0000.910873,   080,  0,  0000.000000, 0000.000000, 0000.000000, 0000.000000, 0000.000000, 0000.000000, 0000.000000, 0000.000000, 0000.000000, 0000.000000, 0000.000000, 0000.000000,   087,  1,  0000.685994, 0000.717255, 0000.122299, 0000.155138, 0000.167432, -000.319184, 0000.932785, -000.015082, 0000.708081, -000.619409, -000.339050, 0000.703602, 
0000000041, 1570657590.775319661,   019,  1,  0000.992604, -000.104886, -000.061131, 0000.017962, -000.104667, -000.994484, 0000.006783, 0000.144345, -000.061505, -000.000334, -000.998107, 0001.005559,   051,  1,  0000.670102, -000.580970, 0000.461993, 0000.062948, -000.468491, 0000.151737, 0000.870340, -000.034118, -000.575743, -000.799656, -000.170500, 0000.604214,   073,  1,  -000.676061, -000.733599, 0000.069092, 0000.170060, -000.287391, 0000.348863, 0000.892021, 0000.045885, -000.678489, 0000.583204, -000.446683, 0000.910805,   080,  0,  0000.000000, 0000.000000, 0000.000000, 0000.000000, 0000.000000, 0000.000000, 0000.000000, 0000.000000, 0000.000000, 0000.000000, 0000.000000, 0000.000000,   087,  1,  0000.686129, 0000.717133, 0000.122258, 0000.155150, 0000.167439, -000.319221, 0000.932771, -000.015210, 0000.707949, -000.619531, -000.339102, 0000.703642, 
0000000042, 1570657590.786555608,   019,  1,  0000.992483, -000.106114, -000.060978, 0000.017933, -000.105876, -000.994354, 0000.007121, 0000.144303, -000.061389, -000.000611, -000.998114, 0001.005041,   051,  1,  0000.669824, -000.581362, 0000.461903, 0000.062945, -000.468441, 0000.151794, 0000.870357, -000.034300, -000.576106, -000.799361, -000.170659, 0000.604237,   073,  1,  -000.675850, -000.733799, 0000.069034, 0000.170068, -000.287564, 0000.348772, 0000.892000, 0000.045786, -000.678626, 0000.583007, -000.446732, 0000.910883,   080,  0,  0000.000000, 0000.000000, 0000.000000, 0000.000000, 0000.000000, 0000.000000, 0000.000000, 0000.000000, 0000.000000, 0000.000000, 0000.000000, 0000.000000,   087,  1,  0000.686004, 0000.717242, 0000.122319, 0000.155146, 0000.167423, -000.319208, 0000.932779, -000.015232, 0000.708073, -000.619411, -000.339061, 0000.703645, 
0000000043, 1570657590.797791512,   019,  2,  0000.992524, -000.105734, -000.060962, 0000.017914, -000.105494, -000.994394, 0000.007146, 0000.144353, -000.061376, -000.000662, -000.998115, 0001.005184,   051,  1,  0000.670012, -000.581060, 0000.462009, 0000.062953, -000.468543, 0000.151729, 0000.870314, -000.034213, -000.575805, -000.799592, -000.170592, 0000.604212,   073,  1,  -000.676173, -000.733524, 0000.068789, 0000.170101, -000.287795, 0000.348931, 0000.891864, 0000.045501, -000.678206, 0000.583257, -000.447043, 0000.911081,   080,  0,  0000.000000, 0000.000000, 0000.000000, 0000.000000, 0000.000000, 0000.000000, 0000.000000, 0000.000000, 0000.000000, 0000.000000, 0000.000000, 0000.000000,   087,  1,  0000.686081, 0000.717152, 0000.122420, 0000.155150, 0000.167392, -000.319360, 0000.932732, -000.015224, 0000.708006, -000.619437, -000.339153, 0000.703644, 
