% Measurements merged on 10/09/19 16:35:59 Central Daylight Time
% Original files:
%    1: C:\Users\Al\Desktop\Nayo\KACEY\STROKE\RTIS2001\RTIS2001_00000002_Series2s24.hts  (Series2s24)
%    2: C:\Users\Al\Desktop\Nayo\KACEY\STROKE\RTIS2001\RTIS2001_00000002_Series2s25.hts  (Series2s25)
% Merge host: Al-PC
% System: MERGED
% nSharedImages: 1000
%
% Interpolated markers have status set to 2
%
% EMB001 (Marker properties) Series:2031, ID:019, Size:35, Thickness:001.846, tPu:[+000.000 +000.000 +000.000]
% EMB001 (Marker properties) Series:2031, ID:051, Size:35, Thickness:001.844, tPu:[+000.000 +000.000 +000.000]
% EMB001 (Marker properties) Series:2032, ID:073, Size:44, Thickness:002.200, tPu:[+000.000 +000.000 +000.000]
% EMB001 (Marker properties) Series:2032, ID:080, Size:44, Thickness:002.203, tPu:[+000.000 +000.000 +000.000]
% EMB001 (Marker properties) Series:2032, ID:087, Size:44, Thickness:002.251, tPu:[+000.000 +000.000 +000.000]
%
% ImageNumber,             FrameTime,           Marker,  ST, HT(1, 1),    HT(1, 2),    HT(1, 3),    HT(1, 4),    HT(2, 1),    HT(2, 2),    HT(2, 3),    HT(2, 4),    HT(3, 1),    HT(3, 2),    HT(3, 3),    HT(3, 4)
%
0000000000, 1570657353.011274942,   019,  0,  0000.000000, 0000.000000, 0000.000000, 0000.000000, 0000.000000, 0000.000000, 0000.000000, 0000.000000, 0000.000000, 0000.000000, 0000.000000, 0000.000000,   051,  1,  0000.836806, -000.377915, 0000.396152, 0000.036329, -000.286944, 0000.313505, 0000.905195, -000.053122, -000.466282, -000.871146, 0000.153903, 0000.494765,   073,  1,  -000.888458, -000.455082, -000.059523, 0000.089747, -000.273389, 0000.420588, 0000.865080, 0000.071492, -000.368647, 0000.784861, -000.498089, 0000.873637,   080,  1,  0000.869705, -000.471219, 0000.146853, -000.133864, -000.461999, -000.672497, 0000.578191, 0000.056592, -000.173697, -000.570702, -000.802577, 0000.890381,   087,  1,  0000.458480, 0000.877510, 0000.140614, 0000.097414, 0000.326221, -000.313355, 0000.891846, -000.024577, 0000.826665, -000.363022, -000.429929, 0000.614292, 
0000000001, 1570657353.022510369,   019,  0,  0000.000000, 0000.000000, 0000.000000, 0000.000000, 0000.000000, 0000.000000, 0000.000000, 0000.000000, 0000.000000, 0000.000000, 0000.000000, 0000.000000,   051,  1,  0000.836213, -000.376996, 0000.398274, 0000.036218, -000.288504, 0000.315208, 0000.904107, -000.051789, -000.466384, -000.870929, 0000.154816, 0000.494495,   073,  1,  -000.888030, -000.456063, -000.058394, 0000.089922, -000.272862, 0000.420519, 0000.865280, 0000.071425, -000.370066, 0000.784328, -000.497876, 0000.873608,   080,  1,  0000.869558, -000.471359, 0000.147273, -000.133882, -000.462358, -000.672331, 0000.578097, 0000.056568, -000.173475, -000.570782, -000.802568, 0000.890518,   087,  1,  0000.458838, 0000.876690, 0000.144509, 0000.097278, 0000.323754, -000.316422, 0000.891662, -000.023848, 0000.827437, -000.362343, -000.429018, 0000.614146, 
0000000002, 1570657353.033746774,   019,  0,  0000.000000, 0000.000000, 0000.000000, 0000.000000, 0000.000000, 0000.000000, 0000.000000, 0000.000000, 0000.000000, 0000.000000, 0000.000000, 0000.000000,   051,  1,  0000.835947, -000.376656, 0000.399152, 0000.036168, -000.288330, 0000.317425, 0000.903386, -000.050941, -000.466967, -000.870271, 0000.156750, 0000.494203,   073,  1,  -000.887336, -000.457592, -000.056952, 0000.090100, -000.271161, 0000.417904, 0000.867080, 0000.071754, -000.372969, 0000.784835, -000.494902, 0000.873569,   080,  1,  0000.869389, -000.471524, 0000.147741, -000.133841, -000.462801, -000.672256, 0000.577829, 0000.056548, -000.173141, -000.570733, -000.802674, 0000.890304,   087,  1,  0000.460016, 0000.875928, 0000.145381, 0000.097238, 0000.321880, -000.317108, 0000.892096, -000.022869, 0000.827513, -000.363583, -000.427819, 0000.613909, 
0000000003, 1570657353.044982642,   019,  0,  0000.000000, 0000.000000, 0000.000000, 0000.000000, 0000.000000, 0000.000000, 0000.000000, 0000.000000, 0000.000000, 0000.000000, 0000.000000, 0000.000000,   051,  1,  0000.836143, -000.376863, 0000.398546, 0000.036335, -000.287491, 0000.317693, 0000.903560, -000.050083, -000.467133, -000.870084, 0000.157292, 0000.493904,   073,  1,  -000.886808, -000.458839, -000.055118, 0000.090259, -000.268677, 0000.414851, 0000.869316, 0000.072114, -000.376010, 0000.785726, -000.491173, 0000.873670,   080,  1,  0000.869438, -000.471556, 0000.147351, -000.133828, -000.462641, -000.672485, 0000.577692, 0000.056543, -000.173323, -000.570438, -000.802845, 0000.890391,   087,  1,  0000.459968, 0000.876128, 0000.144323, 0000.097406, 0000.320991, -000.315614, 0000.892946, -000.022165, 0000.827885, -000.364400, -000.426401, 0000.613638, 
0000000004, 1570657353.056218735,   019,  0,  0000.000000, 0000.000000, 0000.000000, 0000.000000, 0000.000000, 0000.000000, 0000.000000, 0000.000000, 0000.000000, 0000.000000, 0000.000000, 0000.000000,   051,  1,  0000.835795, -000.376802, 0000.399333, 0000.036851, -000.288558, 0000.317310, 0000.903354, -000.049713, -000.467098, -000.870250, 0000.156477, 0000.493567,   073,  1,  -000.886321, -000.460071, -000.052627, 0000.090388, -000.265539, 0000.411845, 0000.871707, 0000.072548, -000.379373, 0000.786587, -000.487193, 0000.873750,   080,  1,  0000.869381, -000.471710, 0000.147195, -000.133767, -000.462724, -000.672624, 0000.577463, 0000.056533, -000.173388, -000.570146, -000.803038, 0000.890109,   087,  1,  0000.459554, 0000.876182, 0000.145308, 0000.097780, 0000.321519, -000.316632, 0000.892395, -000.021866, 0000.827910, -000.363385, -000.427219, 0000.613247, 
0000000005, 1570657353.067454449,   019,  0,  0000.000000, 0000.000000, 0000.000000, 0000.000000, 0000.000000, 0000.000000, 0000.000000, 0000.000000, 0000.000000, 0000.000000, 0000.000000, 0000.000000,   051,  1,  0000.835521, -000.377385, 0000.399357, 0000.037337, -000.289328, 0000.315714, 0000.903667, -000.050228, -000.467113, -000.870578, 0000.154598, 0000.493293,   073,  1,  -000.886364, -000.460252, -000.050268, 0000.090467, -000.262209, 0000.409534, 0000.873801, 0000.073033, -000.381582, 0000.787687, -000.483678, 0000.873652,   080,  2,  0000.869359, -000.471966, 0000.146501, -000.133760, -000.462618, -000.673003, 0000.577107, 0000.056540, -000.173779, -000.569487, -000.803421, 0000.890054,   087,  1,  0000.458052, 0000.876854, 0000.146000, 0000.098211, 0000.321797, -000.316670, 0000.892282, -000.021814, 0000.828634, -000.361729, -000.427221, 0000.612922, 
0000000006, 1570657353.078690544,   019,  0,  0000.000000, 0000.000000, 0000.000000, 0000.000000, 0000.000000, 0000.000000, 0000.000000, 0000.000000, 0000.000000, 0000.000000, 0000.000000, 0000.000000,   051,  1,  0000.836273, -000.376415, 0000.398698, 0000.037687, -000.288979, 0000.315383, 0000.903894, -000.049756, -000.465982, -000.871117, 0000.154970, 0000.493085,   073,  1,  -000.886872, -000.459374, -000.049325, 0000.090502, -000.260493, 0000.409005, 0000.874562, 0000.073060, -000.381577, 0000.788473, -000.482399, 0000.873568,   080,  2,  0000.869338, -000.472221, 0000.145807, -000.133754, -000.462511, -000.673381, 0000.576750, 0000.056548, -000.174170, -000.568828, -000.803803, 0000.890000,   087,  1,  0000.456875, 0000.877252, 0000.147287, 0000.098457, 0000.321184, -000.317095, 0000.892352, -000.021921, 0000.829522, -000.360387, -000.426632, 0000.612847, 
0000000007, 1570657353.089926362,   019,  0,  0000.000000, 0000.000000, 0000.000000, 0000.000000, 0000.000000, 0000.000000, 0000.000000, 0000.000000, 0000.000000, 0000.000000, 0000.000000, 0000.000000,   051,  1,  0000.836462, -000.375533, 0000.399131, 0000.037987, -000.289035, 0000.316473, 0000.903495, -000.049349, -000.465607, -000.871103, 0000.156176, 0000.492955,   073,  1,  -000.887823, -000.457411, -000.050461, 0000.090474, -000.261109, 0000.410420, 0000.873715, 0000.072749, -000.378936, 0000.788879, -000.483815, 0000.873405,   080,  2,  0000.869316, -000.472475, 0000.145112, -000.133747, -000.462405, -000.673760, 0000.576393, 0000.056555, -000.174561, -000.568168, -000.804185, 0000.889945,   087,  1,  0000.456502, 0000.877324, 0000.148015, 0000.098618, 0000.319773, -000.317029, 0000.892882, -000.021970, 0000.830272, -000.360271, -000.425269, 0000.612831, 
0000000008, 1570657353.101162666,   019,  0,  0000.000000, 0000.000000, 0000.000000, 0000.000000, 0000.000000, 0000.000000, 0000.000000, 0000.000000, 0000.000000, 0000.000000, 0000.000000, 0000.000000,   051,  1,  0000.836315, -000.374555, 0000.400357, 0000.038165, -000.289958, 0000.317580, 0000.902811, -000.049406, -000.465298, -000.871121, 0000.156992, 0000.492890,   073,  1,  -000.888106, -000.456603, -000.052743, 0000.090400, -000.263686, 0000.412136, 0000.872132, 0000.072363, -000.376481, 0000.788453, -000.486420, 0000.873129,   080,  1,  0000.869293, -000.472729, 0000.144417, -000.133740, -000.462300, -000.674138, 0000.576036, 0000.056563, -000.174952, -000.567508, -000.804566, 0000.889890,   087,  1,  0000.455982, 0000.877532, 0000.148386, 0000.098739, 0000.318463, -000.316568, 0000.893513, -000.021931, 0000.831060, -000.360171, -000.423811, 0000.612798, 
0000000009, 1570657353.112398275,   019,  1,  0000.979674, -000.008824, -000.200401, -000.010356, 0000.036916, -000.974038, 0000.223354, 0000.184904, -000.197170, -000.226212, -000.953914, 0001.018190,   051,  1,  0000.836324, -000.373730, 0000.401108, 0000.038214, -000.290707, 0000.317994, 0000.902424, -000.049364, -000.464813, -000.871324, 0000.157300, 0000.492806,   073,  1,  -000.888070, -000.456484, -000.054358, 0000.090325, -000.265897, 0000.413600, 0000.870766, 0000.071929, -000.375008, 0000.787755, -000.488684, 0000.872895,   080,  1,  0000.868797, -000.473484, 0000.144928, -000.133841, -000.463221, -000.673728, 0000.575774, 0000.056573, -000.174978, -000.567365, -000.804661, 0000.890307,   087,  1,  0000.455361, 0000.877712, 0000.149226, 0000.098698, 0000.317427, -000.316653, 0000.893852, -000.021871, 0000.831797, -000.359657, -000.422801, 0000.612718, 
0000000010, 1570657353.123634381,   019,  1,  0000.979776, -000.012503, -000.199707, -000.010348, 0000.032951, -000.974339, 0000.222663, 0000.184840, -000.197366, -000.224740, -000.954221, 0001.018447,   051,  1,  0000.836327, -000.372961, 0000.401817, 0000.038270, -000.291600, 0000.318035, 0000.902121, -000.049280, -000.464248, -000.871639, 0000.157226, 0000.492709,   073,  1,  -000.888134, -000.456280, -000.055018, 0000.090304, -000.266805, 0000.414409, 0000.870103, 0000.071545, -000.374211, 0000.787447, -000.489789, 0000.872799,   080,  1,  0000.868647, -000.473821, 0000.144725, -000.133860, -000.463415, -000.673764, 0000.575577, 0000.056556, -000.175210, -000.567041, -000.804839, 0000.890227,   087,  1,  0000.455975, 0000.877389, 0000.149250, 0000.098663, 0000.317117, -000.316861, 0000.893888, -000.022166, 0000.831579, -000.360261, -000.422715, 0000.612706, 
0000000011, 1570657353.134870101,   019,  0,  0000.000000, 0000.000000, 0000.000000, 0000.000000, 0000.000000, 0000.000000, 0000.000000, 0000.000000, 0000.000000, 0000.000000, 0000.000000, 0000.000000,   051,  1,  0000.836422, -000.373045, 0000.401542, 0000.038282, -000.291840, 0000.316996, 0000.902409, -000.050010, -000.463927, -000.871981, 0000.156273, 0000.492745,   073,  1,  -000.888558, -000.455614, -000.053675, 0000.090381, -000.265626, 0000.415551, 0000.869920, 0000.071242, -000.374043, 0000.787231, -000.490264, 0000.872849,   080,  1,  0000.868416, -000.474368, 0000.144318, -000.133896, -000.463694, -000.673873, 0000.575224, 0000.056516, -000.175616, -000.566453, -000.805164, 0000.890232,   087,  1,  0000.455549, 0000.877939, 0000.147306, 0000.098677, 0000.317513, -000.314831, 0000.894465, -000.022540, 0000.831661, -000.360701, -000.422178, 0000.612675, 
0000000012, 1570657353.146106250,   019,  0,  0000.000000, 0000.000000, 0000.000000, 0000.000000, 0000.000000, 0000.000000, 0000.000000, 0000.000000, 0000.000000, 0000.000000, 0000.000000, 0000.000000,   051,  1,  0000.837103, -000.373218, 0000.399959, 0000.038317, -000.290937, 0000.315419, 0000.903253, -000.050766, -000.463265, -000.872479, 0000.155455, 0000.492837,   073,  1,  -000.888759, -000.455705, -000.049392, 0000.090527, -000.262153, 0000.416948, 0000.870304, 0000.071185, -000.376008, 0000.786440, -000.490031, 0000.872824,   080,  1,  0000.867971, -000.475174, 0000.144346, -000.134001, -000.464482, -000.673906, 0000.574550, 0000.056485, -000.175735, -000.565739, -000.805641, 0000.890684,   087,  1,  0000.455370, 0000.878342, 0000.145441, 0000.098705, 0000.318527, -000.313279, 0000.894649, -000.023252, 0000.831372, -000.361069, -000.422434, 0000.612805, 
0000000013, 1570657353.157342045,   019,  0,  0000.000000, 0000.000000, 0000.000000, 0000.000000, 0000.000000, 0000.000000, 0000.000000, 0000.000000, 0000.000000, 0000.000000, 0000.000000, 0000.000000,   051,  1,  0000.837005, -000.373077, 0000.400295, 0000.038635, -000.291726, 0000.314667, 0000.903261, -000.051410, -000.462945, -000.872811, 0000.154541, 0000.492930,   073,  1,  -000.888939, -000.455932, -000.043751, 0000.090731, -000.257526, 0000.418529, 0000.870927, 0000.070837, -000.378772, 0000.785468, -000.489461, 0000.872962,   080,  2,  0000.867810, -000.475559, 0000.144046, -000.134014, -000.464765, -000.674289, 0000.573871, 0000.056412, -000.175781, -000.564959, -000.806178, 0000.890605,   087,  1,  0000.455326, 0000.878380, 0000.145348, 0000.098922, 0000.318870, -000.313311, 0000.894516, -000.023930, 0000.831264, -000.360949, -000.422748, 0000.612930, 
0000000014, 1570657353.168578274,   019,  0,  0000.000000, 0000.000000, 0000.000000, 0000.000000, 0000.000000, 0000.000000, 0000.000000, 0000.000000, 0000.000000, 0000.000000, 0000.000000, 0000.000000,   051,  1,  0000.837358, -000.372315, 0000.400265, 0000.039070, -000.292539, 0000.313345, 0000.903458, -000.051760, -000.461792, -000.873611, 0000.153465, 0000.493058,   073,  1,  -000.888798, -000.456587, -000.039570, 0000.090959, -000.254844, 0000.420622, 0000.870708, 0000.070275, -000.380910, 0000.783968, -000.490206, 0000.873182,   080,  1,  0000.867649, -000.475943, 0000.143746, -000.134027, -000.465049, -000.674671, 0000.573192, 0000.056338, -000.175826, -000.564178, -000.806715, 0000.890526,   087,  1,  0000.453994, 0000.879133, 0000.144963, 0000.099297, 0000.318725, -000.312168, 0000.894967, -000.024339, 0000.832048, -000.360106, -000.421924, 0000.613047, 
0000000015, 1570657353.179814029,   019,  0,  0000.000000, 0000.000000, 0000.000000, 0000.000000, 0000.000000, 0000.000000, 0000.000000, 0000.000000, 0000.000000, 0000.000000, 0000.000000, 0000.000000,   051,  1,  0000.837332, -000.371313, 0000.401251, 0000.039622, -000.293738, 0000.313447, 0000.903033, -000.051773, -000.461079, -000.874001, 0000.153390, 0000.493124,   073,  1,  -000.888226, -000.457839, -000.037922, 0000.091239, -000.254904, 0000.422479, 0000.869790, 0000.069874, -000.382203, 0000.782237, -000.491962, 0000.873277,   080,  1,  0000.867461, -000.476204, 0000.144016, -000.134089, -000.465519, -000.674816, 0000.572640, 0000.056289, -000.175509, -000.563785, -000.807058, 0000.890773,   087,  1,  0000.453121, 0000.879355, 0000.146343, 0000.099714, 0000.317424, -000.312560, 0000.895292, -000.024475, 0000.833021, -000.359223, -000.420756, 0000.613236, 
0000000016, 1570657353.191050077,   019,  0,  0000.000000, 0000.000000, 0000.000000, 0000.000000, 0000.000000, 0000.000000, 0000.000000, 0000.000000, 0000.000000, 0000.000000, 0000.000000, 0000.000000,   051,  1,  0000.836910, -000.369313, 0000.403967, 0000.040226, -000.296148, 0000.315149, 0000.901653, -000.051509, -000.460302, -000.874236, 0000.154381, 0000.493216,   073,  1,  -000.887292, -000.459686, -000.037450, 0000.091605, -000.255847, 0000.423023, 0000.869249, 0000.069746, -000.383739, 0000.780859, -000.492954, 0000.873289,   080,  1,  0000.867317, -000.476274, 0000.144650, -000.134046, -000.466029, -000.674896, 0000.572130, 0000.056202, -000.174867, -000.563629, -000.807306, 0000.890401,   087,  1,  0000.452471, 0000.879294, 0000.148703, 0000.100209, 0000.315104, -000.313631, 0000.895737, -000.024522, 0000.834254, -000.358438, -000.418978, 0000.613490, 
0000000017, 1570657353.202285924,   019,  1,  0000.980396, -000.020084, -000.196012, -000.009785, 0000.022152, -000.977251, 0000.210928, 0000.183782, -000.195789, -000.211135, -000.957648, 0001.018493,   051,  1,  0000.836921, -000.368462, 0000.404720, 0000.040759, -000.296678, 0000.315992, 0000.901183, -000.051098, -000.459940, -000.874291, 0000.155146, 0000.493360,   073,  1,  -000.886023, -000.462249, -000.035905, 0000.092091, -000.255703, 0000.422585, 0000.869504, 0000.069568, -000.386755, 0000.779582, -000.492618, 0000.873522,   080,  1,  0000.866733, -000.476875, 0000.146168, -000.134036, -000.467449, -000.674420, 0000.571532, 0000.056152, -000.173971, -000.563692, -000.807456, 0000.890405,   087,  1,  0000.451795, 0000.879542, 0000.149292, 0000.100672, 0000.313002, -000.312984, 0000.896700, -000.023905, 0000.835411, -000.358396, -000.416703, 0000.613660, 
0000000018, 1570657353.213522558,   019,  1,  0000.981088, -000.021281, -000.192388, -000.009716, 0000.019871, -000.977613, 0000.209469, 0000.183618, -000.192538, -000.209331, -000.958702, 0001.018241,   051,  1,  0000.836052, -000.367957, 0000.406969, 0000.041391, -000.299139, 0000.316100, 0000.900331, -000.050478, -000.459927, -000.874464, 0000.154206, 0000.493447,   073,  1,  -000.884978, -000.464488, -000.032623, 0000.092658, -000.253282, 0000.421414, 0000.870780, 0000.069607, -000.390720, 0000.778884, -000.490589, 0000.873819,   080,  2,  0000.866572, -000.476936, 0000.146915, -000.134041, -000.468031, -000.674520, 0000.570938, 0000.056131, -000.173204, -000.563520, -000.807741, 0000.890496,   087,  1,  0000.452410, 0000.878972, 0000.150776, 0000.101175, 0000.311549, -000.314187, 0000.896785, -000.023544, 0000.835621, -000.358740, -000.415984, 0000.613818, 
0000000019, 1570657353.224758394,   019,  2,  0000.981315, -000.021334, -000.191220, -000.009657, 0000.019402, -000.977795, 0000.208662, 0000.183606, -000.191426, -000.208473, -000.959112, 0001.018509,   051,  1,  0000.835703, -000.367157, 0000.408407, 0000.042052, -000.301150, 0000.315507, 0000.899869, -000.049916, -000.459249, -000.875015, 0000.153101, 0000.493539,   073,  1,  -000.883710, -000.467205, -000.027874, 0000.093247, -000.249441, 0000.419746, 0000.872693, 0000.069977, -000.396026, 0000.778160, -000.487474, 0000.874046,   080,  1,  0000.866412, -000.476998, 0000.147663, -000.134045, -000.468611, -000.674619, 0000.570344, 0000.056111, -000.172437, -000.563349, -000.808024, 0000.890587,   087,  1,  0000.452419, 0000.878733, 0000.152134, 0000.101809, 0000.311153, -000.315407, 0000.896494, -000.023394, 0000.835763, -000.358254, -000.416117, 0000.613960, 
0000000020, 1570657353.235996017,   019,  2,  0000.981541, -000.021389, -000.190052, -000.009598, 0000.018934, -000.977977, 0000.207854, 0000.183593, -000.190312, -000.207616, -000.959519, 0001.018777,   051,  1,  0000.835584, -000.367208, 0000.408605, 0000.042559, -000.302000, 0000.314275, 0000.900015, -000.050081, -000.458907, -000.875437, 0000.151707, 0000.493741,   073,  1,  -000.882699, -000.469353, -000.023465, 0000.093784, -000.245701, 0000.418368, 0000.874413, 0000.070275, -000.400592, 0000.777609, -000.484614, 0000.874323,   080,  1,  0000.866324, -000.477039, 0000.148043, -000.133977, -000.469053, -000.675116, 0000.569393, 0000.056068, -000.171677, -000.562719, -000.808625, 0000.890396,   087,  1,  0000.451951, 0000.879011, 0000.151918, 0000.102349, 0000.311168, -000.314956, 0000.896648, -000.023314, 0000.836011, -000.357969, -000.415865, 0000.614172, 
0000000021, 1570657353.247229810,   019,  2,  0000.981765, -000.021445, -000.188884, -000.009539, 0000.018468, -000.978157, 0000.207046, 0000.183581, -000.189199, -000.206758, -000.959924, 0001.019045,   051,  1,  0000.835764, -000.367000, 0000.408422, 0000.042914, -000.302385, 0000.313239, 0000.900247, -000.050361, -000.458324, -000.875895, 0000.150819, 0000.494061,   073,  1,  -000.881956, -000.470878, -000.020672, 0000.094214, -000.243541, 0000.417725, 0000.875325, 0000.070330, -000.403536, 0000.777033, -000.483093, 0000.874632,   080,  1,  0000.866303, -000.477104, 0000.147955, -000.133940, -000.469288, -000.675875, 0000.568298, 0000.056032, -000.171138, -000.561752, -000.809411, 0000.890474,   087,  1,  0000.452027, 0000.879121, 0000.151055, 0000.102768, 0000.311223, -000.314138, 0000.896916, -000.023289, 0000.835950, -000.358419, -000.415601, 0000.614529, 
0000000022, 1570657353.258466036,   019,  1,  0000.981988, -000.021502, -000.187716, -000.009480, 0000.018002, -000.978337, 0000.206236, 0000.183569, -000.188084, -000.205901, -000.960328, 0001.019313,   051,  1,  0000.835108, -000.368045, 0000.408824, 0000.043240, -000.302724, 0000.313049, 0000.900199, -000.050363, -000.459296, -000.875524, 0000.150014, 0000.494493,   073,  1,  -000.881537, -000.471697, -000.019871, 0000.094511, -000.243343, 0000.417901, 0000.875296, 0000.070150, -000.404571, 0000.776441, -000.483179, 0000.874891,   080,  1,  0000.866386, -000.477008, 0000.147776, -000.133895, -000.469351, -000.676768, 0000.567181, 0000.056014, -000.170540, -000.560757, -000.810227, 0000.890449,   087,  1,  0000.452838, 0000.878873, 0000.150065, 0000.103164, 0000.310925, -000.313410, 0000.897274, -000.023500, 0000.835622, -000.359661, -000.415187, 0000.615002, 
0000000023, 1570657353.269701175,   019,  2,  0000.982105, -000.021914, -000.187054, -000.009400, 0000.017047, -000.978788, 0000.204167, 0000.183479, -000.187561, -000.203702, -000.960899, 0001.019540,   051,  1,  0000.835145, -000.368082, 0000.408715, 0000.043555, -000.302942, 0000.312396, 0000.900353, -000.050255, -000.459085, -000.875742, 0000.149388, 0000.494971,   073,  1,  -000.881357, -000.472007, -000.020486, 0000.094708, -000.244752, 0000.419065, 0000.874346, 0000.069751, -000.404113, 0000.775624, -000.484871, 0000.875135,   080,  1,  0000.866211, -000.477114, 0000.148461, -000.133849, -000.470025, -000.677184, 0000.566126, 0000.055978, -000.169571, -000.560165, -000.810840, 0000.890350,   087,  1,  0000.452992, 0000.878964, 0000.149069, 0000.103574, 0000.310380, -000.312236, 0000.897871, -000.023638, 0000.835741, -000.360460, -000.414253, 0000.615491, 
0000000024, 1570657353.280937415,   019,  2,  0000.982221, -000.022327, -000.186394, -000.009321, 0000.016092, -000.979234, 0000.202096, 0000.183388, -000.187035, -000.201502, -000.961465, 0001.019767,   051,  1,  0000.834830, -000.367918, 0000.409506, 0000.043965, -000.304013, 0000.312036, 0000.900116, -000.050389, -000.458950, -000.875939, 0000.148645, 0000.495414,   073,  1,  -000.881066, -000.472471, -000.022202, 0000.094855, -000.247328, 0000.420191, 0000.873080, 0000.069665, -000.403176, 0000.774732, -000.487072, 0000.875092,   080,  1,  0000.866176, -000.477081, 0000.148770, -000.133854, -000.470350, -000.677693, 0000.565246, 0000.055976, -000.168848, -000.559577, -000.811396, 0000.890623,   087,  1,  0000.453042, 0000.878957, 0000.148957, 0000.104017, 0000.309637, -000.311827, 0000.898270, -000.023919, 0000.835989, -000.360831, -000.413429, 0000.616025, 
0000000025, 1570657353.292173531,   019,  1,  0000.982337, -000.022742, -000.185734, -000.009241, 0000.015139, -000.979674, 0000.200023, 0000.183298, -000.186507, -000.199302, -000.962026, 0001.019994,   051,  1,  0000.834656, -000.366761, 0000.410895, 0000.044481, -000.305607, 0000.312256, 0000.899500, -000.050371, -000.458206, -000.876346, 0000.148542, 0000.495850,   073,  1,  -000.880752, -000.472976, -000.023859, 0000.095058, -000.249925, 0000.421422, 0000.871746, 0000.068993, -000.402260, 0000.773755, -000.489377, 0000.875457,   080,  2,  0000.865791, -000.477419, 0000.149924, -000.133758, -000.471401, -000.677622, 0000.564455, 0000.055911, -000.167890, -000.559375, -000.811735, 0000.890282,   087,  1,  0000.452960, 0000.878824, 0000.149985, 0000.104527, 0000.308551, -000.312368, 0000.898456, -000.023956, 0000.836435, -000.360686, -000.412652, 0000.616537, 
0000000026, 1570657353.303410272,   019,  0,  0000.000000, 0000.000000, 0000.000000, 0000.000000, 0000.000000, 0000.000000, 0000.000000, 0000.000000, 0000.000000, 0000.000000, 0000.000000, 0000.000000,   051,  1,  0000.834481, -000.366169, 0000.411779, 0000.045019, -000.306668, 0000.312255, 0000.899139, -000.050172, -000.457817, -000.876594, 0000.148278, 0000.496317,   073,  1,  -000.880425, -000.473553, -000.024469, 0000.095321, -000.251613, 0000.422812, 0000.870586, 0000.068710, -000.401923, 0000.772643, -000.491407, 0000.875633,   080,  1,  0000.865404, -000.477757, 0000.151077, -000.133661, -000.472451, -000.677550, 0000.563663, 0000.055846, -000.166932, -000.559172, -000.812071, 0000.889941,   087,  1,  0000.452385, 0000.879150, 0000.149811, 0000.105045, 0000.307674, -000.311522, 0000.899050, -000.023818, 0000.837069, -000.360624, -000.411419, 0000.617041, 
0000000027, 1570657353.314645538,   019,  0,  0000.000000, 0000.000000, 0000.000000, 0000.000000, 0000.000000, 0000.000000, 0000.000000, 0000.000000, 0000.000000, 0000.000000, 0000.000000, 0000.000000,   051,  1,  0000.834344, -000.365636, 0000.412530, 0000.045575, -000.307487, 0000.312423, 0000.898801, -000.050374, -000.457518, -000.876757, 0000.148239, 0000.496816,   073,  1,  -000.879747, -000.474849, -000.023754, 0000.095670, -000.252209, 0000.423745, 0000.869960, 0000.068532, -000.403034, 0000.771336, -000.492550, 0000.875843,   080,  2,  0000.865127, -000.477997, 0000.151905, -000.133638, -000.473262, -000.677704, 0000.562797, 0000.055803, -000.166069, -000.558782, -000.812517, 0000.890185,   087,  1,  0000.452425, 0000.879119, 0000.149870, 0000.105598, 0000.306621, -000.311149, 0000.899539, -000.023929, 0000.837434, -000.361021, -000.410328, 0000.617587, 
0000000028, 1570657353.325881564,   019,  0,  0000.000000, 0000.000000, 0000.000000, 0000.000000, 0000.000000, 0000.000000, 0000.000000, 0000.000000, 0000.000000, 0000.000000, 0000.000000, 0000.000000,   051,  1,  0000.834295, -000.365183, 0000.413029, 0000.046172, -000.308019, 0000.312592, 0000.898560, -000.050554, -000.457248, -000.876885, 0000.148311, 0000.497314,   073,  1,  -000.878518, -000.477183, -000.022424, 0000.096108, -000.252171, 0000.423369, 0000.870154, 0000.068304, -000.405729, 0000.770101, -000.492269, 0000.876249,   080,  1,  0000.864848, -000.478237, 0000.152732, -000.133615, -000.474073, -000.677857, 0000.561930, 0000.055759, -000.165205, -000.558390, -000.812962, 0000.890429,   087,  1,  0000.452493, 0000.879071, 0000.149946, 0000.106213, 0000.305841, -000.310925, 0000.899882, -000.024080, 0000.837682, -000.361330, -000.409548, 0000.618142, 
0000000029, 1570657353.337117499,   019,  0,  0000.000000, 0000.000000, 0000.000000, 0000.000000, 0000.000000, 0000.000000, 0000.000000, 0000.000000, 0000.000000, 0000.000000, 0000.000000, 0000.000000,   051,  1,  0000.834145, -000.364403, 0000.414019, 0000.046884, -000.309354, 0000.312346, 0000.898187, -000.050450, -000.456619, -000.877297, 0000.147812, 0000.497761,   073,  1,  -000.877109, -000.479886, -000.019727, 0000.096618, -000.250888, 0000.422762, 0000.870820, 0000.068300, -000.409554, 0000.768754, -000.491206, 0000.876616,   080,  1,  0000.864586, -000.478367, 0000.153806, -000.133538, -000.474892, -000.677852, 0000.561244, 0000.055688, -000.164223, -000.558285, -000.813234, 0000.890376,   087,  1,  0000.452396, 0000.879169, 0000.149664, 0000.106891, 0000.305343, -000.310372, 0000.900241, -000.023879, 0000.837916, -000.361567, -000.408860, 0000.618585, 
0000000030, 1570657353.348353332,   019,  0,  0000.000000, 0000.000000, 0000.000000, 0000.000000, 0000.000000, 0000.000000, 0000.000000, 0000.000000, 0000.000000, 0000.000000, 0000.000000, 0000.000000,   051,  1,  0000.834032, -000.363063, 0000.415422, 0000.047684, -000.311290, 0000.311995, 0000.897640, -000.050026, -000.455510, -000.877977, 0000.147196, 0000.498149,   073,  1,  -000.875719, -000.482574, -000.015457, 0000.097165, -000.248170, 0000.422428, 0000.871761, 0000.068313, -000.414159, 0000.767253, -000.489688, 0000.877042,   080,  2,  0000.864531, -000.478203, 0000.154620, -000.133408, -000.475389, -000.678278, 0000.560308, 0000.055597, -000.163066, -000.557908, -000.813725, 0000.890182,   087,  1,  0000.452079, 0000.879293, 0000.149896, 0000.107625, 0000.304871, -000.310248, 0000.900444, -000.023895, 0000.838259, -000.361373, -000.408328, 0000.619058, 
0000000031, 1570657353.359589360,   019,  0,  0000.000000, 0000.000000, 0000.000000, 0000.000000, 0000.000000, 0000.000000, 0000.000000, 0000.000000, 0000.000000, 0000.000000, 0000.000000, 0000.000000,   051,  1,  0000.833708, -000.361879, 0000.417102, 0000.048467, -000.313439, 0000.311747, 0000.896978, -000.049512, -000.454628, -000.878554, 0000.146480, 0000.498516,   073,  1,  -000.874454, -000.484980, -000.011209, 0000.097732, -000.245405, 0000.422315, 0000.872597, 0000.068330, -000.418458, 0000.765797, -000.488312, 0000.877471,   080,  1,  0000.864476, -000.478039, 0000.155434, -000.133278, -000.475885, -000.678703, 0000.559370, 0000.055505, -000.161908, -000.557531, -000.814214, 0000.889988,   087,  1,  0000.451622, 0000.879433, 0000.150449, 0000.108348, 0000.304234, -000.310312, 0000.900638, -000.023745, 0000.838737, -000.360976, -000.407697, 0000.619495, 
0000000032, 1570657353.370825433,   019,  0,  0000.000000, 0000.000000, 0000.000000, 0000.000000, 0000.000000, 0000.000000, 0000.000000, 0000.000000, 0000.000000, 0000.000000, 0000.000000, 0000.000000,   051,  1,  0000.833375, -000.360876, 0000.418635, 0000.049159, -000.315574, 0000.311154, 0000.896435, -000.049662, -000.453762, -000.879177, 0000.145425, 0000.498928,   073,  1,  -000.873300, -000.487124, -000.007634, 0000.098268, -000.243326, 0000.422544, 0000.873069, 0000.068506, -000.422066, 0000.764308, -000.487538, 0000.877761,   080,  1,  0000.864083, -000.478426, 0000.156428, -000.133146, -000.476933, -000.678837, 0000.558315, 0000.055414, -000.160923, -000.557036, -000.814748, 0000.889900,   087,  1,  0000.451516, 0000.879488, 0000.150447, 0000.109026, 0000.303744, -000.310046, 0000.900895, -000.023672, 0000.838971, -000.361071, -000.407130, 0000.619954, 
0000000033, 1570657353.382061277,   019,  0,  0000.000000, 0000.000000, 0000.000000, 0000.000000, 0000.000000, 0000.000000, 0000.000000, 0000.000000, 0000.000000, 0000.000000, 0000.000000, 0000.000000,   051,  1,  0000.832823, -000.360770, 0000.419823, 0000.049708, -000.316973, 0000.310956, 0000.896010, -000.049556, -000.453800, -000.879290, 0000.144617, 0000.499374,   073,  1,  -000.872034, -000.489420, -000.005003, 0000.098788, -000.242180, 0000.422581, 0000.873369, 0000.068503, -000.425331, 0000.762819, -000.487033, 0000.878129,   080,  2,  0000.864086, -000.478233, 0000.156998, -000.133034, -000.477246, -000.679278, 0000.557511, 0000.055344, -000.159975, -000.556664, -000.815189, 0000.889972,   087,  1,  0000.451721, 0000.879386, 0000.150427, 0000.109614, 0000.302824, -000.309732, 0000.901312, -000.023509, 0000.839194, -000.361588, -000.406211, 0000.620413, 
0000000034, 1570657353.393297211,   019,  0,  0000.000000, 0000.000000, 0000.000000, 0000.000000, 0000.000000, 0000.000000, 0000.000000, 0000.000000, 0000.000000, 0000.000000, 0000.000000, 0000.000000,   051,  1,  0000.832298, -000.361119, 0000.420563, 0000.050149, -000.317870, 0000.310640, 0000.895802, -000.048740, -000.454135, -000.879259, 0000.143756, 0000.499872,   073,  1,  -000.870728, -000.491752, -000.003496, 0000.099265, -000.241974, 0000.422245, 0000.873589, 0000.068465, -000.428113, 0000.761505, -000.486652, 0000.878500,   080,  1,  0000.864088, -000.478041, 0000.157568, -000.132922, -000.477558, -000.679718, 0000.556706, 0000.055274, -000.159026, -000.556291, -000.815629, 0000.890044,   087,  1,  0000.452546, 0000.879098, 0000.149629, 0000.110113, 0000.302366, -000.309125, 0000.901674, -000.023439, 0000.838914, -000.362806, -000.405703, 0000.620898, 
0000000035, 1570657353.404533135,   019,  0,  0000.000000, 0000.000000, 0000.000000, 0000.000000, 0000.000000, 0000.000000, 0000.000000, 0000.000000, 0000.000000, 0000.000000, 0000.000000, 0000.000000,   051,  1,  0000.831559, -000.362388, 0000.420934, 0000.050459, -000.318569, 0000.309633, 0000.895903, -000.049088, -000.454999, -000.879092, 0000.142032, 0000.500436,   073,  1,  -000.869392, -000.494115, -000.002762, 0000.099730, -000.242561, 0000.421901, 0000.873593, 0000.068490, -000.430490, 0000.760165, -000.486650, 0000.878793,   080,  1,  0000.863951, -000.477980, 0000.158505, -000.132767, -000.478159, -000.679912, 0000.555953, 0000.055217, -000.157965, -000.556107, -000.815961, 0000.889926,   087,  1,  0000.454034, 0000.878530, 0000.148450, 0000.110572, 0000.301639, -000.308338, 0000.902187, -000.023579, 0000.838371, -000.364846, -000.404995, 0000.621436, 
0000000036, 1570657353.415769209,   019,  0,  0000.000000, 0000.000000, 0000.000000, 0000.000000, 0000.000000, 0000.000000, 0000.000000, 0000.000000, 0000.000000, 0000.000000, 0000.000000, 0000.000000,   051,  1,  0000.830769, -000.363764, 0000.421305, 0000.050799, -000.319262, 0000.308608, 0000.896009, -000.049270, -000.455954, -000.878884, 0000.140246, 0000.501031,   073,  1,  -000.868210, -000.496193, -000.002102, 0000.100179, -000.243041, 0000.421559, 0000.873624, 0000.068607, -000.432600, 0000.759000, -000.486597, 0000.879014,   080,  1,  0000.863798, -000.477984, 0000.159324, -000.132638, -000.478768, -000.680190, 0000.555088, 0000.055176, -000.156952, -000.555763, -000.816390, 0000.890084,   087,  1,  0000.455205, 0000.878041, 0000.147756, 0000.111040, 0000.301242, -000.308032, 0000.902424, -000.023472, 0000.837879, -000.366278, -000.404721, 0000.621935, 
0000000037, 1570657353.427005145,   019,  0,  0000.000000, 0000.000000, 0000.000000, 0000.000000, 0000.000000, 0000.000000, 0000.000000, 0000.000000, 0000.000000, 0000.000000, 0000.000000, 0000.000000,   051,  1,  0000.830240, -000.364151, 0000.422014, 0000.051196, -000.320358, 0000.307842, 0000.895882, -000.049007, -000.456150, -000.878992, 0000.138924, 0000.501624,   073,  1,  -000.866910, -000.498462, -000.001460, 0000.100628, -000.243598, 0000.421099, 0000.873691, 0000.068502, -000.434887, 0000.757767, -000.486480, 0000.879358,   080,  1,  0000.863803, -000.477905, 0000.159533, -000.132470, -000.478943, -000.680598, 0000.554437, 0000.055108, -000.156390, -000.555332, -000.816792, 0000.889979,   087,  1,  0000.456061, 0000.877712, 0000.147070, 0000.111580, 0000.300910, -000.307607, 0000.902680, -000.023562, 0000.837533, -000.367422, -000.404400, 0000.622493, 
0000000038, 1570657353.438241050,   019,  1,  0000.985719, -000.024824, -000.166560, -000.007801, 0000.006733, -000.982474, 0000.186276, 0000.181665, -000.168265, -000.184738, -000.968276, 0001.018769,   051,  1,  0000.829379, -000.364945, 0000.423019, 0000.051586, -000.321583, 0000.307312, 0000.895625, -000.049480, -000.456853, -000.878848, 0000.137518, 0000.502283,   073,  1,  -000.866023, -000.500004, -000.000519, 0000.101063, -000.243664, 0000.421127, 0000.873659, 0000.068358, -000.436615, 0000.756735, -000.486538, 0000.879668,   080,  1,  0000.863567, -000.478195, 0000.159942, -000.132299, -000.479508, -000.680700, 0000.553822, 0000.055052, -000.155963, -000.554956, -000.817129, 0000.889851,   087,  1,  0000.456602, 0000.877497, 0000.146678, 0000.112117, 0000.300253, -000.307183, 0000.903043, -000.023732, 0000.837474, -000.368290, -000.403732, 0000.623136, 
0000000039, 1570657353.449476792,   019,  1,  0000.985948, -000.025013, -000.165166, -000.007682, 0000.006086, -000.982691, 0000.185153, 0000.181965, -000.166939, -000.183557, -000.968730, 0001.021005,   051,  1,  0000.828975, -000.364690, 0000.424031, 0000.051987, -000.322968, 0000.306833, 0000.895291, -000.049255, -000.456610, -000.879122, 0000.136574, 0000.502954,   073,  1,  -000.865169, -000.501478, 0000.001074, 0000.101513, -000.243454, 0000.421885, 0000.873352, 0000.068126, -000.438420, 0000.755336, -000.487089, 0000.880000,   080,  2,  0000.863231, -000.478445, 0000.161007, -000.132139, -000.480389, -000.680567, 0000.553223, 0000.055000, -000.155110, -000.554905, -000.817326, 0000.889785,   087,  1,  0000.457514, 0000.877013, 0000.146728, 0000.112619, 0000.299270, -000.307254, 0000.903345, -000.023560, 0000.837328, -000.369382, -000.403036, 0000.623770, 
0000000040, 1570657353.460712984,   019,  2,  0000.986221, -000.025299, -000.163486, -000.007521, 0000.005319, -000.982877, 0000.184185, 0000.181787, -000.165346, -000.182517, -000.969200, 0001.020631,   051,  1,  0000.827967, -000.365252, 0000.425513, 0000.052400, -000.324659, 0000.306478, 0000.894800, -000.048922, -000.457238, -000.879012, 0000.135171, 0000.503637,   073,  1,  -000.864142, -000.503240, 0000.002621, 0000.101976, -000.243622, 0000.422881, 0000.872823, 0000.067967, -000.440348, 0000.753605, -000.488030, 0000.880272,   080,  1,  0000.862893, -000.478694, 0000.162072, -000.131978, -000.481269, -000.680433, 0000.552622, 0000.054948, -000.154258, -000.554854, -000.817522, 0000.889718,   087,  1,  0000.458343, 0000.876547, 0000.146927, 0000.113137, 0000.298064, -000.307337, 0000.903715, -000.023667, 0000.837305, -000.370418, -000.402133, 0000.624493, 
0000000041, 1570657353.471948949,   019,  2,  0000.986491, -000.025587, -000.161805, -000.007360, 0000.004554, -000.983062, 0000.183216, 0000.181609, -000.163752, -000.181478, -000.969665, 0001.020258,   051,  1,  0000.826710, -000.365984, 0000.427324, 0000.052815, -000.326625, 0000.306232, 0000.894169, -000.048931, -000.458112, -000.878793, 0000.133626, 0000.504329,   073,  1,  -000.863017, -000.505164, 0000.003340, 0000.102456, -000.244419, 0000.423332, 0000.872382, 0000.067881, -000.442110, 0000.752064, -000.488814, 0000.880548,   080,  1,  0000.862936, -000.478261, 0000.163120, -000.131782, -000.481576, -000.680593, 0000.552157, 0000.054864, -000.153056, -000.555031, -000.817627, 0000.889405,   087,  1,  0000.459269, 0000.875987, 0000.147374, 0000.113678, 0000.296832, -000.307711, 0000.903994, -000.023384, 0000.837235, -000.371431, -000.401343, 0000.625125, 
0000000042, 1570657353.483184888,   019,  2,  0000.986758, -000.025876, -000.160124, -000.007199, 0000.003790, -000.983246, 0000.182245, 0000.181432, -000.162157, -000.180439, -000.970127, 0001.019884,   051,  1,  0000.825649, -000.366122, 0000.429253, 0000.053244, -000.328978, 0000.305677, 0000.893496, -000.048517, -000.458341, -000.878929, 0000.131936, 0000.505016,   073,  1,  -000.861620, -000.507542, 0000.003603, 0000.102985, -000.245688, 0000.423279, 0000.872051, 0000.067642, -000.444127, 0000.750491, -000.489402, 0000.880996,   080,  1,  0000.862359, -000.478654, 0000.165006, -000.131712, -000.483013, -000.680082, 0000.551531, 0000.054846, -000.151775, -000.555318, -000.817671, 0000.889933,   087,  1,  0000.460579, 0000.875288, 0000.147438, 0000.114240, 0000.295920, -000.308020, 0000.904187, -000.023306, 0000.836838, -000.372820, -000.400883, 0000.625800, 
0000000043, 1570657353.494420880,   019,  1,  0000.987021, -000.026167, -000.158443, -000.007038, 0000.003027, -000.983428, 0000.181273, 0000.181254, -000.160561, -000.179400, -000.970585, 0001.019511,   051,  1,  0000.824870, -000.366573, 0000.430365, 0000.053640, -000.330572, 0000.304789, 0000.893211, -000.048255, -000.458598, -000.879049, 0000.130233, 0000.505719,   073,  1,  -000.860057, -000.510179, 0000.004451, 0000.103552, -000.246423, 0000.423026, 0000.871966, 0000.067744, -000.446741, 0000.748843, -000.489546, 0000.881299,   080,  1,  0000.862265, -000.478570, 0000.165739, -000.131485, -000.483427, -000.680174, 0000.551055, 0000.054746, -000.150987, -000.555278, -000.817844, 0000.889335,   087,  1,  0000.461767, 0000.874703, 0000.147191, 0000.114766, 0000.295104, -000.307989, 0000.904465, -000.022957, 0000.836472, -000.374216, -000.400347, 0000.626432, 
