% Measurements merged on 10/09/19 15:13:43 Central Daylight Time
% Original files:
%    1: C:\Users\Al\Desktop\Nayo\KACEY\STROKE\RTIS2001\RTIS2001_00000009_Series2s24.hts  (Series2s24)
%    2: C:\Users\Al\Desktop\Nayo\KACEY\STROKE\RTIS2001\RTIS2001_00000009_Series2s25.hts  (Series2s25)
% Merge host: Al-PC
% System: MERGED
% nSharedImages: 10
%
% Interpolated markers have status set to 2
%
% EMB001 (Marker properties) Series:1024, ID:235, Size:20, Thickness:000.640, tPu:[-000.308 +071.949 -004.887]
% EMB001 (Marker properties) Series:2031, ID:019, Size:35, Thickness:001.846, tPu:[+000.000 +000.000 +000.000]
% EMB001 (Marker properties) Series:2031, ID:051, Size:35, Thickness:001.844, tPu:[+000.000 +000.000 +000.000]
% EMB001 (Marker properties) Series:2032, ID:073, Size:44, Thickness:002.200, tPu:[+000.000 +000.000 +000.000]
% EMB001 (Marker properties) Series:2032, ID:080, Size:44, Thickness:002.203, tPu:[+000.000 +000.000 +000.000]
% EMB001 (Marker properties) Series:2032, ID:087, Size:44, Thickness:002.251, tPu:[+000.000 +000.000 +000.000]
%
% ImageNumber,             FrameTime,           Marker,  ST, HT(1, 1),    HT(1, 2),    HT(1, 3),    HT(1, 4),    HT(2, 1),    HT(2, 2),    HT(2, 3),    HT(2, 4),    HT(3, 1),    HT(3, 2),    HT(3, 3),    HT(3, 4)
%
0000000000, 1570652428.561836617,   019,  1,  0000.967416, -000.175924, -000.182092, 0000.090154, -000.160066, -000.982178, 0000.098517, 0000.007993, -000.196178, -000.066160, -000.978334, 0001.039244,   051,  1,  0000.588635, -000.788916, 0000.176410, -000.034956, -000.274861, 0000.009904, 0000.961433, -000.127769, -000.760237, -000.614421, -000.211012, 0000.593760,   073,  0,  0000.000000, 0000.000000, 0000.000000, 0000.000000, 0000.000000, 0000.000000, 0000.000000, 0000.000000, 0000.000000, 0000.000000, 0000.000000, 0000.000000,   080,  1,  0000.721655, -000.657195, 0000.217505, -000.057317, -000.637311, -000.508061, 0000.579404, -000.090692, -000.270275, -000.556748, -000.785482, 0000.915926,   087,  1,  0000.842035, 0000.537137, 0000.049617, 0000.087378, 0000.059429, -000.183797, 0000.981166, -000.113090, 0000.536140, -000.823227, -000.186685, 0000.673028,   235,  1,  -000.648302, -000.758967, 0000.060610, 0000.136291, -000.057147, 0000.127885, 0000.990141, -000.028571, -000.759236, 0000.638447, -000.126281, 0000.992936, 
0000000001, 1570652428.573072637,   019,  1,  0000.967502, -000.175855, -000.181699, 0000.090199, -000.160007, -000.982180, 0000.098593, 0000.008016, -000.195799, -000.066315, -000.978399, 0001.039578,   051,  1,  0000.588507, -000.789023, 0000.176358, -000.034908, -000.274954, 0000.009809, 0000.961407, -000.127581, -000.760302, -000.614285, -000.211172, 0000.593753,   073,  1,  -000.806462, -000.311917, 0000.502322, 0000.203700, 0000.417315, 0000.301590, 0000.857258, -000.088409, -000.418889, 0000.900972, -000.113053, 0000.899887,   080,  1,  0000.721702, -000.657216, 0000.217284, -000.057331, -000.637168, -000.508083, 0000.579542, -000.090689, -000.270486, -000.556703, -000.785442, 0000.916081,   087,  1,  0000.841987, 0000.537221, 0000.049516, 0000.087376, 0000.059482, -000.183664, 0000.981188, -000.113181, 0000.536209, -000.823202, -000.186598, 0000.673040,   235,  1,  -000.648264, -000.759020, 0000.060351, 0000.136299, -000.057017, 0000.127430, 0000.990207, -000.027975, -000.759278, 0000.638475, -000.125885, 0000.992520, 
0000000002, 1570652428.584309030,   019,  1,  0000.967574, -000.175010, -000.182130, 0000.090131, -000.159169, -000.982341, 0000.098345, 0000.008018, -000.196125, -000.066167, -000.978344, 0001.038997,   051,  1,  0000.588118, -000.789329, 0000.176284, -000.034876, -000.274808, 0000.009968, 0000.961447, -000.127506, -000.760656, -000.613889, -000.211052, 0000.593748,   073,  2,  -000.806504, -000.311890, 0000.502271, 0000.203701, 0000.417213, 0000.301701, 0000.857269, -000.088379, -000.418909, 0000.900944, -000.113199, 0000.899867,   080,  1,  0000.721643, -000.657276, 0000.217299, -000.057327, -000.637158, -000.507898, 0000.579715, -000.090645, -000.270667, -000.556801, -000.785310, 0000.915964,   087,  1,  0000.842047, 0000.537121, 0000.049585, 0000.087372, 0000.059393, -000.183690, 0000.981188, -000.113266, 0000.536125, -000.823261, -000.186577, 0000.673055,   235,  1,  -000.648758, -000.758528, 0000.061230, 0000.136311, -000.056517, 0000.128263, 0000.990128, -000.028731, -000.758894, 0000.638893, -000.126081, 0000.993059, 
0000000003, 1570652428.595544623,   019,  1,  0000.967488, -000.175937, -000.181696, 0000.090202, -000.159968, -000.982125, 0000.099204, 0000.008030, -000.195902, -000.066913, -000.978338, 0001.039643,   051,  1,  0000.588521, -000.789034, 0000.176263, -000.034811, -000.274740, 0000.009861, 0000.961468, -000.127216, -000.760369, -000.614270, -000.210976, 0000.593740,   073,  1,  -000.806546, -000.311863, 0000.502220, 0000.203701, 0000.417110, 0000.301813, 0000.857280, -000.088349, -000.418930, 0000.900917, -000.113345, 0000.899847,   080,  1,  0000.721724, -000.657266, 0000.217062, -000.057333, -000.636989, -000.507968, 0000.579839, -000.090638, -000.270848, -000.556750, -000.785284, 0000.916011,   087,  1,  0000.842033, 0000.537150, 0000.049506, 0000.087385, 0000.059496, -000.183695, 0000.981181, -000.113064, 0000.536135, -000.823241, -000.186635, 0000.673020,   235,  1,  -000.648655, -000.758574, 0000.061742, 0000.136320, -000.055867, 0000.128362, 0000.990153, -000.028385, -000.759029, 0000.638818, -000.125642, 0000.992822, 
0000000004, 1570652428.606780432,   019,  1,  0000.967476, -000.175786, -000.181905, 0000.090268, -000.159859, -000.982172, 0000.098911, 0000.008053, -000.196049, -000.066615, -000.978329, 0001.040157,   051,  1,  0000.588200, -000.789242, 0000.176404, -000.034921, -000.274767, 0000.010120, 0000.961458, -000.127686, -000.760608, -000.613999, -000.210905, 0000.593770,   073,  1,  -000.806616, -000.311714, 0000.502201, 0000.203722, 0000.417051, 0000.301939, 0000.857264, -000.088597, -000.418855, 0000.900926, -000.113548, 0000.899973,   080,  1,  0000.721997, -000.657087, 0000.216695, -000.057317, -000.636642, -000.508274, 0000.579952, -000.090579, -000.270939, -000.556681, -000.785302, 0000.915778,   087,  1,  0000.842009, 0000.537189, 0000.049489, 0000.087383, 0000.059536, -000.183711, 0000.981176, -000.113137, 0000.536168, -000.823212, -000.186668, 0000.673037,   235,  1,  -000.648658, -000.758541, 0000.062110, 0000.136331, -000.055354, 0000.128412, 0000.990175, -000.028141, -000.759064, 0000.638847, -000.125284, 0000.992660, 
0000000005, 1570652428.618016276,   019,  1,  0000.967560, -000.175917, -000.181334, 0000.090269, -000.159978, -000.982126, 0000.099178, 0000.008059, -000.195539, -000.066951, -000.978408, 0001.039951,   051,  1,  0000.588497, -000.789029, 0000.176363, -000.034927, -000.274805, 0000.009939, 0000.961449, -000.127660, -000.760364, -000.614275, -000.210980, 0000.593774,   073,  1,  -000.806675, -000.311905, 0000.501987, 0000.203721, 0000.416839, 0000.301850, 0000.857398, -000.088615, -000.418952, 0000.900889, -000.113481, 0000.899988,   080,  1,  0000.721863, -000.657241, 0000.216675, -000.057338, -000.636708, -000.508087, 0000.580043, -000.090580, -000.271138, -000.556671, -000.785240, 0000.916019,   087,  1,  0000.842110, 0000.537028, 0000.049517, 0000.087379, 0000.059478, -000.183737, 0000.981174, -000.113108, 0000.536016, -000.823311, -000.186668, 0000.673043,   235,  1,  -000.648855, -000.758284, 0000.063181, 0000.136351, -000.053523, 0000.128310, 0000.990289, -000.028141, -000.759027, 0000.639172, -000.123840, 0000.992691, 
0000000006, 1570652428.629252299,   019,  1,  0000.967630, -000.175455, -000.181403, 0000.090290, -000.159426, -000.982176, 0000.099570, 0000.008072, -000.195640, -000.067427, -000.978355, 0001.039959,   051,  1,  0000.588172, -000.789252, 0000.176454, -000.034937, -000.274808, 0000.010157, 0000.961445, -000.127703, -000.760615, -000.613986, -000.210919, 0000.593777,   073,  2,  -000.806727, -000.311774, 0000.501984, 0000.203715, 0000.416826, 0000.301911, 0000.857383, -000.088583, -000.418864, 0000.900914, -000.113604, 0000.899976,   080,  1,  0000.721923, -000.657214, 0000.216558, -000.057331, -000.636633, -000.508189, 0000.580036, -000.090537, -000.271155, -000.556610, -000.785277, 0000.915868,   087,  1,  0000.842031, 0000.537150, 0000.049523, 0000.087387, 0000.059485, -000.183709, 0000.981179, -000.113054, 0000.536139, -000.823238, -000.186642, 0000.673036,   235,  1,  -000.647964, -000.759035, 0000.063310, 0000.136378, -000.053088, 0000.127924, 0000.990362, -000.028126, -000.759818, 0000.638358, -000.123186, 0000.992704, 
0000000007, 1570652428.640488292,   019,  1,  0000.967565, -000.176225, -000.181004, 0000.090264, -000.160091, -000.981994, 0000.100290, 0000.008081, -000.195419, -000.068060, -000.978355, 0001.039339,   051,  1,  0000.588287, -000.789149, 0000.176530, -000.034954, -000.274821, 0000.010201, 0000.961441, -000.127761, -000.760521, -000.614118, -000.210873, 0000.593788,   073,  2,  -000.806780, -000.311642, 0000.501981, 0000.203710, 0000.416813, 0000.301972, 0000.857368, -000.088550, -000.418776, 0000.900940, -000.113728, 0000.899965,   080,  1,  0000.722037, -000.657140, 0000.216402, -000.057316, -000.636422, -000.508184, 0000.580273, -000.090482, -000.271348, -000.556702, -000.785146, 0000.915595,   087,  1,  0000.842016, 0000.537173, 0000.049540, 0000.087377, 0000.059516, -000.183778, 0000.981164, -000.113097, 0000.536160, -000.823208, -000.186714, 0000.673049,   235,  1,  -000.647849, -000.759107, 0000.063626, 0000.136396, -000.052639, 0000.127935, 0000.990385, -000.028023, -000.759948, 0000.638270, -000.122841, 0000.992657, 
0000000008, 1570652428.651724241,   019,  1,  0000.967557, -000.176218, -000.181053, 0000.090279, -000.160058, -000.981988, 0000.100408, 0000.008078, -000.195485, -000.068171, -000.978334, 0001.039368,   051,  1,  0000.588098, -000.789292, 0000.176519, -000.034928, -000.274895, 0000.010191, 0000.961420, -000.127645, -000.760640, -000.613933, -000.210979, 0000.593789,   073,  2,  -000.806832, -000.311511, 0000.501979, 0000.203704, 0000.416799, 0000.302032, 0000.857354, -000.088518, -000.418689, 0000.900965, -000.113852, 0000.899953,   080,  1,  0000.721866, -000.657270, 0000.216577, -000.057356, -000.636578, -000.507915, 0000.580336, -000.090509, -000.271435, -000.556793, -000.785051, 0000.916228,   087,  1,  0000.842113, 0000.537024, 0000.049507, 0000.087388, 0000.059490, -000.183739, 0000.981173, -000.112960, 0000.536010, -000.823314, -000.186676, 0000.673033,   235,  1,  -000.648222, -000.758727, 0000.064358, 0000.136412, -000.052030, 0000.128458, 0000.990349, -000.027777, -000.759672, 0000.638617, -000.122746, 0000.992502, 
0000000009, 1570652428.662960089,   019,  1,  0000.967680, -000.175944, -000.180662, 0000.090375, -000.159728, -000.982001, 0000.100803, 0000.008105, -000.195146, -000.068688, -000.978366, 0001.040303,   051,  1,  0000.588382, -000.789084, 0000.176502, -000.034851, -000.274892, 0000.010077, 0000.961422, -000.127364, -000.760422, -000.614203, -000.210983, 0000.593783,   073,  1,  -000.806885, -000.311379, 0000.501976, 0000.203699, 0000.416786, 0000.302093, 0000.857339, -000.088486, -000.418601, 0000.900990, -000.113975, 0000.899942,   080,  1,  0000.721877, -000.657287, 0000.216490, -000.057358, -000.636515, -000.507887, 0000.580431, -000.090474, -000.271557, -000.556799, -000.785004, 0000.916184,   087,  1,  0000.841988, 0000.537211, 0000.049604, 0000.087373, 0000.059460, -000.183790, 0000.981165, -000.113137, 0000.536209, -000.823180, -000.186692, 0000.673067,   235,  1,  -000.648230, -000.758726, 0000.064285, 0000.136422, -000.051753, 0000.128131, 0000.990406, -000.027879, -000.759684, 0000.638684, -000.122325, 0000.992585, 
