% Measurements merged on 10/09/19 15:12:55 Central Daylight Time
% Original files:
%    1: C:\Users\Al\Desktop\Nayo\KACEY\STROKE\RTIS2001\RTIS2001_00000008_Series2s24.hts  (Series2s24)
%    2: C:\Users\Al\Desktop\Nayo\KACEY\STROKE\RTIS2001\RTIS2001_00000008_Series2s25.hts  (Series2s25)
% Merge host: Al-PC
% System: MERGED
% nSharedImages: 10
%
% Interpolated markers have status set to 2
%
% EMB001 (Marker properties) Series:1024, ID:235, Size:20, Thickness:000.640, tPu:[-000.308 +071.949 -004.887]
% EMB001 (Marker properties) Series:2031, ID:019, Size:35, Thickness:001.846, tPu:[+000.000 +000.000 +000.000]
% EMB001 (Marker properties) Series:2031, ID:051, Size:35, Thickness:001.844, tPu:[+000.000 +000.000 +000.000]
% EMB001 (Marker properties) Series:2032, ID:073, Size:44, Thickness:002.200, tPu:[+000.000 +000.000 +000.000]
% EMB001 (Marker properties) Series:2032, ID:080, Size:44, Thickness:002.203, tPu:[+000.000 +000.000 +000.000]
% EMB001 (Marker properties) Series:2032, ID:087, Size:44, Thickness:002.251, tPu:[+000.000 +000.000 +000.000]
%
% ImageNumber,             FrameTime,           Marker,  ST, HT(1, 1),    HT(1, 2),    HT(1, 3),    HT(1, 4),    HT(2, 1),    HT(2, 2),    HT(2, 3),    HT(2, 4),    HT(3, 1),    HT(3, 2),    HT(3, 3),    HT(3, 4)
%
0000000000, 1570652380.393297139,   019,  1,  0000.973586, -000.187679, -000.130030, 0000.084747, -000.163882, -000.970946, 0000.174373, 0000.017903, -000.158978, -000.148457, -000.976057, 0001.043565,   051,  1,  0000.581507, -000.786737, 0000.207109, -000.024871, -000.283402, 0000.042733, 0000.958048, -000.126580, -000.762583, -000.615807, -000.198114, 0000.592835,   073,  1,  -000.840694, -000.352478, 0000.411088, 0000.198320, 0000.309051, 0000.311063, 0000.898737, -000.079333, -000.444659, 0000.882609, -000.152575, 0000.901401,   080,  1,  0000.721877, -000.650571, 0000.235905, -000.063574, -000.638822, -000.495395, 0000.588634, -000.086360, -000.266082, -000.575623, -000.773213, 0000.918400,   087,  1,  0000.834507, 0000.550121, 0000.031069, 0000.094902, 0000.075236, -000.169625, 0000.982633, -000.112213, 0000.545837, -000.817676, -000.182942, 0000.673946,   235,  1,  -000.798798, -000.578525, -000.165015, 0000.165278, -000.149143, -000.075295, 0000.985945, -000.016415, -000.582819, 0000.812182, -000.026138, 0000.991621, 
0000000001, 1570652380.404533288,   019,  1,  0000.973465, -000.188192, -000.130191, 0000.084769, -000.164331, -000.970829, 0000.174604, 0000.017945, -000.159252, -000.148577, -000.975994, 0001.044036,   051,  1,  0000.580961, -000.787123, 0000.207173, -000.024940, -000.283478, 0000.042923, 0000.958018, -000.126851, -000.762971, -000.615300, -000.198195, 0000.592867,   073,  1,  -000.841079, -000.352180, 0000.410555, 0000.198293, 0000.308399, 0000.311336, 0000.898866, -000.079403, -000.444383, 0000.882632, -000.153247, 0000.901459,   080,  1,  0000.721844, -000.650515, 0000.236161, -000.063569, -000.638860, -000.495157, 0000.588793, -000.086355, -000.266082, -000.575890, -000.773014, 0000.918374,   087,  1,  0000.834478, 0000.550168, 0000.031022, 0000.094903, 0000.075264, -000.169566, 0000.982641, -000.112083, 0000.545878, -000.817657, -000.182907, 0000.673936,   235,  1,  -000.798751, -000.578597, -000.164991, 0000.165261, -000.148932, -000.075552, 0000.985957, -000.016220, -000.582937, 0000.812107, -000.025824, 0000.991558, 
0000000002, 1570652380.415769064,   019,  1,  0000.973544, -000.187800, -000.130167, 0000.084745, -000.163928, -000.970879, 0000.174702, 0000.017963, -000.159186, -000.148742, -000.975979, 0001.043847,   051,  1,  0000.581382, -000.786787, 0000.207272, -000.024903, -000.283617, 0000.042799, 0000.957982, -000.126635, -000.762599, -000.615739, -000.198263, 0000.592873,   073,  1,  -000.841274, -000.352169, 0000.410165, 0000.198240, 0000.307899, 0000.311504, 0000.898979, -000.079261, -000.444361, 0000.882577, -000.153628, 0000.901404,   080,  1,  0000.721708, -000.650573, 0000.236415, -000.063611, -000.639143, -000.495184, 0000.588463, -000.086405, -000.265769, -000.575802, -000.773187, 0000.919012,   087,  1,  0000.834570, 0000.550029, 0000.031008, 0000.094888, 0000.075193, -000.169490, 0000.982659, -000.112224, 0000.545747, -000.817766, -000.182810, 0000.673965,   235,  1,  -000.798679, -000.578708, -000.164952, 0000.165262, -000.148132, -000.076606, 0000.985996, -000.016606, -000.583240, 0000.811929, -000.024541, 0000.991896, 
0000000003, 1570652380.427005122,   019,  1,  0000.973609, -000.187644, -000.129908, 0000.084685, -000.163860, -000.970945, 0000.174403, 0000.017962, -000.158859, -000.148514, -000.976067, 0001.043052,   051,  1,  0000.580977, -000.787035, 0000.207463, -000.024958, -000.283758, 0000.043045, 0000.957929, -000.126829, -000.762854, -000.615404, -000.198319, 0000.592888,   073,  1,  -000.841495, -000.352322, 0000.409580, 0000.198213, 0000.307233, 0000.311529, 0000.899198, -000.079295, -000.444403, 0000.882507, -000.153905, 0000.901427,   080,  1,  0000.721779, -000.650483, 0000.236446, -000.063586, -000.639125, -000.495303, 0000.588383, -000.086382, -000.265621, -000.575801, -000.773239, 0000.918770,   087,  1,  0000.834507, 0000.550129, 0000.030922, 0000.094883, 0000.075241, -000.169371, 0000.982676, -000.112175, 0000.545836, -000.817723, -000.182733, 0000.673966,   235,  1,  -000.799221, -000.578257, -000.163904, 0000.165242, -000.147111, -000.076202, 0000.986180, -000.016206, -000.582756, 0000.812288, -000.024166, 0000.991667, 
0000000004, 1570652380.438241201,   019,  1,  0000.973701, -000.187307, -000.129698, 0000.084700, -000.163455, -000.970900, 0000.175029, 0000.017995, -000.158708, -000.149226, -000.975983, 0001.043330,   051,  1,  0000.580623, -000.787240, 0000.207677, -000.024867, -000.283861, 0000.043335, 0000.957886, -000.126421, -000.763086, -000.615122, -000.198305, 0000.592885,   073,  1,  -000.841817, -000.352015, 0000.409182, 0000.198185, 0000.306775, 0000.311707, 0000.899293, -000.079236, -000.444109, 0000.882567, -000.154411, 0000.901412,   080,  1,  0000.722042, -000.650225, 0000.236353, -000.063578, -000.638907, -000.495606, 0000.588365, -000.086357, -000.265432, -000.575831, -000.773282, 0000.918568,   087,  1,  0000.834594, 0000.549999, 0000.030880, 0000.094884, 0000.075264, -000.169383, 0000.982672, -000.112067, 0000.545699, -000.817809, -000.182761, 0000.673953,   235,  1,  -000.799285, -000.578269, -000.163550, 0000.165236, -000.146457, -000.076507, 0000.986254, -000.015961, -000.582833, 0000.812251, -000.023541, 0000.991540, 
0000000005, 1570652380.449477075,   019,  1,  0000.973550, -000.188323, -000.129366, 0000.084782, -000.164482, -000.970687, 0000.175249, 0000.018033, -000.158577, -000.149335, -000.975988, 0001.044295,   051,  1,  0000.580552, -000.787259, 0000.207803, -000.025009, -000.283970, 0000.043422, 0000.957849, -000.127007, -000.763099, -000.615091, -000.198349, 0000.592927,   073,  1,  -000.841894, -000.352370, 0000.408718, 0000.198167, 0000.306250, 0000.311634, 0000.899497, -000.079251, -000.444326, 0000.882451, -000.154449, 0000.901431,   080,  1,  0000.722220, -000.650014, 0000.236391, -000.063579, -000.638782, -000.495771, 0000.588361, -000.086364, -000.265247, -000.575928, -000.773273, 0000.918616,   087,  1,  0000.834597, 0000.550001, 0000.030788, 0000.094879, 0000.075315, -000.169295, 0000.982684, -000.112104, 0000.545689, -000.817826, -000.182716, 0000.673969,   235,  1,  -000.799625, -000.578040, -000.162693, 0000.165249, -000.145496, -000.076360, 0000.986408, -000.015941, -000.582607, 0000.812428, -000.023043, 0000.991575, 
0000000006, 1570652380.460712902,   019,  1,  0000.973733, -000.187443, -000.129262, 0000.084781, -000.163659, -000.970869, 0000.175011, 0000.018059, -000.158301, -000.149259, -000.976044, 0001.044338,   051,  1,  0000.580344, -000.787322, 0000.208145, -000.024956, -000.284107, 0000.043794, 0000.957792, -000.126769, -000.763206, -000.614984, -000.198268, 0000.592941,   073,  1,  -000.842051, -000.352264, 0000.408485, 0000.198142, 0000.305995, 0000.311687, 0000.899566, -000.079030, -000.444204, 0000.882475, -000.154666, 0000.901326,   080,  1,  0000.722220, -000.649973, 0000.236502, -000.063572, -000.638885, -000.495894, 0000.588146, -000.086377, -000.264999, -000.575868, -000.773402, 0000.918649,   087,  1,  0000.834705, 0000.549834, 0000.030824, 0000.094875, 0000.075295, -000.169395, 0000.982668, -000.112140, 0000.545525, -000.817917, -000.182795, 0000.673981,   235,  1,  -000.799973, -000.577690, -000.162226, 0000.165246, -000.144697, -000.076655, 0000.986502, -000.015771, -000.582328, 0000.812649, -000.022269, 0000.991483, 
0000000007, 1570652380.471948968,   019,  1,  0000.973585, -000.188060, -000.129485, 0000.084710, -000.164195, -000.970728, 0000.175289, 0000.018045, -000.158660, -000.149398, -000.975965, 0001.043279,   051,  1,  0000.580150, -000.787435, 0000.208259, -000.024977, -000.284366, 0000.043785, 0000.957715, -000.126802, -000.763258, -000.614840, -000.198518, 0000.592956,   073,  2,  -000.842101, -000.352353, 0000.408305, 0000.198143, 0000.305749, 0000.311760, 0000.899624, -000.079039, -000.444278, 0000.882413, -000.154802, 0000.901334,   080,  1,  0000.721901, -000.650157, 0000.236969, -000.063550, -000.639377, -000.495698, 0000.587776, -000.086370, -000.264682, -000.575829, -000.773540, 0000.918445,   087,  1,  0000.834870, 0000.549584, 0000.030805, 0000.094864, 0000.075260, -000.169406, 0000.982669, -000.112266, 0000.545277, -000.818083, -000.182794, 0000.674004,   235,  1,  -000.800302, -000.577625, -000.160829, 0000.165274, -000.143403, -000.076055, 0000.986738, -000.016021, -000.582196, 0000.812752, -000.021966, 0000.991671, 
0000000008, 1570652380.483184856,   019,  1,  0000.973562, -000.188208, -000.129443, 0000.084721, -000.164295, -000.970651, 0000.175625, 0000.018075, -000.158698, -000.149715, -000.975910, 0001.043291,   051,  1,  0000.579962, -000.787536, 0000.208404, -000.024961, -000.284333, 0000.044048, 0000.957713, -000.126737, -000.763413, -000.614693, -000.198376, 0000.592973,   073,  1,  -000.842151, -000.352442, 0000.408124, 0000.198144, 0000.305503, 0000.311832, 0000.899683, -000.079048, -000.444353, 0000.882352, -000.154938, 0000.901341,   080,  1,  0000.722166, -000.649808, 0000.237119, -000.063555, -000.639276, -000.496046, 0000.587592, -000.086404, -000.264200, -000.575924, -000.773634, 0000.918659,   087,  1,  0000.834905, 0000.549530, 0000.030825, 0000.094883, 0000.075228, -000.169416, 0000.982669, -000.112010, 0000.545229, -000.818117, -000.182786, 0000.673966,   235,  1,  -000.799862, -000.578183, -000.161014, 0000.165313, -000.143822, -000.075813, 0000.986695, -000.016409, -000.582698, 0000.812377, -000.022516, 0000.991953, 
0000000009, 1570652380.494421341,   019,  1,  0000.973533, -000.188377, -000.129416, 0000.084839, -000.164443, -000.970599, 0000.175773, 0000.018087, -000.158723, -000.149840, -000.975887, 0001.044618,   051,  1,  0000.579829, -000.787610, 0000.208492, -000.024985, -000.284560, 0000.044014, 0000.957647, -000.126802, -000.763429, -000.614600, -000.198602, 0000.592984,   073,  0,  0000.000000, 0000.000000, 0000.000000, 0000.000000, 0000.000000, 0000.000000, 0000.000000, 0000.000000, 0000.000000, 0000.000000, 0000.000000, 0000.000000,   080,  1,  0000.722261, -000.649696, 0000.237136, -000.063548, -000.639291, -000.496315, 0000.587348, -000.086427, -000.263903, -000.575818, -000.773815, 0000.918722,   087,  1,  0000.835044, 0000.549323, 0000.030770, 0000.094887, 0000.075268, -000.169459, 0000.982659, -000.111922, 0000.545011, -000.818247, -000.182852, 0000.673954,   235,  1,  -000.800664, -000.577248, -000.160380, 0000.165298, -000.142864, -000.076016, 0000.986819, -000.015644, -000.581830, 0000.813023, -000.021605, 0000.991426, 
