% Measurements merged on 10/09/19 16:37:53 Central Daylight Time
% Original files:
%    1: C:\Users\Al\Desktop\Nayo\KACEY\STROKE\RTIS2001\RTIS2001_00000006_Series2s24.hts  (Series2s24)
%    2: C:\Users\Al\Desktop\Nayo\KACEY\STROKE\RTIS2001\RTIS2001_00000006_Series2s25.hts  (Series2s25)
% Merge host: Al-PC
% System: MERGED
% nSharedImages: 1000
%
% Interpolated markers have status set to 2
%
% EMB001 (Marker properties) Series:2031, ID:019, Size:35, Thickness:001.846, tPu:[+000.000 +000.000 +000.000]
% EMB001 (Marker properties) Series:2031, ID:051, Size:35, Thickness:001.844, tPu:[+000.000 +000.000 +000.000]
% EMB001 (Marker properties) Series:2032, ID:073, Size:44, Thickness:002.200, tPu:[+000.000 +000.000 +000.000]
% EMB001 (Marker properties) Series:2032, ID:080, Size:44, Thickness:002.203, tPu:[+000.000 +000.000 +000.000]
% EMB001 (Marker properties) Series:2032, ID:087, Size:44, Thickness:002.251, tPu:[+000.000 +000.000 +000.000]
%
% ImageNumber,             FrameTime,           Marker,  ST, HT(1, 1),    HT(1, 2),    HT(1, 3),    HT(1, 4),    HT(2, 1),    HT(2, 2),    HT(2, 3),    HT(2, 4),    HT(3, 1),    HT(3, 2),    HT(3, 3),    HT(3, 4)
%
0000000000, 1570657466.662960127,   019,  0,  0000.000000, 0000.000000, 0000.000000, 0000.000000, 0000.000000, 0000.000000, 0000.000000, 0000.000000, 0000.000000, 0000.000000, 0000.000000, 0000.000000,   051,  0,  0000.000000, 0000.000000, 0000.000000, 0000.000000, 0000.000000, 0000.000000, 0000.000000, 0000.000000, 0000.000000, 0000.000000, 0000.000000, 0000.000000,   073,  1,  -000.959710, -000.142818, -000.241993, 0000.061125, -000.279024, 0000.382590, 0000.880778, 0000.019497, -000.033207, 0000.912813, -000.407025, 0000.763635,   080,  1,  0000.709399, -000.704459, -000.022172, -000.138533, -000.626372, -000.644563, 0000.438402, 0000.027087, -000.323128, -000.297114, -000.898505, 0000.884123,   087,  1,  0000.196592, 0000.964746, 0000.174977, 0000.072879, 0000.276471, -000.225762, 0000.934128, -000.060018, 0000.940699, -000.135266, -000.311107, 0000.467431, 
0000000001, 1570657466.674196117,   019,  0,  0000.000000, 0000.000000, 0000.000000, 0000.000000, 0000.000000, 0000.000000, 0000.000000, 0000.000000, 0000.000000, 0000.000000, 0000.000000, 0000.000000,   051,  0,  0000.000000, 0000.000000, 0000.000000, 0000.000000, 0000.000000, 0000.000000, 0000.000000, 0000.000000, 0000.000000, 0000.000000, 0000.000000, 0000.000000,   073,  1,  -000.959703, -000.141933, -000.242538, 0000.061059, -000.279181, 0000.383087, 0000.880513, 0000.019357, -000.032061, 0000.912743, -000.407275, 0000.763654,   080,  1,  0000.709631, -000.704219, -000.022344, -000.138505, -000.626101, -000.644823, 0000.438407, 0000.027096, -000.323142, -000.297118, -000.898499, 0000.883871,   087,  1,  0000.196051, 0000.964837, 0000.175080, 0000.072888, 0000.276355, -000.225672, 0000.934184, -000.060226, 0000.940846, -000.134764, -000.310881, 0000.467386, 
0000000002, 1570657466.685431957,   019,  0,  0000.000000, 0000.000000, 0000.000000, 0000.000000, 0000.000000, 0000.000000, 0000.000000, 0000.000000, 0000.000000, 0000.000000, 0000.000000, 0000.000000,   051,  0,  0000.000000, 0000.000000, 0000.000000, 0000.000000, 0000.000000, 0000.000000, 0000.000000, 0000.000000, 0000.000000, 0000.000000, 0000.000000, 0000.000000,   073,  1,  -000.959263, -000.141896, -000.244295, 0000.060986, -000.280763, 0000.382681, 0000.880186, 0000.019488, -000.031408, 0000.912919, -000.406931, 0000.763541,   080,  1,  0000.709069, -000.704781, -000.022456, -000.138483, -000.626577, -000.644358, 0000.438412, 0000.027123, -000.323454, -000.296794, -000.898494, 0000.883870,   087,  1,  0000.195612, 0000.964878, 0000.175347, 0000.072871, 0000.276489, -000.225809, 0000.934111, -000.060309, 0000.940898, -000.134242, -000.310949, 0000.467320, 
0000000003, 1570657466.696668015,   019,  1,  0000.769326, -000.318720, -000.553674, 0000.019285, -000.260953, -000.947842, 0000.183029, 0000.139371, -000.583130, 0000.003673, -000.812370, 0000.946189,   051,  0,  0000.000000, 0000.000000, 0000.000000, 0000.000000, 0000.000000, 0000.000000, 0000.000000, 0000.000000, 0000.000000, 0000.000000, 0000.000000, 0000.000000,   073,  1,  -000.959173, -000.141387, -000.244941, 0000.060905, -000.281135, 0000.382295, 0000.880235, 0000.019607, -000.030815, 0000.913160, -000.406436, 0000.763432,   080,  1,  0000.709034, -000.704822, -000.022298, -000.138504, -000.626697, -000.644308, 0000.438313, 0000.027144, -000.323299, -000.296805, -000.898546, 0000.883983,   087,  1,  0000.194673, 0000.965144, 0000.174927, 0000.072833, 0000.276553, -000.225112, 0000.934261, -000.060301, 0000.941074, -000.133499, -000.310736, 0000.467242, 
0000000004, 1570657466.707904036,   019,  2,  0000.769054, -000.318418, -000.554225, 0000.019277, -000.260848, -000.947941, 0000.182662, 0000.139290, -000.583535, 0000.004092, -000.812077, 0000.945767,   051,  0,  0000.000000, 0000.000000, 0000.000000, 0000.000000, 0000.000000, 0000.000000, 0000.000000, 0000.000000, 0000.000000, 0000.000000, 0000.000000, 0000.000000,   073,  1,  -000.959321, -000.140588, -000.244824, 0000.060785, -000.280696, 0000.382142, 0000.880442, 0000.019524, -000.030222, 0000.913347, -000.406059, 0000.763397,   080,  1,  0000.708748, -000.705104, -000.022458, -000.138548, -000.626916, -000.644116, 0000.438282, 0000.027178, -000.323500, -000.296552, -000.898557, 0000.884118,   087,  1,  0000.194011, 0000.965266, 0000.174990, 0000.072799, 0000.276416, -000.224942, 0000.934342, -000.060364, 0000.941251, -000.132903, -000.310456, 0000.467147, 
0000000005, 1570657466.719139762,   019,  1,  0000.768782, -000.318116, -000.554776, 0000.019269, -000.260744, -000.948041, 0000.182294, 0000.139210, -000.583941, 0000.004510, -000.811784, 0000.945345,   051,  0,  0000.000000, 0000.000000, 0000.000000, 0000.000000, 0000.000000, 0000.000000, 0000.000000, 0000.000000, 0000.000000, 0000.000000, 0000.000000, 0000.000000,   073,  1,  -000.959545, -000.139857, -000.244362, 0000.060671, -000.279976, 0000.382214, 0000.880639, 0000.019544, -000.029765, 0000.913429, -000.405909, 0000.763318,   080,  1,  0000.708237, -000.705623, -000.022280, -000.138536, -000.627389, -000.643557, 0000.438427, 0000.027197, -000.323702, -000.296532, -000.898491, 0000.883922,   087,  1,  0000.193474, 0000.965302, 0000.175386, 0000.072815, 0000.276275, -000.225134, 0000.934338, -000.060345, 0000.941403, -000.132315, -000.310246, 0000.467059, 
0000000006, 1570657466.730375968,   019,  2,  0000.768598, -000.318403, -000.554866, 0000.019300, -000.260978, -000.947944, 0000.182460, 0000.139239, -000.584078, 0000.004569, -000.811685, 0000.945697,   051,  0,  0000.000000, 0000.000000, 0000.000000, 0000.000000, 0000.000000, 0000.000000, 0000.000000, 0000.000000, 0000.000000, 0000.000000, 0000.000000, 0000.000000,   073,  1,  -000.959742, -000.139961, -000.243530, 0000.060617, -000.279267, 0000.382570, 0000.880710, 0000.019448, -000.030098, 0000.913264, -000.406255, 0000.763300,   080,  1,  0000.708295, -000.705562, -000.022369, -000.138562, -000.627231, -000.643567, 0000.438637, 0000.027217, -000.323882, -000.296653, -000.898386, 0000.883951,   087,  1,  0000.192922, 0000.965278, 0000.176122, 0000.072865, 0000.276173, -000.225656, 0000.934242, -000.060291, 0000.941546, -000.131596, -000.310118, 0000.466968, 
0000000007, 1570657466.741611968,   019,  1,  0000.768414, -000.318690, -000.554956, 0000.019331, -000.261213, -000.947848, 0000.182627, 0000.139268, -000.584215, 0000.004629, -000.811586, 0000.946048,   051,  0,  0000.000000, 0000.000000, 0000.000000, 0000.000000, 0000.000000, 0000.000000, 0000.000000, 0000.000000, 0000.000000, 0000.000000, 0000.000000, 0000.000000,   073,  1,  -000.959781, -000.140099, -000.243297, 0000.060636, -000.279104, 0000.382400, 0000.880836, 0000.019339, -000.030368, 0000.913314, -000.406122, 0000.763283,   080,  1,  0000.707968, -000.705888, -000.022420, -000.138543, -000.627470, -000.643255, 0000.438754, 0000.027219, -000.324133, -000.296556, -000.898327, 0000.883813,   087,  1,  0000.192534, 0000.965259, 0000.176649, 0000.072906, 0000.276175, -000.226042, 0000.934148, -000.060126, 0000.941625, -000.131069, -000.310101, 0000.466862, 
0000000008, 1570657466.752847768,   019,  2,  0000.768260, -000.318732, -000.555146, 0000.019366, -000.261215, -000.947834, 0000.182698, 0000.139217, -000.584417, 0000.004653, -000.811440, 0000.945823,   051,  0,  0000.000000, 0000.000000, 0000.000000, 0000.000000, 0000.000000, 0000.000000, 0000.000000, 0000.000000, 0000.000000, 0000.000000, 0000.000000, 0000.000000,   073,  1,  -000.959718, -000.139814, -000.243707, 0000.060679, -000.279349, 0000.381947, 0000.880955, 0000.019416, -000.030087, 0000.913547, -000.405618, 0000.763172,   080,  1,  0000.707879, -000.705973, -000.022571, -000.138538, -000.627543, -000.643261, 0000.438639, 0000.027245, -000.324187, -000.296339, -000.898380, 0000.883847,   087,  1,  0000.192298, 0000.965404, 0000.176118, 0000.072914, 0000.276259, -000.225464, 0000.934263, -000.060201, 0000.941649, -000.131003, -000.310058, 0000.466760, 
0000000009, 1570657466.764083707,   019,  2,  0000.768106, -000.318773, -000.555335, 0000.019401, -000.261217, -000.947819, 0000.182768, 0000.139166, -000.584619, 0000.004677, -000.811294, 0000.945599,   051,  0,  0000.000000, 0000.000000, 0000.000000, 0000.000000, 0000.000000, 0000.000000, 0000.000000, 0000.000000, 0000.000000, 0000.000000, 0000.000000, 0000.000000,   073,  1,  -000.959703, -000.139844, -000.243749, 0000.060705, -000.279388, 0000.381598, 0000.881093, 0000.019430, -000.030201, 0000.913688, -000.405292, 0000.763081,   080,  1,  0000.707587, -000.706262, -000.022671, -000.138508, -000.627779, -000.643037, 0000.438631, 0000.027245, -000.324367, -000.296137, -000.898381, 0000.883690,   087,  1,  0000.192345, 0000.965514, 0000.175459, 0000.072905, 0000.276338, -000.224853, 0000.934387, -000.060039, 0000.941616, -000.131238, -000.310058, 0000.466662, 
0000000010, 1570657466.775319662,   019,  1,  0000.767951, -000.318815, -000.555525, 0000.019436, -000.261218, -000.947805, 0000.182839, 0000.139115, -000.584821, 0000.004702, -000.811149, 0000.945374,   051,  0,  0000.000000, 0000.000000, 0000.000000, 0000.000000, 0000.000000, 0000.000000, 0000.000000, 0000.000000, 0000.000000, 0000.000000, 0000.000000, 0000.000000,   073,  1,  -000.959763, -000.139801, -000.243540, 0000.060714, -000.279182, 0000.381719, 0000.881106, 0000.019480, -000.030215, 0000.913644, -000.405390, 0000.762972,   080,  1,  0000.707308, -000.706548, -000.022481, -000.138509, -000.628072, -000.642707, 0000.438696, 0000.027252, -000.324408, -000.296173, -000.898354, 0000.883781,   087,  1,  0000.192303, 0000.965613, 0000.174959, 0000.072894, 0000.276490, -000.224377, 0000.934456, -000.060407, 0000.941580, -000.131324, -000.310131, 0000.466560, 
0000000011, 1570657466.786555475,   019,  2,  0000.767768, -000.318935, -000.555709, 0000.019475, -000.261087, -000.947766, 0000.183228, 0000.139080, -000.585121, 0000.004412, -000.810934, 0000.945090,   051,  0,  0000.000000, 0000.000000, 0000.000000, 0000.000000, 0000.000000, 0000.000000, 0000.000000, 0000.000000, 0000.000000, 0000.000000, 0000.000000, 0000.000000,   073,  1,  -000.959824, -000.139537, -000.243450, 0000.060707, -000.279003, 0000.382022, 0000.881032, 0000.019434, -000.029934, 0000.913558, -000.405605, 0000.762921,   080,  1,  0000.706939, -000.706921, -000.022350, -000.138474, -000.628505, -000.642386, 0000.438544, 0000.027263, -000.324374, -000.295977, -000.898432, 0000.883765,   087,  1,  0000.191673, 0000.965656, 0000.175415, 0000.072899, 0000.276442, -000.224611, 0000.934414, -000.060305, 0000.941722, -000.130610, -000.310000, 0000.466465, 
0000000012, 1570657466.797792091,   019,  1,  0000.767584, -000.319055, -000.555894, 0000.019514, -000.260956, -000.947727, 0000.183617, 0000.139044, -000.585420, 0000.004122, -000.810720, 0000.944806,   051,  0,  0000.000000, 0000.000000, 0000.000000, 0000.000000, 0000.000000, 0000.000000, 0000.000000, 0000.000000, 0000.000000, 0000.000000, 0000.000000, 0000.000000,   073,  1,  -000.959825, -000.138274, -000.244165, 0000.060636, -000.279130, 0000.381552, 0000.881195, 0000.019505, -000.028685, 0000.913946, -000.404820, 0000.762826,   080,  1,  0000.707081, -000.706761, -000.022918, -000.138435, -000.628226, -000.642728, 0000.438444, 0000.027275, -000.324605, -000.295618, -000.898466, 0000.883698,   087,  1,  0000.190779, 0000.965720, 0000.176036, 0000.072860, 0000.276541, -000.224941, 0000.934305, -000.060238, 0000.941875, -000.129565, -000.309975, 0000.466394, 
0000000013, 1570657466.809027707,   019,  2,  0000.767271, -000.318829, -000.556456, 0000.019532, -000.260933, -000.947801, 0000.183267, 0000.139084, -000.585840, 0000.004582, -000.810414, 0000.945172,   051,  0,  0000.000000, 0000.000000, 0000.000000, 0000.000000, 0000.000000, 0000.000000, 0000.000000, 0000.000000, 0000.000000, 0000.000000, 0000.000000, 0000.000000,   073,  1,  -000.959682, -000.137083, -000.245394, 0000.060496, -000.279771, 0000.381443, 0000.881039, 0000.019376, -000.027171, 0000.914171, -000.404416, 0000.762806,   080,  1,  0000.707006, -000.706823, -000.023299, -000.138475, -000.628186, -000.642799, 0000.438397, 0000.027315, -000.324845, -000.295313, -000.898480, 0000.884024,   087,  1,  0000.190140, 0000.965865, 0000.175932, 0000.072771, 0000.276580, -000.224642, 0000.934366, -000.060308, 0000.941993, -000.129000, -000.309853, 0000.466334, 
0000000014, 1570657466.820263278,   019,  1,  0000.766958, -000.318603, -000.557017, 0000.019549, -000.260911, -000.947875, 0000.182917, 0000.139124, -000.586260, 0000.005042, -000.810107, 0000.945537,   051,  0,  0000.000000, 0000.000000, 0000.000000, 0000.000000, 0000.000000, 0000.000000, 0000.000000, 0000.000000, 0000.000000, 0000.000000, 0000.000000, 0000.000000,   073,  1,  -000.959646, -000.136479, -000.245873, 0000.060361, -000.279977, 0000.381864, 0000.880791, 0000.019347, -000.026319, 0000.914086, -000.404666, 0000.762754,   080,  1,  0000.706704, -000.707130, -000.023161, -000.138412, -000.628489, -000.642471, 0000.438443, 0000.027310, -000.324917, -000.295293, -000.898460, 0000.883655,   087,  1,  0000.190183, 0000.965848, 0000.175978, 0000.072719, 0000.276577, -000.224699, 0000.934353, -000.060397, 0000.941985, -000.129026, -000.309865, 0000.466283, 
0000000015, 1570657466.831499457,   019,  1,  0000.767137, -000.316967, -000.557703, 0000.019558, -000.259588, -000.948422, 0000.181960, 0000.139077, -000.586613, 0000.005185, -000.809851, 0000.945461,   051,  0,  0000.000000, 0000.000000, 0000.000000, 0000.000000, 0000.000000, 0000.000000, 0000.000000, 0000.000000, 0000.000000, 0000.000000, 0000.000000, 0000.000000,   073,  1,  -000.959879, -000.136406, -000.245001, 0000.060311, -000.279159, 0000.382289, 0000.880866, 0000.019390, -000.026495, 0000.913919, -000.405030, 0000.762687,   080,  1,  0000.706217, -000.707624, -000.022934, -000.138430, -000.628927, -000.641893, 0000.438662, 0000.027320, -000.325129, -000.295367, -000.898359, 0000.883784,   087,  1,  0000.189661, 0000.965991, 0000.175753, 0000.072715, 0000.276612, -000.224321, 0000.934433, -000.060321, 0000.942080, -000.128610, -000.309750, 0000.466224, 
0000000016, 1570657466.842735455,   019,  1,  0000.766577, -000.318935, -000.557350, 0000.019582, -000.261237, -000.947762, 0000.183038, 0000.138973, -000.586613, 0000.005287, -000.809850, 0000.944936,   051,  0,  0000.000000, 0000.000000, 0000.000000, 0000.000000, 0000.000000, 0000.000000, 0000.000000, 0000.000000, 0000.000000, 0000.000000, 0000.000000, 0000.000000,   073,  1,  -000.960079, -000.136753, -000.244021, 0000.060386, -000.278393, 0000.382016, 0000.881227, 0000.019146, -000.027291, 0000.913982, -000.404837, 0000.762764,   080,  1,  0000.705883, -000.707961, -000.022833, -000.138441, -000.629232, -000.641535, 0000.438747, 0000.027345, -000.325264, -000.295337, -000.898320, 0000.883834,   087,  1,  0000.190164, 0000.965990, 0000.175215, 0000.072754, 0000.276596, -000.223958, 0000.934525, -000.060596, 0000.941983, -000.129249, -000.309778, 0000.466165, 
0000000017, 1570657466.853971402,   019,  1,  0000.767110, -000.316624, -000.557935, 0000.019624, -000.259289, -000.948537, 0000.181789, 0000.138882, -000.586780, 0000.005214, -000.809729, 0000.944515,   051,  0,  0000.000000, 0000.000000, 0000.000000, 0000.000000, 0000.000000, 0000.000000, 0000.000000, 0000.000000, 0000.000000, 0000.000000, 0000.000000, 0000.000000,   073,  1,  -000.960075, -000.137460, -000.243640, 0000.060547, -000.278313, 0000.381446, 0000.881499, 0000.019386, -000.028235, 0000.914114, -000.404474, 0000.762621,   080,  1,  0000.705556, -000.708282, -000.022953, -000.138401, -000.629419, -000.641222, 0000.438938, 0000.027350, -000.325610, -000.295248, -000.898224, 0000.883592,   087,  1,  0000.190676, 0000.965798, 0000.175717, 0000.072816, 0000.276375, -000.224576, 0000.934442, -000.060447, 0000.941944, -000.129612, -000.309744, 0000.466123, 
0000000018, 1570657466.865207312,   019,  1,  0000.766531, -000.318784, -000.557501, 0000.019705, -000.260751, -000.947816, 0000.183452, 0000.139001, -000.586889, 0000.004748, -000.809653, 0000.945503,   051,  0,  0000.000000, 0000.000000, 0000.000000, 0000.000000, 0000.000000, 0000.000000, 0000.000000, 0000.000000, 0000.000000, 0000.000000, 0000.000000, 0000.000000,   073,  1,  -000.960152, -000.138220, -000.242907, 0000.060699, -000.277941, 0000.381165, 0000.881738, 0000.019225, -000.029286, 0000.914116, -000.404393, 0000.762657,   080,  1,  0000.705513, -000.708312, -000.023347, -000.138385, -000.629347, -000.641326, 0000.438890, 0000.027368, -000.325844, -000.294949, -000.898238, 0000.883557,   087,  1,  0000.190623, 0000.965828, 0000.175610, 0000.072850, 0000.276535, -000.224478, 0000.934418, -000.060213, 0000.941908, -000.129559, -000.309876, 0000.466092, 
0000000019, 1570657466.876443325,   019,  2,  0000.766409, -000.319831, -000.557068, 0000.019761, -000.261597, -000.947463, 0000.184066, 0000.138994, -000.586672, 0000.004657, -000.809811, 0000.945475,   051,  0,  0000.000000, 0000.000000, 0000.000000, 0000.000000, 0000.000000, 0000.000000, 0000.000000, 0000.000000, 0000.000000, 0000.000000, 0000.000000, 0000.000000,   073,  1,  -000.960381, -000.138254, -000.241980, 0000.060759, -000.277113, 0000.381478, 0000.881863, 0000.019293, -000.029611, 0000.913981, -000.404676, 0000.762586,   080,  1,  0000.705442, -000.708386, -000.023244, -000.138379, -000.629453, -000.641238, 0000.438865, 0000.027388, -000.325791, -000.294963, -000.898252, 0000.883530,   087,  1,  0000.190472, 0000.965883, 0000.175471, 0000.072878, 0000.276770, -000.224328, 0000.934385, -000.060436, 0000.941870, -000.129409, -000.310055, 0000.466055, 
0000000020, 1570657466.887679197,   019,  1,  0000.766286, -000.320878, -000.556635, 0000.019816, -000.262443, -000.947110, 0000.184681, 0000.138987, -000.586454, 0000.004567, -000.809969, 0000.945448,   051,  0,  0000.000000, 0000.000000, 0000.000000, 0000.000000, 0000.000000, 0000.000000, 0000.000000, 0000.000000, 0000.000000, 0000.000000, 0000.000000, 0000.000000,   073,  1,  -000.960442, -000.137542, -000.242144, 0000.060693, -000.276977, 0000.381559, 0000.881871, 0000.019165, -000.028902, 0000.914054, -000.404562, 0000.762589,   080,  1,  0000.705253, -000.708582, -000.023029, -000.138405, -000.629717, -000.641020, 0000.438806, 0000.027429, -000.325692, -000.294968, -000.898287, 0000.883700,   087,  1,  0000.189713, 0000.966038, 0000.175444, 0000.072883, 0000.276593, -000.224036, 0000.934508, -000.060232, 0000.942075, -000.128761, -000.309701, 0000.466023, 
0000000021, 1570657466.898915240,   019,  2,  0000.766057, -000.320295, -000.557286, 0000.019797, -000.261906, -000.947306, 0000.184433, 0000.138967, -000.586994, 0000.004670, -000.809578, 0000.945297,   051,  0,  0000.000000, 0000.000000, 0000.000000, 0000.000000, 0000.000000, 0000.000000, 0000.000000, 0000.000000, 0000.000000, 0000.000000, 0000.000000, 0000.000000,   073,  1,  -000.960231, -000.137096, -000.243230, 0000.060565, -000.277801, 0000.381808, 0000.881504, 0000.019296, -000.027983, 0000.914017, -000.404709, 0000.762466,   080,  1,  0000.705207, -000.708630, -000.022941, -000.138440, -000.629787, -000.640951, 0000.438806, 0000.027465, -000.325655, -000.295001, -000.898289, 0000.883774,   087,  1,  0000.189562, 0000.966136, 0000.175063, 0000.072864, 0000.276306, -000.223580, 0000.934702, -000.060532, 0000.942190, -000.128813, -000.309331, 0000.465976, 
0000000022, 1570657466.910151286,   019,  2,  0000.765827, -000.319711, -000.557937, 0000.019777, -000.261369, -000.947503, 0000.184185, 0000.138947, -000.587533, 0000.004773, -000.809186, 0000.945146,   051,  0,  0000.000000, 0000.000000, 0000.000000, 0000.000000, 0000.000000, 0000.000000, 0000.000000, 0000.000000, 0000.000000, 0000.000000, 0000.000000, 0000.000000,   073,  1,  -000.960110, -000.136334, -000.244135, 0000.060465, -000.278322, 0000.381807, 0000.881340, 0000.019018, -000.026945, 0000.914132, -000.404521, 0000.762536,   080,  1,  0000.704767, -000.709082, -000.022506, -000.138458, -000.630333, -000.640425, 0000.438790, 0000.027482, -000.325551, -000.295059, -000.898308, 0000.883697,   087,  1,  0000.189226, 0000.966156, 0000.175315, 0000.072851, 0000.276058, -000.223683, 0000.934750, -000.060562, 0000.942330, -000.128482, -000.309042, 0000.465908, 
0000000023, 1570657466.921387128,   019,  1,  0000.765596, -000.319128, -000.558587, 0000.019758, -000.260832, -000.947699, 0000.183937, 0000.138927, -000.588072, 0000.004876, -000.808794, 0000.944995,   051,  0,  0000.000000, 0000.000000, 0000.000000, 0000.000000, 0000.000000, 0000.000000, 0000.000000, 0000.000000, 0000.000000, 0000.000000, 0000.000000, 0000.000000,   073,  1,  -000.960112, -000.136131, -000.244239, 0000.060447, -000.278337, 0000.381860, 0000.881312, 0000.019207, -000.026709, 0000.914140, -000.404519, 0000.762389,   080,  1,  0000.704719, -000.709127, -000.022560, -000.138472, -000.630500, -000.640528, 0000.438399, 0000.027506, -000.325331, -000.294724, -000.898497, 0000.883605,   087,  1,  0000.189224, 0000.966113, 0000.175556, 0000.072846, 0000.276349, -000.223955, 0000.934599, -000.060518, 0000.942245, -000.128334, -000.309362, 0000.465804, 
0000000024, 1570657466.932622999,   019,  1,  0000.765366, -000.319965, -000.558424, 0000.019731, -000.261791, -000.947414, 0000.184042, 0000.138833, -000.587946, 0000.005331, -000.808883, 0000.944443,   051,  0,  0000.000000, 0000.000000, 0000.000000, 0000.000000, 0000.000000, 0000.000000, 0000.000000, 0000.000000, 0000.000000, 0000.000000, 0000.000000, 0000.000000,   073,  1,  -000.959868, -000.136389, -000.245054, 0000.060445, -000.279165, 0000.381025, 0000.881412, 0000.019289, -000.026843, 0000.914449, -000.403809, 0000.762293,   080,  1,  0000.704456, -000.709393, -000.022431, -000.138540, -000.630802, -000.640271, 0000.438340, 0000.027540, -000.325317, -000.294642, -000.898529, 0000.883811,   087,  1,  0000.188758, 0000.966174, 0000.175723, 0000.072841, 0000.276554, -000.223997, 0000.934528, -000.060429, 0000.942278, -000.127803, -000.309480, 0000.465709, 
0000000025, 1570657466.943859088,   019,  2,  0000.765207, -000.319615, -000.558843, 0000.019734, -000.261611, -000.947531, 0000.183699, 0000.138791, -000.588234, 0000.005632, -000.808671, 0000.944403,   051,  0,  0000.000000, 0000.000000, 0000.000000, 0000.000000, 0000.000000, 0000.000000, 0000.000000, 0000.000000, 0000.000000, 0000.000000, 0000.000000, 0000.000000,   073,  1,  -000.959638, -000.136396, -000.245949, 0000.060430, -000.279965, 0000.380196, 0000.881516, 0000.019102, -000.026727, 0000.914794, -000.403036, 0000.762307,   080,  1,  0000.704240, -000.709601, -000.022616, -000.138501, -000.630950, -000.640153, 0000.438299, 0000.027548, -000.325495, -000.294398, -000.898545, 0000.883400,   087,  1,  0000.189329, 0000.966024, 0000.175934, 0000.072842, 0000.276733, -000.224407, 0000.934377, -000.060423, 0000.942111, -000.128218, -000.309818, 0000.465641, 
0000000026, 1570657466.955096047,   019,  1,  0000.765047, -000.319265, -000.559261, 0000.019737, -000.261431, -000.947647, 0000.183356, 0000.138749, -000.588521, 0000.005932, -000.808460, 0000.944363,   051,  0,  0000.000000, 0000.000000, 0000.000000, 0000.000000, 0000.000000, 0000.000000, 0000.000000, 0000.000000, 0000.000000, 0000.000000, 0000.000000, 0000.000000,   073,  1,  -000.960015, -000.136781, -000.244259, 0000.060426, -000.278578, 0000.380530, 0000.881811, 0000.019093, -000.027667, 0000.914597, -000.403418, 0000.762264,   080,  1,  0000.703946, -000.709892, -000.022661, -000.138494, -000.631235, -000.639936, 0000.438205, 0000.027544, -000.325580, -000.294169, -000.898589, 0000.883179,   087,  1,  0000.188986, 0000.965999, 0000.176435, 0000.072852, 0000.276640, -000.224770, 0000.934317, -000.060372, 0000.942207, -000.127764, -000.309712, 0000.465617, 
0000000027, 1570657466.966330905,   019,  1,  0000.764981, -000.320149, -000.558846, 0000.019760, -000.262021, -000.947351, 0000.184043, 0000.138759, -000.588344, 0000.005640, -000.808591, 0000.944540,   051,  0,  0000.000000, 0000.000000, 0000.000000, 0000.000000, 0000.000000, 0000.000000, 0000.000000, 0000.000000, 0000.000000, 0000.000000, 0000.000000, 0000.000000,   073,  1,  -000.960488, -000.136659, -000.242460, 0000.060421, -000.276900, 0000.381267, 0000.882022, 0000.019162, -000.028094, 0000.914308, -000.404043, 0000.762219,   080,  1,  0000.704010, -000.709829, -000.022645, -000.138630, -000.631214, -000.640017, 0000.438118, 0000.027569, -000.325482, -000.294145, -000.898632, 0000.883979,   087,  1,  0000.188226, 0000.966204, 0000.176126, 0000.072852, 0000.276323, -000.224186, 0000.934551, -000.060437, 0000.942452, -000.127239, -000.309182, 0000.465605, 
0000000028, 1570657466.977566855,   019,  0,  0000.000000, 0000.000000, 0000.000000, 0000.000000, 0000.000000, 0000.000000, 0000.000000, 0000.000000, 0000.000000, 0000.000000, 0000.000000, 0000.000000,   051,  0,  0000.000000, 0000.000000, 0000.000000, 0000.000000, 0000.000000, 0000.000000, 0000.000000, 0000.000000, 0000.000000, 0000.000000, 0000.000000, 0000.000000,   073,  1,  -000.960555, -000.135969, -000.242582, 0000.060340, -000.276731, 0000.381276, 0000.882071, 0000.019101, -000.027444, 0000.914408, -000.403863, 0000.762246,   080,  1,  0000.703968, -000.709879, -000.022363, -000.138629, -000.631317, -000.639864, 0000.438193, 0000.027589, -000.325374, -000.294356, -000.898603, 0000.883863,   087,  1,  0000.187355, 0000.966370, 0000.176144, 0000.072813, 0000.276369, -000.223933, 0000.934598, -000.060567, 0000.942612, -000.126421, -000.309030, 0000.465605, 
0000000029, 1570657466.988802895,   019,  0,  0000.000000, 0000.000000, 0000.000000, 0000.000000, 0000.000000, 0000.000000, 0000.000000, 0000.000000, 0000.000000, 0000.000000, 0000.000000, 0000.000000,   051,  0,  0000.000000, 0000.000000, 0000.000000, 0000.000000, 0000.000000, 0000.000000, 0000.000000, 0000.000000, 0000.000000, 0000.000000, 0000.000000, 0000.000000,   073,  1,  -000.960482, -000.134984, -000.243422, 0000.060202, -000.277102, 0000.381207, 0000.881984, 0000.019161, -000.026259, 0000.914582, -000.403547, 0000.762206,   080,  1,  0000.703917, -000.709930, -000.022370, -000.138637, -000.631396, -000.639853, 0000.438095, 0000.027600, -000.325331, -000.294258, -000.898650, 0000.883717,   087,  1,  0000.186767, 0000.966562, 0000.175715, 0000.072751, 0000.276484, -000.223348, 0000.934704, -000.060534, 0000.942695, -000.125990, -000.308953, 0000.465596, 
0000000030, 1570657467.000038847,   019,  0,  0000.000000, 0000.000000, 0000.000000, 0000.000000, 0000.000000, 0000.000000, 0000.000000, 0000.000000, 0000.000000, 0000.000000, 0000.000000, 0000.000000,   051,  0,  0000.000000, 0000.000000, 0000.000000, 0000.000000, 0000.000000, 0000.000000, 0000.000000, 0000.000000, 0000.000000, 0000.000000, 0000.000000, 0000.000000,   073,  1,  -000.960417, -000.134921, -000.243712, 0000.060084, -000.277350, 0000.381471, 0000.881792, 0000.019081, -000.026004, 0000.914481, -000.403791, 0000.762225,   080,  1,  0000.703534, -000.710317, -000.022126, -000.138646, -000.631867, -000.639476, 0000.437966, 0000.027613, -000.325244, -000.294144, -000.898719, 0000.883559,   087,  1,  0000.186742, 0000.966541, 0000.175857, 0000.072704, 0000.276527, -000.223483, 0000.934659, -000.060657, 0000.942688, -000.125911, -000.309009, 0000.465580, 
0000000031, 1570657467.011274745,   019,  0,  0000.000000, 0000.000000, 0000.000000, 0000.000000, 0000.000000, 0000.000000, 0000.000000, 0000.000000, 0000.000000, 0000.000000, 0000.000000, 0000.000000,   051,  0,  0000.000000, 0000.000000, 0000.000000, 0000.000000, 0000.000000, 0000.000000, 0000.000000, 0000.000000, 0000.000000, 0000.000000, 0000.000000, 0000.000000,   073,  1,  -000.960376, -000.135161, -000.243739, 0000.060079, -000.277471, 0000.381411, 0000.881780, 0000.019239, -000.026218, 0000.914471, -000.403802, 0000.762148,   080,  1,  0000.703480, -000.710363, -000.022379, -000.138713, -000.631906, -000.639574, 0000.437766, 0000.027630, -000.325286, -000.293819, -000.898810, 0000.883753,   087,  1,  0000.186690, 0000.966475, 0000.176273, 0000.072703, 0000.276676, -000.223889, 0000.934518, -000.060595, 0000.942654, -000.125695, -000.309198, 0000.465558, 
0000000032, 1570657467.022511069,   019,  0,  0000.000000, 0000.000000, 0000.000000, 0000.000000, 0000.000000, 0000.000000, 0000.000000, 0000.000000, 0000.000000, 0000.000000, 0000.000000, 0000.000000,   051,  0,  0000.000000, 0000.000000, 0000.000000, 0000.000000, 0000.000000, 0000.000000, 0000.000000, 0000.000000, 0000.000000, 0000.000000, 0000.000000, 0000.000000,   073,  1,  -000.960337, -000.135717, -000.243585, 0000.060129, -000.277534, 0000.380692, 0000.882071, 0000.019025, -000.026981, 0000.914688, -000.403259, 0000.762251,   080,  1,  0000.703557, -000.710289, -000.022278, -000.138772, -000.631904, -000.639642, 0000.437671, 0000.027636, -000.325123, -000.293849, -000.898859, 0000.883928,   087,  1,  0000.186671, 0000.966379, 0000.176819, 0000.072728, 0000.276523, -000.224390, 0000.934443, -000.060430, 0000.942703, -000.125539, -000.309113, 0000.465541, 
0000000033, 1570657467.033746640,   019,  1,  0000.764663, -000.321417, -000.558553, 0000.019740, -000.262732, -000.946924, 0000.185220, 0000.138578, -000.588440, 0000.005119, -000.808525, 0000.943738,   051,  0,  0000.000000, 0000.000000, 0000.000000, 0000.000000, 0000.000000, 0000.000000, 0000.000000, 0000.000000, 0000.000000, 0000.000000, 0000.000000, 0000.000000,   073,  1,  -000.960151, -000.135948, -000.244187, 0000.060158, -000.278162, 0000.380061, 0000.882145, 0000.019095, -000.027120, 0000.914916, -000.402732, 0000.762225,   080,  1,  0000.703575, -000.710271, -000.022285, -000.138757, -000.631885, -000.639660, 0000.437671, 0000.027646, -000.325120, -000.293853, -000.898859, 0000.883656,   087,  1,  0000.186359, 0000.966391, 0000.177085, 0000.072720, 0000.276263, -000.224514, 0000.934490, -000.060467, 0000.942841, -000.125229, -000.308818, 0000.465535, 
0000000034, 1570657467.044982663,   019,  0,  0000.000000, 0000.000000, 0000.000000, 0000.000000, 0000.000000, 0000.000000, 0000.000000, 0000.000000, 0000.000000, 0000.000000, 0000.000000, 0000.000000,   051,  0,  0000.000000, 0000.000000, 0000.000000, 0000.000000, 0000.000000, 0000.000000, 0000.000000, 0000.000000, 0000.000000, 0000.000000, 0000.000000, 0000.000000,   073,  1,  -000.960187, -000.135590, -000.244245, 0000.060104, -000.278071, 0000.380092, 0000.882160, 0000.019097, -000.026777, 0000.914957, -000.402663, 0000.762226,   080,  1,  0000.703038, -000.710810, -000.022058, -000.138760, -000.632392, -000.639064, 0000.437810, 0000.027660, -000.325296, -000.293848, -000.898797, 0000.883607,   087,  1,  0000.186292, 0000.966466, 0000.176746, 0000.072688, 0000.276278, -000.224167, 0000.934569, -000.060511, 0000.942850, -000.125272, -000.308774, 0000.465549, 
0000000035, 1570657467.056218544,   019,  0,  0000.000000, 0000.000000, 0000.000000, 0000.000000, 0000.000000, 0000.000000, 0000.000000, 0000.000000, 0000.000000, 0000.000000, 0000.000000, 0000.000000,   051,  0,  0000.000000, 0000.000000, 0000.000000, 0000.000000, 0000.000000, 0000.000000, 0000.000000, 0000.000000, 0000.000000, 0000.000000, 0000.000000, 0000.000000,   073,  1,  -000.960513, -000.135418, -000.243056, 0000.060038, -000.276937, 0000.381025, 0000.882114, 0000.019058, -000.026844, 0000.914594, -000.403482, 0000.762250,   080,  1,  0000.703200, -000.710653, -000.021970, -000.138785, -000.632329, -000.639228, 0000.437663, 0000.027673, -000.325070, -000.293872, -000.898871, 0000.883725,   087,  1,  0000.186346, 0000.966568, 0000.176130, 0000.072665, 0000.276165, -000.223573, 0000.934745, -000.060519, 0000.942872, -000.125545, -000.308595, 0000.465565, 
0000000036, 1570657467.067454221,   019,  0,  0000.000000, 0000.000000, 0000.000000, 0000.000000, 0000.000000, 0000.000000, 0000.000000, 0000.000000, 0000.000000, 0000.000000, 0000.000000, 0000.000000,   051,  0,  0000.000000, 0000.000000, 0000.000000, 0000.000000, 0000.000000, 0000.000000, 0000.000000, 0000.000000, 0000.000000, 0000.000000, 0000.000000, 0000.000000,   073,  1,  -000.960805, -000.134958, -000.242158, 0000.060029, -000.275937, 0000.381441, 0000.882248, 0000.018950, -000.026698, 0000.914488, -000.403730, 0000.762330,   080,  1,  0000.703319, -000.710544, -000.021687, -000.138798, -000.632321, -000.639250, 0000.437641, 0000.027694, -000.324827, -000.294088, -000.898888, 0000.883742,   087,  1,  0000.186133, 0000.966609, 0000.176131, 0000.072678, 0000.276342, -000.223530, 0000.934703, -000.060515, 0000.942863, -000.125306, -000.308721, 0000.465584, 
0000000037, 1570657467.078690669,   019,  0,  0000.000000, 0000.000000, 0000.000000, 0000.000000, 0000.000000, 0000.000000, 0000.000000, 0000.000000, 0000.000000, 0000.000000, 0000.000000, 0000.000000,   051,  0,  0000.000000, 0000.000000, 0000.000000, 0000.000000, 0000.000000, 0000.000000, 0000.000000, 0000.000000, 0000.000000, 0000.000000, 0000.000000, 0000.000000,   073,  1,  -000.960668, -000.134797, -000.242788, 0000.060103, -000.276443, 0000.381160, 0000.882211, 0000.018993, -000.026378, 0000.914629, -000.403432, 0000.762343,   080,  1,  0000.703518, -000.710359, -000.021253, -000.138783, -000.632338, -000.639338, 0000.437488, 0000.027721, -000.324361, -000.294341, -000.898973, 0000.883692,   087,  1,  0000.186820, 0000.966406, 0000.176514, 0000.072719, 0000.276415, -000.224128, 0000.934538, -000.060524, 0000.942705, -000.125799, -000.309000, 0000.465596, 
0000000038, 1570657467.089926487,   019,  0,  0000.000000, 0000.000000, 0000.000000, 0000.000000, 0000.000000, 0000.000000, 0000.000000, 0000.000000, 0000.000000, 0000.000000, 0000.000000, 0000.000000,   051,  0,  0000.000000, 0000.000000, 0000.000000, 0000.000000, 0000.000000, 0000.000000, 0000.000000, 0000.000000, 0000.000000, 0000.000000, 0000.000000, 0000.000000,   073,  1,  -000.960709, -000.135198, -000.242404, 0000.060246, -000.276243, 0000.380836, 0000.882414, 0000.019039, -000.026985, 0000.914705, -000.403220, 0000.762356,   080,  1,  0000.703622, -000.710262, -000.021085, -000.138790, -000.632307, -000.639383, 0000.437468, 0000.027744, -000.324198, -000.294480, -000.898987, 0000.883684,   087,  1,  0000.186993, 0000.966374, 0000.176505, 0000.072772, 0000.276266, -000.224155, 0000.934576, -000.060585, 0000.942715, -000.125996, -000.308892, 0000.465615, 
0000000039, 1570657467.101162513,   019,  0,  0000.000000, 0000.000000, 0000.000000, 0000.000000, 0000.000000, 0000.000000, 0000.000000, 0000.000000, 0000.000000, 0000.000000, 0000.000000, 0000.000000,   051,  0,  0000.000000, 0000.000000, 0000.000000, 0000.000000, 0000.000000, 0000.000000, 0000.000000, 0000.000000, 0000.000000, 0000.000000, 0000.000000, 0000.000000,   073,  1,  -000.960867, -000.136098, -000.241271, 0000.060421, -000.275564, 0000.380778, 0000.882651, 0000.019097, -000.028257, 0000.914596, -000.403381, 0000.762354,   080,  1,  0000.703792, -000.710097, -000.020938, -000.138782, -000.632321, -000.639595, 0000.437136, 0000.027767, -000.323801, -000.294414, -000.899152, 0000.883670,   087,  1,  0000.187893, 0000.966299, 0000.175962, 0000.072828, 0000.276161, -000.223900, 0000.934668, -000.060576, 0000.942566, -000.127024, -000.308924, 0000.465638, 
0000000040, 1570657467.112398238,   019,  1,  0000.765596, -000.323342, -000.556158, 0000.020044, -000.264036, -000.946274, 0000.186684, 0000.138601, -000.586641, 0000.003921, -000.809838, 0000.944231,   051,  0,  0000.000000, 0000.000000, 0000.000000, 0000.000000, 0000.000000, 0000.000000, 0000.000000, 0000.000000, 0000.000000, 0000.000000, 0000.000000, 0000.000000,   073,  1,  -000.960773, -000.137309, -000.240960, 0000.060588, -000.275774, 0000.380909, 0000.882529, 0000.019136, -000.029395, 0000.914360, -000.403834, 0000.762370,   080,  1,  0000.703902, -000.709998, -000.020604, -000.138752, -000.632389, -000.639639, 0000.436974, 0000.027786, -000.323430, -000.294557, -000.899238, 0000.883614,   087,  1,  0000.188794, 0000.966130, 0000.175927, 0000.072885, 0000.275944, -000.224123, 0000.934678, -000.060365, 0000.942450, -000.127916, -000.308911, 0000.465671, 
0000000041, 1570657467.123634203,   019,  1,  0000.765798, -000.323840, -000.555591, 0000.020106, -000.264650, -000.946103, 0000.186679, 0000.138743, -000.586101, 0000.004079, -000.810228, 0000.945165,   051,  0,  0000.000000, 0000.000000, 0000.000000, 0000.000000, 0000.000000, 0000.000000, 0000.000000, 0000.000000, 0000.000000, 0000.000000, 0000.000000, 0000.000000,   073,  1,  -000.960716, -000.137769, -000.240924, 0000.060727, -000.275932, 0000.381065, 0000.882412, 0000.018940, -000.029761, 0000.914226, -000.404110, 0000.762494,   080,  1,  0000.704007, -000.709899, -000.020447, -000.138734, -000.632428, -000.639758, 0000.436743, 0000.027794, -000.323125, -000.294539, -000.899354, 0000.883589,   087,  1,  0000.189452, 0000.966057, 0000.175619, 0000.072952, 0000.275812, -000.224016, 0000.934743, -000.060374, 0000.942356, -000.128651, -000.308891, 0000.465701, 
0000000042, 1570657467.134870556,   019,  0,  0000.000000, 0000.000000, 0000.000000, 0000.000000, 0000.000000, 0000.000000, 0000.000000, 0000.000000, 0000.000000, 0000.000000, 0000.000000, 0000.000000,   051,  0,  0000.000000, 0000.000000, 0000.000000, 0000.000000, 0000.000000, 0000.000000, 0000.000000, 0000.000000, 0000.000000, 0000.000000, 0000.000000, 0000.000000,   073,  1,  -000.960777, -000.138109, -000.240485, 0000.060813, -000.275663, 0000.380911, 0000.882562, 0000.019148, -000.030286, 0000.914239, -000.404043, 0000.762455,   080,  1,  0000.704452, -000.709467, -000.020091, -000.138664, -000.632230, -000.640122, 0000.436496, 0000.027798, -000.322540, -000.294789, -000.899482, 0000.883299,   087,  1,  0000.190007, 0000.965955, 0000.175580, 0000.072974, 0000.275748, -000.224145, 0000.934731, -000.060348, 0000.942263, -000.129190, -000.308949, 0000.465729, 
0000000043, 1570657467.146106272,   019,  0,  0000.000000, 0000.000000, 0000.000000, 0000.000000, 0000.000000, 0000.000000, 0000.000000, 0000.000000, 0000.000000, 0000.000000, 0000.000000, 0000.000000,   051,  0,  0000.000000, 0000.000000, 0000.000000, 0000.000000, 0000.000000, 0000.000000, 0000.000000, 0000.000000, 0000.000000, 0000.000000, 0000.000000, 0000.000000,   073,  1,  -000.960741, -000.137272, -000.241107, 0000.060811, -000.275886, 0000.380640, 0000.882610, 0000.019188, -000.029383, 0000.914478, -000.403568, 0000.762504,   080,  1,  0000.704360, -000.709574, -000.019559, -000.138678, -000.632447, -000.639834, 0000.436604, 0000.027823, -000.322317, -000.295156, -000.899441, 0000.883592,   087,  1,  0000.189818, 0000.965950, 0000.175812, 0000.072990, 0000.275690, -000.224302, 0000.934710, -000.060317, 0000.942318, -000.128955, -000.308879, 0000.465763, 
