% Measurements merged on 10/09/19 16:37:21 Central Daylight Time
% Original files:
%    1: C:\Users\Al\Desktop\Nayo\KACEY\STROKE\RTIS2001\RTIS2001_00000004_Series2s24.hts  (Series2s24)
%    2: C:\Users\Al\Desktop\Nayo\KACEY\STROKE\RTIS2001\RTIS2001_00000004_Series2s25.hts  (Series2s25)
% Merge host: Al-PC
% System: MERGED
% nSharedImages: 1000
%
% Interpolated markers have status set to 2
%
% EMB001 (Marker properties) Series:2031, ID:019, Size:35, Thickness:001.846, tPu:[+000.000 +000.000 +000.000]
% EMB001 (Marker properties) Series:2031, ID:051, Size:35, Thickness:001.844, tPu:[+000.000 +000.000 +000.000]
% EMB001 (Marker properties) Series:2032, ID:073, Size:44, Thickness:002.200, tPu:[+000.000 +000.000 +000.000]
% EMB001 (Marker properties) Series:2032, ID:080, Size:44, Thickness:002.203, tPu:[+000.000 +000.000 +000.000]
% EMB001 (Marker properties) Series:2032, ID:087, Size:44, Thickness:002.251, tPu:[+000.000 +000.000 +000.000]
%
% ImageNumber,             FrameTime,           Marker,  ST, HT(1, 1),    HT(1, 2),    HT(1, 3),    HT(1, 4),    HT(2, 1),    HT(2, 2),    HT(2, 3),    HT(2, 4),    HT(3, 1),    HT(3, 2),    HT(3, 3),    HT(3, 4)
%
0000000000, 1570657434.910151286,   019,  1,  0000.992215, -000.081809, -000.093894, 0000.010923, -000.073487, -000.993324, 0000.088917, 0000.161807, -000.100542, -000.081325, -000.991604, 0001.016190,   051,  1,  0000.771854, -000.411454, 0000.484713, 0000.091761, -000.453940, 0000.177166, 0000.873241, -000.034626, -000.445174, -000.894046, -000.050029, 0000.590348,   073,  1,  -000.659862, -000.737186, 0000.145394, 0000.162932, -000.255547, 0000.402144, 0000.879191, 0000.052549, -000.706596, 0000.542990, -000.453745, 0000.921711,   080,  1,  0000.848332, -000.497253, 0000.181859, -000.119098, -000.515241, -000.696237, 0000.499781, 0000.036537, -000.121901, -000.517681, -000.846845, 0000.888499,   087,  1,  0000.571278, 0000.806607, 0000.151745, 0000.166879, 0000.177280, -000.301786, 0000.936748, -000.015176, 0000.801382, -000.508242, -000.315399, 0000.703916, 
0000000001, 1570657434.921387196,   019,  1,  0000.992199, -000.081213, -000.094585, 0000.010982, -000.072796, -000.993343, 0000.089279, 0000.161638, -000.101206, -000.081697, -000.991505, 0001.015314,   051,  1,  0000.771868, -000.411787, 0000.484408, 0000.091603, -000.453524, 0000.177350, 0000.873420, -000.035125, -000.445573, -000.893856, -000.049865, 0000.589779,   073,  1,  -000.661746, -000.735601, 0000.144857, 0000.162774, -000.255157, 0000.402649, 0000.879073, 0000.052695, -000.704973, 0000.544762, -000.454145, 0000.921187,   080,  1,  0000.848184, -000.497320, 0000.182364, -000.119139, -000.515538, -000.695961, 0000.499859, 0000.036520, -000.121672, -000.517988, -000.846690, 0000.888687,   087,  1,  0000.570808, 0000.806911, 0000.151894, 0000.166674, 0000.177114, -000.301640, 0000.936827, -000.015383, 0000.801753, -000.507846, -000.315094, 0000.703342, 
0000000002, 1570657434.932623227,   019,  1,  0000.992097, -000.082490, -000.094546, 0000.011041, -000.073951, -000.993145, 0000.090520, 0000.161889, -000.101365, -000.082812, -000.991397, 0001.017093,   051,  1,  0000.772158, -000.411804, 0000.483932, 0000.091443, -000.452917, 0000.177490, 0000.873707, -000.034980, -000.445689, -000.893820, -000.049463, 0000.589072,   073,  1,  -000.663745, -000.733967, 0000.143995, 0000.162647, -000.255158, 0000.403163, 0000.878837, 0000.052447, -000.703091, 0000.546582, -000.454875, 0000.920928,   080,  1,  0000.848038, -000.497479, 0000.182607, -000.119138, -000.515786, -000.695750, 0000.499898, 0000.036492, -000.121640, -000.518118, -000.846615, 0000.888692,   087,  1,  0000.570093, 0000.807423, 0000.151861, 0000.166476, 0000.176992, -000.301198, 0000.936992, -000.015640, 0000.802289, -000.507294, -000.314619, 0000.702768, 
0000000003, 1570657434.943859035,   019,  1,  0000.991955, -000.082914, -000.095660, 0000.011104, -000.074162, -000.993023, 0000.091683, 0000.161593, -000.102594, -000.083852, -000.991183, 0001.015485,   051,  1,  0000.772679, -000.411329, 0000.483504, 0000.091318, -000.452419, 0000.177459, 0000.873971, -000.035317, -000.445292, -000.894045, -000.048974, 0000.588390,   073,  1,  -000.666214, -000.731967, 0000.142770, 0000.162482, -000.255502, 0000.403882, 0000.878407, 0000.052221, -000.700627, 0000.548729, -000.456091, 0000.920630,   080,  1,  0000.848278, -000.497144, 0000.182407, -000.119131, -000.515410, -000.696025, 0000.499901, 0000.036449, -000.121563, -000.518070, -000.846656, 0000.888662,   087,  1,  0000.569573, 0000.807812, 0000.151745, 0000.166275, 0000.177011, -000.300839, 0000.937104, -000.015900, 0000.802654, -000.506889, -000.314341, 0000.702160, 
0000000004, 1570657434.955097150,   019,  1,  0000.991877, -000.083970, -000.095541, 0000.011177, -000.075163, -000.992889, 0000.092314, 0000.161492, -000.102614, -000.084383, -000.991136, 0001.015055,   051,  1,  0000.772912, -000.411287, 0000.483166, 0000.091227, -000.452153, 0000.177220, 0000.874157, -000.035594, -000.445156, -000.894112, -000.048989, 0000.587634,   073,  1,  -000.668940, -000.729762, 0000.141306, 0000.162266, -000.255842, 0000.404530, 0000.878009, 0000.052062, -000.697900, 0000.551183, -000.457310, 0000.920236,   080,  1,  0000.848484, -000.496809, 0000.182361, -000.119151, -000.515107, -000.696229, 0000.499930, 0000.036408, -000.121405, -000.518118, -000.846649, 0000.888827,   087,  1,  0000.568685, 0000.808421, 0000.151833, 0000.166050, 0000.177102, -000.300595, 0000.937165, -000.015836, 0000.803263, -000.506062, -000.314117, 0000.701397, 
0000000005, 1570657434.966331127,   019,  1,  0000.991780, -000.083720, -000.096763, 0000.011218, -000.074687, -000.992816, 0000.093479, 0000.161566, -000.103894, -000.085484, -000.990908, 0001.015720,   051,  1,  0000.773473, -000.410746, 0000.482729, 0000.091160, -000.451581, 0000.177310, 0000.874435, -000.035615, -000.444763, -000.894343, -000.048340, 0000.586772,   073,  1,  -000.671952, -000.727194, 0000.140248, 0000.162002, -000.255966, 0000.405740, 0000.877415, 0000.051966, -000.694955, 0000.553682, -000.458775, 0000.919753,   080,  1,  0000.848624, -000.496549, 0000.182420, -000.119268, -000.514917, -000.696341, 0000.499970, 0000.036399, -000.121233, -000.518217, -000.846613, 0000.889608,   087,  1,  0000.567627, 0000.809164, 0000.151835, 0000.165883, 0000.177276, -000.300228, 0000.937249, -000.016129, 0000.803973, -000.505091, -000.313863, 0000.700708, 
0000000006, 1570657434.977566855,   019,  1,  0000.991652, -000.084440, -000.097451, 0000.011272, -000.075253, -000.992687, 0000.094385, 0000.161581, -000.104708, -000.086264, -000.990755, 0001.015781,   051,  1,  0000.774320, -000.409925, 0000.482068, 0000.091130, -000.450797, 0000.177284, 0000.874844, -000.035940, -000.444084, -000.894724, -000.047519, 0000.585888,   073,  1,  -000.675045, -000.724424, 0000.139728, 0000.161727, -000.255591, 0000.407289, 0000.876806, 0000.051855, -000.692089, 0000.556171, -000.460094, 0000.919254,   080,  1,  0000.848523, -000.496609, 0000.182726, -000.119226, -000.515125, -000.696208, 0000.499941, 0000.036357, -000.121060, -000.518338, -000.846564, 0000.889055,   087,  1,  0000.566326, 0000.810062, 0000.151903, 0000.165699, 0000.177295, -000.299731, 0000.937405, -000.016303, 0000.804886, -000.503945, -000.313365, 0000.699938, 
0000000007, 1570657434.988802870,   019,  1,  0000.991696, -000.083844, -000.097519, 0000.011310, -000.074548, -000.992648, 0000.095350, 0000.161708, -000.104797, -000.087288, -000.990656, 0001.016374,   051,  1,  0000.775182, -000.409072, 0000.481407, 0000.091150, -000.450013, 0000.177257, 0000.875253, -000.036430, -000.443375, -000.895120, -000.046681, 0000.584959,   073,  1,  -000.677961, -000.721649, 0000.139971, 0000.161494, -000.254410, 0000.408986, 0000.876360, 0000.051387, -000.689670, 0000.558528, -000.460871, 0000.919024,   080,  1,  0000.848617, -000.496334, 0000.183037, -000.119304, -000.515060, -000.696278, 0000.499910, 0000.036377, -000.120678, -000.518507, -000.846515, 0000.889349,   087,  1,  0000.564432, 0000.811379, 0000.151922, 0000.165528, 0000.177620, -000.299106, 0000.937543, -000.016543, 0000.806143, -000.502195, -000.312942, 0000.699145, 
0000000008, 1570657435.000038883,   019,  1,  0000.991707, -000.083129, -000.098013, 0000.011309, -000.073623, -000.992566, 0000.096918, 0000.161710, -000.105341, -000.088898, -000.990455, 0001.015930,   051,  1,  0000.776016, -000.407930, 0000.481033, 0000.091203, -000.449280, 0000.177750, 0000.875530, -000.036543, -000.442658, -000.895543, -000.045338, 0000.583885,   073,  1,  -000.680404, -000.719252, 0000.140449, 0000.161185, -000.252689, 0000.410158, 0000.876310, 0000.051448, -000.687894, 0000.560755, -000.460820, 0000.918437,   080,  1,  0000.848841, -000.495900, 0000.183174, -000.119347, -000.514722, -000.696271, 0000.500268, 0000.036363, -000.120544, -000.518931, -000.846274, 0000.889324,   087,  1,  0000.562479, 0000.812684, 0000.152190, 0000.165366, 0000.177913, -000.298723, 0000.937609, -000.016713, 0000.807443, -000.500309, -000.312613, 0000.698271, 
0000000009, 1570657435.011275081,   019,  2,  0000.991640, -000.083670, -000.098230, 0000.011249, -000.073952, -000.992363, 0000.098723, 0000.161738, -000.105740, -000.090633, -000.990255, 0001.015705,   051,  1,  0000.777339, -000.406293, 0000.480282, 0000.091292, -000.448457, 0000.177517, 0000.875999, -000.036428, -000.441170, -000.896334, -000.044214, 0000.582703,   073,  1,  -000.682616, -000.717058, 0000.140938, 0000.160865, -000.251214, 0000.411359, 0000.876171, 0000.051479, -000.686241, 0000.562683, -000.460935, 0000.917895,   080,  1,  0000.848923, -000.495607, 0000.183582, -000.119383, -000.514646, -000.696118, 0000.500559, 0000.036356, -000.120286, -000.519416, -000.846013, 0000.889073,   087,  1,  0000.560215, 0000.814237, 0000.152243, 0000.165202, 0000.178547, -000.298166, 0000.937666, -000.016857, 0000.808876, -000.498112, -000.312417, 0000.697327, 
0000000010, 1570657435.022510839,   019,  1,  0000.991573, -000.084211, -000.098446, 0000.011189, -000.074280, -000.992158, 0000.100528, 0000.161765, -000.106140, -000.092368, -000.990052, 0001.015480,   051,  1,  0000.778711, -000.405122, 0000.479046, 0000.091425, -000.447059, 0000.177398, 0000.876737, -000.037090, -000.440168, -000.896887, -000.042971, 0000.581573,   073,  1,  -000.684150, -000.715366, 0000.142094, 0000.160580, -000.249117, 0000.412312, 0000.876322, 0000.051307, -000.685478, 0000.564137, -000.460293, 0000.917553,   080,  1,  0000.849065, -000.495362, 0000.183588, -000.119509, -000.514413, -000.696118, 0000.500798, 0000.036357, -000.120278, -000.519650, -000.845871, 0000.889406,   087,  1,  0000.558273, 0000.815709, 0000.151492, 0000.165072, 0000.178851, -000.296627, 0000.938096, -000.017309, 0000.810150, -000.496619, -000.311489, 0000.696428, 
0000000011, 1570657435.033746765,   019,  1,  0000.991554, -000.083432, -000.099299, 0000.011123, -000.073309, -000.992124, 0000.101569, 0000.162159, -000.106991, -000.093431, -000.989860, 0001.017463,   051,  1,  0000.780153, -000.403357, 0000.478189, 0000.091578, -000.445806, 0000.177797, 0000.877294, -000.037460, -000.438883, -000.897603, -000.041110, 0000.580319,   073,  1,  -000.685886, -000.713466, 0000.143274, 0000.160268, -000.246615, 0000.413124, 0000.876647, 0000.051295, -000.684647, 0000.565946, -000.459307, 0000.917130,   080,  1,  0000.848951, -000.495458, 0000.183857, -000.119552, -000.514577, -000.695738, 0000.501158, 0000.036317, -000.120386, -000.520067, -000.845599, 0000.889198,   087,  1,  0000.555401, 0000.817700, 0000.151318, 0000.164913, 0000.179407, -000.295502, 0000.938345, -000.017514, 0000.812000, -000.494010, -000.310823, 0000.695366, 
0000000012, 1570657435.044982405,   019,  1,  0000.991494, -000.082322, -000.100813, 0000.010994, -000.071968, -000.992141, 0000.102360, 0000.161873, -000.108447, -000.094234, -000.989626, 0001.015507,   051,  1,  0000.781295, -000.401700, 0000.477720, 0000.091733, -000.445132, 0000.177925, 0000.877610, -000.037593, -000.437534, -000.898321, -000.039798, 0000.578933,   073,  1,  -000.687652, -000.711617, 0000.144001, 0000.159959, -000.244471, 0000.413700, 0000.876976, 0000.051232, -000.683644, 0000.567850, -000.458451, 0000.916719,   080,  1,  0000.848976, -000.495378, 0000.183956, -000.119659, -000.514529, -000.695609, 0000.501386, 0000.036277, -000.120414, -000.520315, -000.845442, 0000.889419,   087,  1,  0000.553026, 0000.819206, 0000.151869, 0000.164739, 0000.180052, -000.295483, 0000.938228, -000.017713, 0000.813476, -000.491520, -000.310909, 0000.694210, 
0000000013, 1570657435.056218555,   019,  2,  0000.991372, -000.082488, -000.101870, 0000.010938, -000.071931, -000.992048, 0000.103283, 0000.161822, -000.109579, -000.095064, -000.989422, 0001.015482,   051,  1,  0000.782751, -000.400203, 0000.476591, 0000.091875, -000.443671, 0000.178173, 0000.878300, -000.037963, -000.436413, -000.898939, -000.038094, 0000.577489,   073,  1,  -000.689431, -000.709773, 0000.144593, 0000.159649, -000.242200, 0000.414012, 0000.877458, 0000.051146, -000.682659, 0000.569927, -000.457340, 0000.916259,   080,  1,  0000.848991, -000.495318, 0000.184049, -000.119781, -000.514495, -000.695475, 0000.501607, 0000.036222, -000.120454, -000.520553, -000.845290, 0000.889517,   087,  1,  0000.550664, 0000.820900, 0000.151301, 0000.164545, 0000.180441, -000.294036, 0000.938607, -000.017901, 0000.814991, -000.489556, -000.310039, 0000.692947, 
0000000014, 1570657435.067454499,   019,  1,  0000.991249, -000.082654, -000.102926, 0000.010883, -000.071893, -000.991954, 0000.104206, 0000.161772, -000.110711, -000.095894, -000.989216, 0001.015458,   051,  1,  0000.784322, -000.398188, 0000.475695, 0000.092030, -000.442570, 0000.178178, 0000.878854, -000.038477, -000.434708, -000.899833, -000.036477, 0000.575906,   073,  1,  -000.691175, -000.707815, 0000.145860, 0000.159348, -000.238793, 0000.414174, 0000.878315, 0000.050920, -000.682096, 0000.572239, -000.455288, 0000.915768,   080,  1,  0000.848972, -000.495332, 0000.184099, -000.119930, -000.514523, -000.695413, 0000.501663, 0000.036163, -000.120465, -000.520621, -000.845246, 0000.889636,   087,  1,  0000.548049, 0000.822598, 0000.151575, 0000.164364, 0000.180767, -000.293410, 0000.938741, -000.018237, 0000.816680, -000.487076, -000.309502, 0000.691585, 
0000000015, 1570657435.078690435,   019,  1,  0000.991131, -000.082223, -000.104399, 0000.010828, -000.071217, -000.991908, 0000.105101, 0000.161728, -000.112196, -000.096734, -000.988966, 0001.015636,   051,  1,  0000.785880, -000.396050, 0000.474908, 0000.092175, -000.441747, 0000.177861, 0000.879332, -000.038552, -000.432727, -000.900838, -000.035177, 0000.574068,   073,  1,  -000.693369, -000.705366, 0000.147301, 0000.159007, -000.234875, 0000.414488, 0000.879223, 0000.050920, -000.681229, 0000.575029, -000.453066, 0000.914991,   080,  1,  0000.848987, -000.495315, 0000.184074, -000.120047, -000.514502, -000.695454, 0000.501629, 0000.036077, -000.120450, -000.520583, -000.845272, 0000.889350,   087,  1,  0000.545407, 0000.824231, 0000.152230, 0000.164144, 0000.181359, -000.293369, 0000.938639, -000.018511, 0000.818315, -000.484333, -000.309487, 0000.690042, 
0000000016, 1570657435.089926302,   019,  1,  0000.990805, -000.083734, -000.106276, 0000.010822, -000.072260, -000.991568, 0000.107575, 0000.161445, -000.114388, -000.098906, -000.988500, 0001.014488,   051,  1,  0000.787623, -000.393651, 0000.474014, 0000.092361, -000.440409, 0000.178356, 0000.879903, -000.039445, -000.430918, -000.901792, -000.032891, 0000.572174,   073,  1,  -000.696404, -000.702391, 0000.147202, 0000.158683, -000.232499, 0000.414873, 0000.879673, 0000.050484, -000.678944, 0000.578383, -000.452225, 0000.914384,   080,  1,  0000.848650, -000.495869, 0000.184137, -000.120248, -000.514973, -000.695030, 0000.501733, 0000.036006, -000.120813, -000.520622, -000.845197, 0000.889496,   087,  1,  0000.542395, 0000.826198, 0000.152331, 0000.163916, 0000.182039, -000.292591, 0000.938750, -000.018913, 0000.820164, -000.481443, -000.309100, 0000.688360, 
0000000017, 1570657435.101162592,   019,  2,  0000.990551, -000.084105, -000.108324, 0000.010816, -000.072120, -000.991293, 0000.110172, 0000.161374, -000.116647, -000.101319, -000.987992, 0001.014741,   051,  1,  0000.789932, -000.390321, 0000.472923, 0000.092571, -000.439128, 0000.178214, 0000.880572, -000.039619, -000.427988, -000.903266, -000.030624, 0000.569958,   073,  1,  -000.700256, -000.698887, 0000.145595, 0000.158254, -000.231112, 0000.414895, 0000.880028, 0000.050447, -000.675447, 0000.582596, -000.452054, 0000.913329,   080,  1,  0000.848123, -000.496813, 0000.184022, -000.120473, -000.515722, -000.694645, 0000.501497, 0000.035930, -000.121320, -000.520235, -000.845362, 0000.889544,   087,  1,  0000.538798, 0000.828432, 0000.152960, 0000.163673, 0000.182334, -000.291942, 0000.938895, -000.019273, 0000.822467, -000.477985, -000.308349, 0000.686474, 
0000000018, 1570657435.112398210,   019,  1,  0000.990294, -000.084481, -000.110370, 0000.010810, -000.071974, -000.991011, 0000.112768, 0000.161303, -000.118905, -000.103729, -000.987472, 0001.014994,   051,  1,  0000.791895, -000.387414, 0000.472030, 0000.092844, -000.437759, 0000.178785, 0000.881137, -000.040322, -000.425757, -000.904404, -000.028015, 0000.567575,   073,  1,  -000.704257, -000.695275, 0000.143578, 0000.157782, -000.229568, 0000.414396, 0000.880667, 0000.050062, -000.671804, 0000.587255, -000.451454, 0000.912340,   080,  1,  0000.847908, -000.497500, 0000.183156, -000.120657, -000.515854, -000.694574, 0000.501460, 0000.035816, -000.122261, -000.519674, -000.845572, 0000.889151,   087,  1,  0000.534969, 0000.830892, 0000.153056, 0000.163404, 0000.183297, -000.290987, 0000.939004, -000.019604, 0000.824749, -000.474283, -000.307969, 0000.684370, 
0000000019, 1570657435.123634234,   019,  1,  0000.989838, -000.086458, -000.112893, 0000.010798, -000.073265, -000.990520, 0000.116196, 0000.161226, -000.121869, -000.106744, -000.986790, 0001.015303,   051,  1,  0000.794342, -000.384411, 0000.470371, 0000.093136, -000.435796, 0000.178829, 0000.882101, -000.041032, -000.423205, -000.905676, -000.025474, 0000.564960,   073,  1,  -000.708450, -000.691073, 0000.143236, 0000.157232, -000.226156, 0000.414544, 0000.881480, 0000.049748, -000.668545, 0000.592091, -000.449974, 0000.911141,   080,  1,  0000.847581, -000.498473, 0000.182019, -000.120915, -000.516105, -000.694519, 0000.501278, 0000.035707, -000.123458, -000.518814, -000.845925, 0000.889221,   087,  1,  0000.530590, 0000.833743, 0000.152796, 0000.163178, 0000.184252, -000.289400, 0000.939308, -000.020386, 0000.827360, -000.470234, -000.307172, 0000.682195, 
0000000020, 1570657435.134870126,   019,  1,  0000.989279, -000.088007, -000.116539, 0000.010775, -000.073954, -000.990033, 0000.119859, 0000.161100, -000.125926, -000.109956, -000.985927, 0001.015327,   051,  1,  0000.797336, -000.380439, 0000.468531, 0000.093443, -000.433551, 0000.179020, 0000.883168, -000.041662, -000.419868, -000.907313, -000.022200, 0000.562107,   073,  1,  -000.712697, -000.686688, 0000.143261, 0000.156611, -000.222193, 0000.414704, 0000.882412, 0000.049473, -000.665352, 0000.597060, -000.448135, 0000.909738,   080,  1,  0000.847446, -000.499357, 0000.180215, -000.121246, -000.515946, -000.694747, 0000.501125, 0000.035611, -000.125036, -000.517657, -000.846402, 0000.889617,   087,  1,  0000.526024, 0000.836581, 0000.153071, 0000.162889, 0000.185023, -000.288243, 0000.939512, -000.020846, 0000.830100, -000.465884, -000.306409, 0000.679706, 
0000000021, 1570657435.146106140,   019,  1,  0000.988618, -000.089760, -000.120741, 0000.010719, -000.074680, -000.989456, 0000.124097, 0000.160715, -000.130607, -000.113667, -000.984897, 0001.013836,   051,  1,  0000.799728, -000.376514, 0000.467623, 0000.093792, -000.432466, 0000.178977, 0000.883708, -000.042170, -000.416422, -000.908958, -000.019697, 0000.559005,   073,  1,  -000.717289, -000.682082, 0000.142337, 0000.155953, -000.219483, 0000.415061, 0000.882922, 0000.049014, -000.661304, 0000.602070, -000.447424, 0000.908329,   080,  1,  0000.847105, -000.500647, 0000.178231, -000.121550, -000.516109, -000.695100, 0000.500468, 0000.035491, -000.126669, -000.515935, -000.847211, 0000.889678,   087,  1,  0000.521446, 0000.839387, 0000.153372, 0000.162603, 0000.186068, -000.287272, 0000.939603, -000.021419, 0000.832750, -000.461415, -000.305980, 0000.677052, 
0000000022, 1570657435.157342202,   019,  1,  0000.987779, -000.092300, -000.125589, 0000.010676, -000.076068, -000.988799, 0000.128414, 0000.160748, -000.136035, -000.117292, -000.983736, 0001.014972,   051,  1,  0000.802863, -000.371744, 0000.466066, 0000.094177, -000.430342, 0000.179642, 0000.884610, -000.043105, -000.412573, -000.910788, -000.015749, 0000.555732,   073,  1,  -000.722055, -000.677197, 0000.141565, 0000.155242, -000.216871, 0000.415864, 0000.883190, 0000.048471, -000.656965, 0000.607010, -000.447141, 0000.906824,   080,  1,  0000.846515, -000.502312, 0000.176336, -000.121921, -000.516551, -000.694870, 0000.500331, 0000.035368, -000.128791, -000.514624, -000.847688, 0000.889958,   087,  1,  0000.516101, 0000.842599, 0000.153842, 0000.162299, 0000.187033, -000.286141, 0000.939756, -000.022030, 0000.835858, -000.456236, -000.305271, 0000.674204, 
0000000023, 1570657435.168578036,   019,  1,  0000.986841, -000.094080, -000.131506, 0000.010586, -000.076389, -000.988081, 0000.133644, 0000.160500, -000.142512, -000.121840, -000.982265, 0001.014362,   051,  1,  0000.805612, -000.367483, 0000.464699, 0000.094550, -000.428594, 0000.180021, 0000.885381, -000.043627, -000.409018, -000.912441, -000.012474, 0000.552203,   073,  1,  -000.726841, -000.672057, 0000.141567, 0000.154438, -000.212835, 0000.416382, 0000.883927, 0000.048193, -000.652996, 0000.612344, -000.445681, 0000.905029,   080,  1,  0000.846034, -000.503976, 0000.173882, -000.122217, -000.516774, -000.695068, 0000.499825, 0000.035192, -000.131040, -000.512727, -000.848493, 0000.889562,   087,  1,  0000.510283, 0000.846119, 0000.153931, 0000.161954, 0000.187470, -000.284122, 0000.940282, -000.022650, 0000.839325, -000.450952, -000.303605, 0000.671182, 
0000000024, 1570657435.179814025,   019,  2,  0000.985747, -000.097528, -000.137081, 0000.010473, -000.078414, -000.987251, 0000.138517, 0000.160243, -000.148842, -000.125794, -000.980827, 0001.013796,   051,  1,  0000.809241, -000.362205, 0000.462533, 0000.094924, -000.426183, 0000.179947, 0000.886559, -000.044625, -000.404347, -000.914564, -000.008745, 0000.548500,   073,  1,  -000.731510, -000.666812, 0000.142317, 0000.153571, -000.207060, 0000.416124, 0000.885419, 0000.048049, -000.649630, 0000.618225, -000.442469, 0000.903052,   080,  1,  0000.845318, -000.506159, 0000.170998, -000.122560, -000.517225, -000.695125, 0000.499279, 0000.035018, -000.133850, -000.510494, -000.849400, 0000.889433,   087,  1,  0000.504608, 0000.849445, 0000.154316, 0000.161595, 0000.188148, -000.282642, 0000.940592, -000.023449, 0000.842598, -000.445596, -000.302445, 0000.668002, 
0000000025, 1570657435.191050127,   019,  1,  0000.984609, -000.100997, -000.142633, 0000.010360, -000.080407, -000.986393, 0000.143399, 0000.159986, -000.155175, -000.129723, -000.979333, 0001.013230,   051,  1,  0000.812200, -000.357974, 0000.460636, 0000.095278, -000.423925, 0000.180283, 0000.887573, -000.045297, -000.400773, -000.916162, -000.005328, 0000.544545,   073,  1,  -000.736744, -000.661086, 0000.142032, 0000.152706, -000.201396, 0000.415061, 0000.887223, 0000.047561, -000.645483, 0000.625052, -000.438934, 0000.901211,   080,  1,  0000.844785, -000.508164, 0000.167653, -000.123001, -000.517332, -000.695527, 0000.498608, 0000.034841, -000.136767, -000.507949, -000.850460, 0000.889754,   087,  1,  0000.498449, 0000.852979, 0000.154840, 0000.161160, 0000.189117, -000.281295, 0000.940802, -000.023942, 0000.846040, -000.439659, -000.301524, 0000.664491, 
0000000026, 1570657435.202285920,   019,  1,  0000.983337, -000.103513, -000.149444, 0000.010221, -000.081398, -000.985754, 0000.147186, 0000.159448, -000.162551, -000.132569, -000.977754, 0001.011226,   051,  1,  0000.815585, -000.353390, 0000.458188, 0000.095605, -000.421238, 0000.180272, 0000.888853, -000.046111, -000.396711, -000.917942, -000.001834, 0000.540386,   073,  1,  -000.742439, -000.654985, 0000.140638, 0000.151822, -000.196396, 0000.413518, 0000.889062, 0000.047098, -000.640479, 0000.632453, -000.435648, 0000.899224,   080,  1,  0000.844203, -000.510403, 0000.163736, -000.123414, -000.517369, -000.695995, 0000.497916, 0000.034633, -000.140179, -000.505054, -000.851628, 0000.889838,   087,  1,  0000.492239, 0000.856476, 0000.155404, 0000.160714, 0000.190030, -000.279959, 0000.941016, -000.024889, 0000.849464, -000.433673, -000.300562, 0000.660858, 
0000000027, 1570657435.213521915,   019,  1,  0000.981960, -000.108294, -000.155004, 0000.010112, -000.084751, -000.984868, 0000.151172, 0000.159318, -000.169030, -000.135308, -000.976279, 0001.012155,   051,  1,  0000.819199, -000.348274, 0000.455651, 0000.095916, -000.418372, 0000.180521, 0000.890156, -000.047059, -000.392273, -000.919846, 0000.002174, 0000.536008,   073,  1,  -000.748013, -000.648914, 0000.139234, 0000.150887, -000.191508, 0000.411904, 0000.890876, 0000.046645, -000.635453, 0000.639723, -000.432382, 0000.897074,   080,  1,  0000.843800, -000.512558, 0000.159014, -000.123868, -000.516968, -000.696816, 0000.497183, 0000.034406, -000.144032, -000.501729, -000.852950, 0000.890104,   087,  1,  0000.486067, 0000.859799, 0000.156478, 0000.160148, 0000.191051, -000.279266, 0000.941016, -000.025492, 0000.852783, -000.427501, -000.300007, 0000.656881, 
0000000028, 1570657435.224757936,   019,  2,  0000.980281, -000.113393, -000.161836, 0000.010009, -000.088173, -000.983922, 0000.155314, 0000.158938, -000.176845, -000.137982, -000.974519, 0001.011547,   051,  1,  0000.822478, -000.343261, 0000.453543, 0000.096245, -000.416193, 0000.180318, 0000.891218, -000.047754, -000.387702, -000.921769, 0000.005445, 0000.531322,   073,  1,  -000.753451, -000.642949, 0000.137580, 0000.149895, -000.186842, 0000.409987, 0000.892749, 0000.046098, -000.630398, 0000.646937, -000.429035, 0000.894805,   080,  1,  0000.843326, -000.514808, 0000.154190, -000.124256, -000.516677, -000.697799, 0000.496107, 0000.034133, -000.147806, -000.498046, -000.854461, 0000.889796,   087,  1,  0000.479204, 0000.863295, 0000.158385, 0000.159563, 0000.192992, -000.279676, 0000.940497, -000.026388, 0000.856223, -000.420123, -000.300631, 0000.652723, 
0000000029, 1570657435.235993820,   019,  2,  0000.978528, -000.118509, -000.168636, 0000.009907, -000.091560, -000.982946, 0000.159478, 0000.158558, -000.184660, -000.140613, -000.972691, 0001.010939,   051,  1,  0000.826239, -000.338116, 0000.450563, 0000.096615, -000.413197, 0000.179874, 0000.892700, -000.049203, -000.382880, -000.923755, 0000.008910, 0000.526431,   073,  1,  -000.759801, -000.635601, 0000.136799, 0000.148808, -000.181351, 0000.409249, 0000.894219, 0000.045677, -000.624351, 0000.654620, -000.426214, 0000.892262,   080,  1,  0000.842955, -000.517010, 0000.148752, -000.124721, -000.516101, -000.699085, 0000.494893, 0000.033862, -000.151874, -000.493944, -000.856127, 0000.889933,   087,  1,  0000.472632, 0000.866858, 0000.158673, 0000.158901, 0000.194337, -000.278142, 0000.940675, -000.027080, 0000.859565, -000.413757, -000.299921, 0000.648267, 
0000000030, 1570657435.247229706,   019,  1,  0000.976702, -000.123640, -000.175405, 0000.009804, -000.094911, -000.981940, 0000.163663, 0000.158178, -000.192473, -000.143202, -000.970797, 0001.010331,   051,  1,  0000.830080, -000.331036, 0000.448756, 0000.097017, -000.411500, 0000.179479, 0000.893563, -000.049798, -000.376344, -000.926392, 0000.012760, 0000.521176,   073,  1,  -000.766669, -000.627389, 0000.136386, 0000.147644, -000.175343, 0000.408950, 0000.895553, 0000.045075, -000.617635, 0000.662679, -000.423538, 0000.889648,   080,  1,  0000.842591, -000.519065, 0000.143570, -000.125124, -000.515530, -000.700264, 0000.493821, 0000.033549, -000.155788, -000.490103, -000.857630, 0000.889671,   087,  1,  0000.465099, 0000.870671, 0000.160049, 0000.158228, 0000.195306, -000.277258, 0000.940736, -000.028061, 0000.863446, -000.406276, -000.299000, 0000.643600, 
0000000031, 1570657435.258465664,   019,  2,  0000.974482, -000.129642, -000.183242, 0000.009728, -000.098994, -000.980887, 0000.167514, 0000.157873, -000.201457, -000.145099, -000.968691, 0001.010017,   051,  1,  0000.834035, -000.323906, 0000.446621, 0000.097458, -000.409758, 0000.178401, 0000.894579, -000.050898, -000.369437, -000.929117, 0000.016069, 0000.515666,   073,  1,  -000.774365, -000.618142, 0000.135126, 0000.146337, -000.169782, 0000.408717, 0000.896730, 0000.044434, -000.609535, 0000.671454, -000.421446, 0000.886837,   080,  1,  0000.841993, -000.521499, 0000.138152, -000.125506, -000.515203, -000.701313, 0000.492672, 0000.033230, -000.160040, -000.486003, -000.859179, 0000.889444,   087,  1,  0000.456730, 0000.874758, 0000.161851, 0000.157436, 0000.195939, -000.276386, 0000.940861, -000.029091, 0000.867759, -000.398007, -000.297633, 0000.638711, 
0000000032, 1570657435.269701736,   019,  1,  0000.972163, -000.135655, -000.191041, 0000.009652, -000.103039, -000.979799, 0000.171396, 0000.157568, -000.210433, -000.146940, -000.966502, 0001.009703,   051,  1,  0000.838473, -000.315585, 0000.444263, 0000.097960, -000.407996, 0000.176894, 0000.895683, -000.052341, -000.361251, -000.932263, 0000.019564, 0000.509887,   073,  1,  -000.782728, -000.607958, 0000.133128, 0000.144884, -000.164739, 0000.408669, 0000.897692, 0000.043842, -000.600164, 0000.680717, -000.420032, 0000.883792,   080,  1,  0000.841410, -000.523904, 0000.132491, -000.125989, -000.514772, -000.702443, 0000.491511, 0000.032941, -000.164437, -000.481765, -000.860734, 0000.889985,   087,  1,  0000.447287, 0000.879609, 0000.161935, 0000.156569, 0000.196194, -000.273142, 0000.941754, -000.030042, 0000.872607, -000.389463, -000.294747, 0000.633552, 
0000000033, 1570657435.280937869,   019,  1,  0000.969233, -000.143006, -000.200343, 0000.009561, -000.108195, -000.978590, 0000.175090, 0000.157241, -000.221093, -000.148026, -000.963953, 0001.009173,   051,  1,  0000.842820, -000.307142, 0000.441949, 0000.098544, -000.406326, 0000.175347, 0000.896746, -000.053550, -000.352923, -000.935370, 0000.022986, 0000.503812,   073,  1,  -000.791578, -000.596821, 0000.131184, 0000.143287, -000.159400, 0000.408919, 0000.898541, 0000.043100, -000.589912, 0000.690355, -000.418825, 0000.880693,   080,  1,  0000.840807, -000.526328, 0000.126580, -000.126350, -000.514367, -000.703889, 0000.489863, 0000.032628, -000.168731, -000.476989, -000.862561, 0000.889858,   087,  1,  0000.437418, 0000.884196, 0000.163899, 0000.155635, 0000.197374, -000.272215, 0000.941776, -000.030955, 0000.877330, -000.379601, -000.293589, 0000.628125, 
0000000034, 1570657435.292173540,   019,  2,  0000.965867, -000.150001, -000.211187, 0000.009434, -000.113013, -000.977609, 0000.177505, 0000.156906, -000.233085, -000.147579, -000.961193, 0001.008078,   051,  1,  0000.846772, -000.299044, 0000.439943, 0000.099265, -000.404940, 0000.173956, 0000.897643, -000.055197, -000.344966, -000.938249, 0000.026206, 0000.497481,   073,  1,  -000.800781, -000.584888, 0000.129054, 0000.141556, -000.153513, 0000.408687, 0000.899671, 0000.042336, -000.578950, 0000.700629, -000.417057, 0000.877466,   080,  1,  0000.840394, -000.528546, 0000.119905, -000.126696, -000.513502, -000.705743, 0000.488102, 0000.032334, -000.173362, -000.471769, -000.864511, 0000.889658,   087,  1,  0000.427180, 0000.888794, 0000.166020, 0000.154681, 0000.199998, -000.271952, 0000.941298, -000.031953, 0000.881770, -000.368900, -000.293930, 0000.622448, 
0000000035, 1570657435.303409572,   019,  2,  0000.962330, -000.156985, -000.221984, 0000.009307, -000.117796, -000.976593, 0000.179974, 0000.156571, -000.245041, -000.147046, -000.958297, 0001.006982,   051,  1,  0000.850810, -000.290059, 0000.438164, 0000.100008, -000.403725, 0000.172899, 0000.898394, -000.056147, -000.336345, -000.941261, 0000.030000, 0000.490877,   073,  1,  -000.810041, -000.572759, 0000.125620, 0000.139642, -000.148937, 0000.408178, 0000.900671, 0000.041898, -000.567143, 0000.710871, -000.415946, 0000.873904,   080,  1,  0000.840161, -000.530526, 0000.112570, -000.127066, -000.512175, -000.707899, 0000.486370, 0000.032051, -000.178344, -000.466285, -000.866471, 0000.889858,   087,  1,  0000.415924, 0000.893875, 0000.167317, 0000.153712, 0000.202257, -000.270304, 0000.941291, -000.033193, 0000.886622, -000.357664, -000.293218, 0000.616583, 
0000000036, 1570657435.314646098,   019,  1,  0000.958621, -000.163956, -000.232732, 0000.009180, -000.122544, -000.975540, 0000.182496, 0000.156236, -000.256961, -000.146425, -000.955265, 0001.005887,   051,  1,  0000.855138, -000.280431, 0000.436002, 0000.100755, -000.402176, 0000.171807, 0000.899298, -000.057371, -000.327099, -000.944373, 0000.034136, 0000.484059,   073,  1,  -000.820201, -000.559199, 0000.120691, 0000.137597, -000.145846, 0000.408396, 0000.901078, 0000.041185, -000.553172, 0000.721463, -000.416524, 0000.870371,   080,  1,  0000.839433, -000.533244, 0000.104898, -000.127348, -000.511414, -000.709770, 0000.484441, 0000.031775, -000.183872, -000.460302, -000.868512, 0000.889710,   087,  1,  0000.403993, 0000.899148, 0000.168292, 0000.152649, 0000.204037, -000.267911, 0000.941590, -000.034170, 0000.891717, -000.346058, -000.291694, 0000.610419, 
0000000037, 1570657435.325881525,   019,  1,  0000.954836, -000.169248, -000.244221, 0000.009122, -000.125571, -000.974764, 0000.184575, 0000.156108, -000.269296, -000.145572, -000.951992, 0001.005597,   051,  1,  0000.858611, -000.264472, 0000.439138, 0000.101634, -000.406740, 0000.169922, 0000.897602, -000.059035, -000.312010, -000.949306, 0000.038326, 0000.476924,   073,  1,  -000.830633, -000.544778, 0000.115172, 0000.135381, -000.142938, 0000.408524, 0000.901486, 0000.040543, -000.538161, 0000.732342, -000.417203, 0000.866646,   080,  1,  0000.838994, -000.535629, 0000.095865, -000.127648, -000.509848, -000.712270, 0000.482417, 0000.031523, -000.190115, -000.453621, -000.870680, 0000.889761,   087,  1,  0000.391582, 0000.904184, 0000.170630, 0000.151498, 0000.206119, -000.266922, 0000.941418, -000.035378, 0000.896760, -000.333472, -000.290891, 0000.604085, 
0000000038, 1570657435.337117920,   019,  1,  0000.952150, -000.175934, -000.249915, 0000.009300, -000.130450, -000.973417, 0000.188261, 0000.155703, -000.276393, -000.146651, -000.949790, 0001.003297,   051,  1,  0000.861180, -000.250287, 0000.442409, 0000.102643, -000.410813, 0000.169840, 0000.895761, -000.060681, -000.299336, -000.953158, 0000.043441, 0000.469616,   073,  1,  -000.841176, -000.529120, 0000.111601, 0000.133038, -000.137617, 0000.409044, 0000.902078, 0000.039987, -000.522957, 0000.743448, -000.416894, 0000.862722,   080,  1,  0000.838204, -000.538475, 0000.086362, -000.127888, -000.508681, -000.714879, 0000.479783, 0000.031255, -000.196613, -000.446087, -000.873126, 0000.889503,   087,  1,  0000.378476, 0000.909112, 0000.173984, 0000.150292, 0000.207939, -000.266671, 0000.941089, -000.036630, 0000.901952, -000.320002, -000.289968, 0000.597637, 
0000000039, 1570657435.348353423,   019,  2,  0000.947613, -000.183343, -000.261562, 0000.009428, -000.136002, -000.972519, 0000.188969, 0000.155303, -000.289020, -000.143497, -000.946507, 0001.001159,   051,  1,  0000.864991, -000.238839, 0000.441301, 0000.103603, -000.410525, 0000.168886, 0000.896073, -000.061989, -000.288547, -000.956260, 0000.048036, 0000.462322,   073,  1,  -000.851816, -000.512519, 0000.108322, 0000.130563, -000.131279, 0000.409043, 0000.903023, 0000.039411, -000.507124, 0000.754989, -000.415712, 0000.858691,   080,  1,  0000.837680, -000.540944, 0000.075313, -000.128199, -000.506679, -000.718221, 0000.476902, 0000.031071, -000.203886, -000.437651, -000.875724, 0000.889993,   087,  1,  0000.364327, 0000.914347, 0000.176736, 0000.149054, 0000.209440, -000.265364, 0000.941125, -000.037636, 0000.907414, -000.305862, -000.288180, 0000.590998, 
0000000040, 1570657435.359589313,   019,  1,  0000.942876, -000.190704, -000.273160, 0000.009556, -000.141538, -000.971578, 0000.189746, 0000.154903, -000.301581, -000.140244, -000.943070, 0000.999020,   051,  1,  0000.869770, -000.225604, 0000.438866, 0000.104505, -000.408961, 0000.168129, 0000.896930, -000.063023, -000.276137, -000.959602, 0000.053970, 0000.454950,   073,  1,  -000.862631, -000.495764, 0000.100427, 0000.127926, -000.129213, 0000.407921, 0000.903828, 0000.038779, -000.489051, 0000.766694, -000.415944, 0000.854513,   080,  1,  0000.836763, -000.543709, 0000.064867, -000.128306, -000.505296, -000.721092, 0000.474029, 0000.030857, -000.210958, -000.429427, -000.878117, 0000.889381,   087,  1,  0000.349978, 0000.919809, 0000.177388, 0000.147758, 0000.212028, -000.262231, 0000.941424, -000.038856, 0000.912447, -000.291867, -000.286800, 0000.584264, 
0000000041, 1570657435.370825332,   019,  2,  0000.938091, -000.198464, -000.283897, 0000.009900, -000.147637, -000.970501, 0000.190608, 0000.154634, -000.313351, -000.136895, -000.939719, 0000.997048,   051,  1,  0000.873617, -000.212121, 0000.437947, 0000.105504, -000.408892, 0000.167934, 0000.896998, -000.064144, -000.263818, -000.962706, 0000.059975, 0000.447484,   073,  1,  -000.874409, -000.477046, 0000.088524, 0000.125127, -000.130925, 0000.407676, 0000.903692, 0000.038195, -000.467191, 0000.778606, -000.418933, 0000.850088,   080,  1,  0000.835935, -000.546128, 0000.054372, -000.128520, -000.503708, -000.724101, 0000.471122, 0000.030701, -000.217923, -000.421215, -000.880391, 0000.889595,   087,  1,  0000.335192, 0000.924921, 0000.179352, 0000.146358, 0000.214530, -000.260292, 0000.941395, -000.039958, 0000.917400, -000.277072, -000.285672, 0000.577457, 
0000000042, 1570657435.382061299,   019,  2,  0000.933119, -000.206174, -000.294585, 0000.010244, -000.153715, -000.969373, 0000.191541, 0000.154364, -000.325053, -000.133448, -000.936233, 0000.995077,   051,  1,  0000.877402, -000.198689, 0000.436680, 0000.106550, -000.408499, 0000.167915, 0000.897181, -000.065832, -000.251585, -000.965571, 0000.066165, 0000.440034,   073,  1,  -000.885933, -000.457594, 0000.075705, 0000.122166, -000.133412, 0000.407739, 0000.903300, 0000.037670, -000.444212, 0000.790163, -000.422278, 0000.845383,   080,  1,  0000.834026, -000.549909, 0000.044736, -000.128828, -000.503965, -000.726318, 0000.467420, 0000.030370, -000.224546, -000.412386, -000.882903, 0000.889241,   087,  1,  0000.319941, 0000.929966, 0000.181108, 0000.144900, 0000.216900, -000.257974, 0000.941490, -000.040945, 0000.922276, -000.261939, -000.284246, 0000.570606, 
0000000043, 1570657435.393297344,   019,  1,  0000.927963, -000.213833, -000.305222, 0000.010588, -000.159774, -000.968194, 0000.192542, 0000.154095, -000.336686, -000.129905, -000.932613, 0000.993105,   051,  1,  0000.881603, -000.184704, 0000.434351, 0000.107509, -000.406948, 0000.168727, 0000.897733, -000.067013, -000.239102, -000.968202, 0000.073585, 0000.432698,   073,  1,  -000.896987, -000.437408, 0000.063936, 0000.119070, -000.135116, 0000.408997, 0000.902477, 0000.036698, -000.420901, 0000.800872, -000.425966, 0000.840648,   080,  1,  0000.830982, -000.555082, 0000.036784, -000.129334, -000.506433, -000.727474, 0000.462933, 0000.029846, -000.230206, -000.403318, -000.885630, 0000.888801,   087,  1,  0000.304752, 0000.934719, 0000.182831, 0000.143443, 0000.219122, -000.255622, 0000.941617, -000.042283, 0000.926883, -000.246897, -000.282719, 0000.563820, 
