% Measurements merged on 10/09/19 16:37:36 Central Daylight Time
% Original files:
%    1: C:\Users\Al\Desktop\Nayo\KACEY\STROKE\RTIS2001\RTIS2001_00000005_Series2s24.hts  (Series2s24)
%    2: C:\Users\Al\Desktop\Nayo\KACEY\STROKE\RTIS2001\RTIS2001_00000005_Series2s25.hts  (Series2s25)
% Merge host: Al-PC
% System: MERGED
% nSharedImages: 1000
%
% Interpolated markers have status set to 2
%
% EMB001 (Marker properties) Series:2031, ID:019, Size:35, Thickness:001.846, tPu:[+000.000 +000.000 +000.000]
% EMB001 (Marker properties) Series:2031, ID:051, Size:35, Thickness:001.844, tPu:[+000.000 +000.000 +000.000]
% EMB001 (Marker properties) Series:2032, ID:073, Size:44, Thickness:002.200, tPu:[+000.000 +000.000 +000.000]
% EMB001 (Marker properties) Series:2032, ID:080, Size:44, Thickness:002.203, tPu:[+000.000 +000.000 +000.000]
% EMB001 (Marker properties) Series:2032, ID:087, Size:44, Thickness:002.251, tPu:[+000.000 +000.000 +000.000]
%
% ImageNumber,             FrameTime,           Marker,  ST, HT(1, 1),    HT(1, 2),    HT(1, 3),    HT(1, 4),    HT(2, 1),    HT(2, 2),    HT(2, 3),    HT(2, 4),    HT(3, 1),    HT(3, 2),    HT(3, 3),    HT(3, 4)
%
0000000000, 1570657450.550601050,   019,  0,  0000.000000, 0000.000000, 0000.000000, 0000.000000, 0000.000000, 0000.000000, 0000.000000, 0000.000000, 0000.000000, 0000.000000, 0000.000000, 0000.000000,   051,  1,  0000.774930, -000.442314, 0000.451488, 0000.106250, -000.438035, 0000.139116, 0000.888128, -000.044860, -000.455641, -000.886005, -000.085944, 0000.561156,   073,  1,  -000.671371, -000.735736, 0000.089183, 0000.166026, -000.293638, 0000.374557, 0000.879479, 0000.044384, -000.680469, 0000.564269, -000.467507, 0000.897969,   080,  1,  0000.838956, -000.521968, 0000.153953, -000.125474, -000.530500, -000.721354, 0000.445217, 0000.027777, -000.121334, -000.455190, -000.882089, 0000.884707,   087,  1,  0000.553552, 0000.820172, 0000.144559, 0000.180298, 0000.199214, -000.298943, 0000.933245, -000.022014, 0000.808637, -000.487802, -000.328871, 0000.676066, 
0000000001, 1570657450.561836587,   019,  1,  0000.979190, -000.140665, -000.146286, 0000.020400, -000.132307, -000.989047, 0000.065425, 0000.147885, -000.153887, -000.044709, -000.987076, 0000.997158,   051,  1,  0000.780439, -000.434769, 0000.449322, 0000.106571, -000.435247, 0000.138134, 0000.889651, -000.046282, -000.448859, -000.889885, -000.081427, 0000.555701,   073,  1,  -000.678552, -000.729479, 0000.086180, 0000.164891, -000.292071, 0000.375591, 0000.879560, 0000.043854, -000.673989, 0000.571657, -000.467918, 0000.895130,   080,  1,  0000.838218, -000.524238, 0000.150219, -000.126103, -000.531129, -000.722333, 0000.442874, 0000.027529, -000.123663, -000.451010, -000.883910, 0000.884578,   087,  1,  0000.547368, 0000.824015, 0000.146245, 0000.179681, 0000.200434, -000.298739, 0000.933049, -000.022931, 0000.812536, -000.481409, -000.328681, 0000.671254, 
0000000002, 1570657450.573072541,   019,  2,  0000.977692, -000.141511, -000.155217, 0000.020162, -000.132155, -000.988819, 0000.069074, 0000.147850, -000.163257, -000.047020, -000.985463, 0000.996187,   051,  1,  0000.785967, -000.426885, 0000.447241, 0000.106824, -000.432701, 0000.136899, 0000.891083, -000.047094, -000.441617, -000.893883, -000.077115, 0000.549695,   073,  1,  -000.686654, -000.722128, 0000.083887, 0000.163673, -000.287310, 0000.375555, 0000.881142, 0000.043327, -000.667802, 0000.580938, -000.465351, 0000.892111,   080,  1,  0000.837427, -000.526544, 0000.146518, -000.126715, -000.531882, -000.723436, 0000.440161, 0000.027276, -000.125768, -000.446533, -000.885884, 0000.884372,   087,  1,  0000.539769, 0000.828680, 0000.148118, 0000.178909, 0000.202390, -000.298538, 0000.932691, -000.023862, 0000.817122, -000.473460, -000.328858, 0000.665977, 
0000000003, 1570657450.584308408,   019,  2,  0000.976109, -000.142377, -000.164132, 0000.019923, -000.131968, -000.988583, 0000.072721, 0000.147816, -000.172612, -000.049323, -000.983754, 0000.995216,   051,  1,  0000.792621, -000.417819, 0000.444049, 0000.107105, -000.429493, 0000.134319, 0000.893025, -000.048663, -000.432767, -000.898546, -000.072986, 0000.543287,   073,  1,  -000.695462, -000.713755, 0000.082988, 0000.162340, -000.279823, 0000.375390, 0000.883619, 0000.042903, -000.661840, 0000.591301, -000.460794, 0000.888823,   080,  1,  0000.836932, -000.528599, 0000.141874, -000.127334, -000.532021, -000.724913, 0000.437555, 0000.027036, -000.128444, -000.441684, -000.887929, 0000.884165,   087,  1,  0000.532130, 0000.833126, 0000.150793, 0000.178076, 0000.204262, -000.299168, 0000.932081, -000.025145, 0000.821654, -000.465187, -000.329372, 0000.660361, 
0000000004, 1570657450.595544547,   019,  1,  0000.974442, -000.143264, -000.173029, 0000.019685, -000.131747, -000.988338, 0000.076365, 0000.147781, -000.181951, -000.051617, -000.981952, 0000.994245,   051,  1,  0000.799207, -000.408501, 0000.440903, 0000.107375, -000.426363, 0000.131738, 0000.894908, -000.049807, -000.423654, -000.903201, -000.068884, 0000.536344,   073,  1,  -000.705035, -000.704244, 0000.083464, 0000.160923, -000.270353, 0000.375712, 0000.886425, 0000.042148, -000.655618, 0000.602396, -000.455285, 0000.885525,   080,  1,  0000.836107, -000.531127, 0000.137221, -000.127847, -000.532602, -000.726055, 0000.434948, 0000.026821, -000.131383, -000.436747, -000.889939, 0000.883529,   087,  1,  0000.523219, 0000.838375, 0000.152870, 0000.177102, 0000.206118, -000.298554, 0000.931870, -000.026369, 0000.826896, -000.456063, -000.329013, 0000.654258, 
0000000005, 1570657450.606780432,   019,  1,  0000.972146, -000.145200, -000.183981, 0000.019344, -000.132796, -000.988061, 0000.078103, 0000.147438, -000.193125, -000.051495, -000.979822, 0000.991434,   051,  1,  0000.806390, -000.397646, 0000.437736, 0000.107729, -000.423511, 0000.128323, 0000.896756, -000.052006, -000.412764, -000.908521, -000.064929, 0000.529029,   073,  1,  -000.714931, -000.693942, 0000.085546, 0000.159333, -000.259125, 0000.376603, 0000.889396, 0000.041530, -000.649406, 0000.613690, -000.449062, 0000.881955,   080,  1,  0000.835156, -000.534020, 0000.131671, -000.128470, -000.533170, -000.727247, 0000.432251, 0000.026655, -000.135073, -000.431200, -000.892088, 0000.883844,   087,  1,  0000.513520, 0000.843884, 0000.155424, 0000.175976, 0000.208076, -000.298189, 0000.931551, -000.027479, 0000.832467, -000.446030, -000.328718, 0000.647719, 
0000000006, 1570657450.618016485,   019,  1,  0000.969526, -000.147567, -000.195558, 0000.018997, -000.133764, -000.987609, 0000.082077, 0000.147539, -000.205247, -000.053417, -000.977251, 0000.991265,   051,  1,  0000.813668, -000.385641, 0000.435000, 0000.108091, -000.420796, 0000.125573, 0000.898422, -000.052984, -000.401093, -000.914064, -000.060102, 0000.521171,   073,  1,  -000.725763, -000.682465, 0000.086659, 0000.157518, -000.249361, 0000.378375, 0000.891432, 0000.041533, -000.641161, 0000.625359, -000.444790, 0000.877793,   080,  1,  0000.834082, -000.537048, 0000.126044, -000.128920, -000.533818, -000.728174, 0000.429885, 0000.026463, -000.139087, -000.425843, -000.894043, 0000.883261,   087,  1,  0000.503012, 0000.849707, 0000.158044, 0000.174794, 0000.210053, -000.297569, 0000.931306, -000.028717, 0000.838366, -000.435260, -000.328164, 0000.640846, 
0000000007, 1570657450.629252476,   019,  1,  0000.966320, -000.151261, -000.208195, 0000.018646, -000.135566, -000.986872, 0000.087781, 0000.147516, -000.218740, -000.056601, -000.974140, 0000.989835,   051,  1,  0000.820646, -000.373634, 0000.432363, 0000.108538, -000.417959, 0000.123502, 0000.900032, -000.054547, -000.389680, -000.919318, -000.054812, 0000.512986,   073,  1,  -000.737162, -000.670123, 0000.086763, 0000.155611, -000.240764, 0000.380459, 0000.892908, 0000.041068, -000.631367, 0000.637328, -000.441801, 0000.873739,   080,  1,  0000.833005, -000.540286, 0000.119141, -000.129345, -000.534229, -000.729470, 0000.427169, 0000.026287, -000.143884, -000.419482, -000.896288, 0000.882824,   087,  1,  0000.490931, 0000.856256, 0000.160661, 0000.173533, 0000.211076, -000.295823, 0000.931631, -000.029969, 0000.845242, -000.423455, -000.325964, 0000.633630, 
0000000008, 1570657450.640488273,   019,  1,  0000.962563, -000.157023, -000.220944, 0000.018294, -000.139386, -000.985827, 0000.093367, 0000.147555, -000.232474, -000.059075, -000.970807, 0000.988664,   051,  1,  0000.827800, -000.361126, 0000.429343, 0000.109027, -000.414651, 0000.121668, 0000.901810, -000.056441, -000.377904, -000.924546, -000.049025, 0000.504529,   073,  1,  -000.748970, -000.656940, 0000.086457, 0000.153587, -000.232006, 0000.382224, 0000.894471, 0000.040390, -000.620659, 0000.649873, -000.438688, 0000.869597,   080,  1,  0000.832025, -000.543418, 0000.111492, -000.129736, -000.534245, -000.730816, 0000.424841, 0000.026145, -000.149386, -000.413043, -000.898376, 0000.882479,   087,  1,  0000.478735, 0000.863009, 0000.161330, 0000.172199, 0000.213313, -000.292585, 0000.932144, -000.031181, 0000.851651, -000.411836, -000.324162, 0000.626074, 
0000000009, 1570657450.651723951,   019,  1,  0000.958382, -000.162913, -000.234442, 0000.017946, -000.143625, -000.984844, 0000.097234, 0000.147520, -000.246729, -000.059516, -000.967255, 0000.987013,   051,  1,  0000.834549, -000.348133, 0000.427003, 0000.109537, -000.412166, 0000.119772, 0000.903202, -000.058297, -000.365577, -000.929762, -000.043533, 0000.495797,   073,  1,  -000.761399, -000.642923, 0000.083199, 0000.151384, -000.226286, 0000.383836, 0000.895246, 0000.039734, -000.607509, 0000.662812, -000.437737, 0000.865203,   080,  1,  0000.830928, -000.546643, 0000.103636, -000.130052, -000.534265, -000.731943, 0000.422871, 0000.026008, -000.155304, -000.406744, -000.900244, 0000.881944,   087,  1,  0000.466246, 0000.869395, 0000.163604, 0000.170794, 0000.214815, -000.290663, 0000.932400, -000.032465, 0000.858178, -000.399583, -000.322279, 0000.618248, 
0000000010, 1570657450.662960377,   019,  1,  0000.953292, -000.170992, -000.248990, 0000.017618, -000.150349, -000.983579, 0000.099834, 0000.147407, -000.261972, -000.057735, -000.963347, 0000.984366,   051,  1,  0000.840810, -000.335149, 0000.425104, 0000.110129, -000.410215, 0000.117925, 0000.904332, -000.059883, -000.353216, -000.934756, -000.038331, 0000.486834,   073,  1,  -000.774135, -000.628478, 0000.075697, 0000.148942, -000.225341, 0000.385345, 0000.894836, 0000.039305, -000.591554, 0000.675666, -000.439931, 0000.860436,   080,  1,  0000.829492, -000.550246, 0000.095774, -000.130404, -000.534595, -000.732552, 0000.421397, 0000.025883, -000.161712, -000.400746, -000.901805, 0000.881946,   087,  1,  0000.452828, 0000.875611, 0000.168086, 0000.169303, 0000.216884, -000.291036, 0000.931804, -000.033760, 0000.864817, -000.385492, -000.321695, 0000.610171, 
0000000011, 1570657450.674196096,   019,  1,  0000.947713, -000.179982, -000.263526, 0000.017387, -000.157324, -000.981962, 0000.104878, 0000.147746, -000.277648, -000.057936, -000.958934, 0000.983998,   051,  1,  0000.846598, -000.323207, 0000.422858, 0000.110757, -000.407673, 0000.116975, 0000.905605, -000.061428, -000.342161, -000.939071, -000.032732, 0000.477697,   073,  1,  -000.787338, -000.613031, 0000.065518, 0000.146293, -000.227344, 0000.387471, 0000.893410, 0000.038589, -000.573074, 0000.688520, -000.444440, 0000.855632,   080,  1,  0000.828014, -000.553670, 0000.088554, -000.130704, -000.535071, -000.733032, 0000.419955, 0000.025772, -000.167603, -000.395112, -000.903214, 0000.882140,   087,  1,  0000.438748, 0000.881973, 0000.172115, 0000.167699, 0000.219425, -000.290888, 0000.931255, -000.035042, 0000.871408, -000.370820, -000.321154, 0000.601923, 
0000000012, 1570657450.685432102,   019,  1,  0000.941713, -000.190385, -000.277362, 0000.017176, -000.164911, -000.979852, 0000.112669, 0000.147665, -000.293225, -000.060362, -000.954136, 0000.980571,   051,  1,  0000.852142, -000.310072, 0000.421555, 0000.111440, -000.405626, 0000.117601, 0000.906442, -000.062643, -000.330638, -000.943412, -000.025561, 0000.468459,   073,  1,  -000.800244, -000.597113, 0000.055368, 0000.143399, -000.229113, 0000.389763, 0000.891960, 0000.038027, -000.554181, 0000.701100, -000.448712, 0000.850521,   080,  1,  0000.826557, -000.557084, 0000.080379, -000.130871, -000.535066, -000.733383, 0000.419350, 0000.025638, -000.174664, -000.389625, -000.904259, 0000.881798,   087,  1,  0000.424113, 0000.888480, 0000.175304, 0000.165981, 0000.221885, -000.289623, 0000.931067, -000.036284, 0000.878006, -000.355980, -000.319973, 0000.593508, 
0000000013, 1570657450.696668095,   019,  1,  0000.935476, -000.202022, -000.289950, 0000.017027, -000.173439, -000.977336, 0000.121383, 0000.148026, -000.307901, -000.063263, -000.949313, 0000.979868,   051,  1,  0000.857971, -000.295774, 0000.420005, 0000.112178, -000.403423, 0000.118212, 0000.907345, -000.064685, -000.318019, -000.947915, -000.017900, 0000.459148,   073,  1,  -000.813253, -000.580070, 0000.046246, 0000.140321, -000.229532, 0000.392799, 0000.890519, 0000.037318, -000.534729, 0000.713602, -000.452589, 0000.845303,   080,  1,  0000.824667, -000.561048, 0000.071763, -000.131025, -000.535374, -000.733330, 0000.419049, 0000.025518, -000.182481, -000.383996, -000.905123, 0000.881733,   087,  1,  0000.408437, 0000.895757, 0000.175496, 0000.164267, 0000.224628, -000.284989, 0000.931839, -000.037971, 0000.884716, -000.341176, -000.317612, 0000.585028, 
0000000014, 1570657450.707904025,   019,  1,  0000.928270, -000.212858, -000.304970, 0000.016891, -000.181686, -000.975051, 0000.127534, 0000.148305, -000.324508, -000.062977, -000.943784, 0000.978868,   051,  1,  0000.863218, -000.283442, 0000.417751, 0000.112808, -000.400294, 0000.119914, 0000.908507, -000.066420, -000.307603, -000.951463, -000.009948, 0000.449855,   073,  1,  -000.826972, -000.561132, 0000.035331, 0000.137051, -000.230539, 0000.395732, 0000.888959, 0000.036316, -000.512805, 0000.726999, -000.456622, 0000.840008,   080,  1,  0000.822680, -000.565096, 0000.062166, -000.131100, -000.535411, -000.733379, 0000.418916, 0000.025458, -000.191136, -000.377918, -000.905895, 0000.881510,   087,  1,  0000.392719, 0000.903000, 0000.174250, 0000.162390, 0000.228000, -000.279156, 0000.932785, -000.039418, 0000.890948, -000.326594, -000.315514, 0000.576487, 
0000000015, 1570657450.719139863,   019,  1,  0000.920356, -000.222669, -000.321502, 0000.016817, -000.188873, -000.972932, 0000.133158, 0000.148398, -000.342450, -000.061829, -000.937500, 0000.976231,   051,  1,  0000.868816, -000.270999, 0000.414389, 0000.113289, -000.396172, 0000.121526, 0000.910098, -000.067668, -000.296995, -000.954877, -000.001779, 0000.440712,   073,  1,  -000.841048, -000.540536, 0000.021435, 0000.133523, -000.233991, 0000.399233, 0000.886488, 0000.035456, -000.487736, 0000.740563, -000.462255, 0000.834392,   080,  1,  0000.820345, -000.569581, 0000.051108, -000.131113, -000.535321, -000.733407, 0000.418981, 0000.025402, -000.201161, -000.371068, -000.906556, 0000.881276,   087,  1,  0000.376849, 0000.909706, 0000.174415, 0000.160369, 0000.230118, -000.274341, 0000.933693, -000.040963, 0000.897235, -000.311725, -000.312725, 0000.568057, 
0000000016, 1570657450.730375724,   019,  2,  0000.911035, -000.235786, -000.338262, 0000.016902, -000.198744, -000.969887, 0000.140786, 0000.148545, -000.361271, -000.061033, -000.930461, 0000.973974,   051,  1,  0000.873630, -000.259070, 0000.411890, 0000.113703, -000.393156, 0000.122934, 0000.911217, -000.069494, -000.286704, -000.958003, 0000.005544, 0000.431724,   073,  1,  -000.854910, -000.518724, 0000.007405, 0000.129831, -000.236680, 0000.402696, 0000.884205, 0000.034614, -000.461641, 0000.754163, -000.467040, 0000.828589,   080,  1,  0000.817917, -000.573969, 0000.039641, -000.131094, -000.534984, -000.733393, 0000.419437, 0000.025369, -000.211671, -000.364272, -000.906919, 0000.881241,   087,  1,  0000.361081, 0000.916431, 0000.172554, 0000.158238, 0000.231564, -000.267356, 0000.935360, -000.042433, 0000.903327, -000.297783, -000.308750, 0000.559742, 
0000000017, 1570657450.741611832,   019,  1,  0000.901223, -000.248847, -000.354785, 0000.016988, -000.208426, -000.966685, 0000.148591, 0000.148692, -000.379941, -000.059967, -000.923065, 0000.971716,   051,  1,  0000.878598, -000.246437, 0000.409065, 0000.114007, -000.389817, 0000.124738, 0000.912405, -000.070887, -000.275876, -000.961098, 0000.013530, 0000.422987,   073,  1,  -000.867325, -000.497660, -000.009085, 0000.126029, -000.241243, 0000.404334, 0000.882222, 0000.033570, -000.435373, 0000.767364, -000.470746, 0000.822829,   080,  1,  0000.814970, -000.578816, 0000.028213, -000.131003, -000.535090, -000.732925, 0000.420119, 0000.025368, -000.222493, -000.357481, -000.907030, 0000.881128,   087,  1,  0000.345913, 0000.922804, 0000.169637, 0000.156075, 0000.233253, -000.259699, 0000.937096, -000.044080, 0000.908811, -000.284585, -000.305080, 0000.551645, 
0000000018, 1570657450.752847840,   019,  1,  0000.891859, -000.258645, -000.371067, 0000.017078, -000.216456, -000.964394, 0000.151959, 0000.148749, -000.397158, -000.055206, -000.916088, 0000.969429,   051,  1,  0000.883852, -000.235009, 0000.404446, 0000.114202, -000.384536, 0000.127270, 0000.914294, -000.072365, -000.266341, -000.963625, 0000.022119, 0000.414622,   073,  2,  -000.876092, -000.481036, -000.032660, 0000.122390, -000.253950, 0000.402806, 0000.879350, 0000.032468, -000.409844, 0000.778686, -000.475054, 0000.817545,   080,  1,  0000.811308, -000.584348, 0000.017816, -000.130901, -000.536130, -000.731520, 0000.421241, 0000.025387, -000.233118, -000.351308, -000.906774, 0000.881143,   087,  1,  0000.331063, 0000.928647, 0000.167367, 0000.153859, 0000.235328, -000.253020, 0000.938404, -000.045411, 0000.913793, -000.271285, -000.302302, 0000.543805, 
0000000019, 1570657450.764083676,   019,  1,  0000.882445, -000.265642, -000.388233, 0000.017038, -000.223160, -000.962918, 0000.151623, 0000.148589, -000.414114, -000.047161, -000.909002, 0000.966349,   051,  1,  0000.888211, -000.224347, 0000.400937, 0000.114286, -000.380573, 0000.129609, 0000.915623, -000.073763, -000.257383, -000.965852, 0000.029739, 0000.406727,   073,  2,  -000.883997, -000.464089, -000.056309, 0000.118752, -000.266614, 0000.401538, 0000.876176, 0000.031366, -000.384013, 0000.789550, -000.478691, 0000.812262,   080,  1,  0000.807292, -000.590091, 0000.008507, -000.130784, -000.537776, -000.729631, 0000.422416, 0000.025404, -000.243056, -000.345588, -000.906362, 0000.881046,   087,  1,  0000.316948, 0000.934084, 0000.164411, 0000.151599, 0000.236702, -000.245766, 0000.939985, -000.046596, 0000.918431, -000.259010, -000.298995, 0000.536352, 
0000000020, 1570657450.775320068,   019,  2,  0000.874264, -000.269428, -000.403821, 0000.017170, -000.227332, -000.962223, 0000.149823, 0000.148419, -000.428933, -000.039183, -000.902486, 0000.963914,   051,  1,  0000.892147, -000.213904, 0000.397892, 0000.114141, -000.376820, 0000.133422, 0000.916627, -000.075228, -000.249158, -000.967700, 0000.038429, 0000.399411,   073,  2,  -000.891033, -000.446832, -000.080010, 0000.115113, -000.279222, 0000.400533, 0000.872702, 0000.030264, -000.357904, 0000.799947, -000.481653, 0000.806978,   080,  1,  0000.802714, -000.596364, 0000.000115, -000.130644, -000.540380, -000.727277, 0000.423152, 0000.025417, -000.252269, -000.339733, -000.906059, 0000.880740,   087,  1,  0000.304452, 0000.938741, 0000.161473, 0000.149314, 0000.237451, -000.238966, 0000.941548, -000.047845, 0000.922456, -000.248314, -000.295659, 0000.529411, 
0000000021, 1570657450.786555589,   019,  2,  0000.865808, -000.273070, -000.419295, 0000.017301, -000.231528, -000.961490, 0000.148094, 0000.148250, -000.443588, -000.031143, -000.895689, 0000.961479,   051,  1,  0000.894812, -000.205715, 0000.396223, 0000.113699, -000.374427, 0000.137542, 0000.916999, -000.076094, -000.243137, -000.968898, 0000.046049, 0000.392802,   073,  1,  -000.897191, -000.429285, -000.103740, 0000.111475, -000.291763, 0000.399791, 0000.868931, 0000.029162, -000.331545, 0000.809865, -000.483938, 0000.801695,   080,  1,  0000.798168, -000.602384, -000.007840, -000.130557, -000.542907, -000.724879, 0000.424032, 0000.025430, -000.261113, -000.334192, -000.905613, 0000.880460,   087,  1,  0000.293727, 0000.942420, 0000.159902, 0000.147074, 0000.237473, -000.233979, 0000.942794, -000.048923, 0000.925922, -000.238952, -000.292525, 0000.523033, 
0000000022, 1570657450.797791759,   019,  2,  0000.857081, -000.276566, -000.434653, 0000.017433, -000.235746, -000.960719, 0000.146437, 0000.148080, -000.458079, -000.023041, -000.888613, 0000.959043,   051,  1,  0000.897171, -000.198502, 0000.394564, 0000.113015, -000.372379, 0000.140458, 0000.917390, -000.076854, -000.237523, -000.969984, 0000.052097, 0000.386827,   073,  1,  -000.901363, -000.415547, -000.121928, 0000.108592, -000.300677, 0000.397875, 0000.866769, 0000.028173, -000.311671, 0000.817934, -000.483575, 0000.797283,   080,  1,  0000.792971, -000.609093, -000.014238, -000.130509, -000.546644, -000.721600, 0000.424821, 0000.025446, -000.269030, -000.329088, -000.905165, 0000.880446,   087,  1,  0000.285341, 0000.945217, 0000.158575, 0000.144891, 0000.237198, -000.229951, 0000.943854, -000.049864, 0000.928611, -000.231706, -000.289818, 0000.517240, 
0000000023, 1570657450.809027678,   019,  1,  0000.848085, -000.279916, -000.449887, 0000.017565, -000.239984, -000.959909, 0000.144852, 0000.147911, -000.472397, -000.014881, -000.881260, 0000.956608,   051,  1,  0000.899034, -000.192690, 0000.393202, 0000.111982, -000.370433, 0000.144136, 0000.917608, -000.077390, -000.233489, -000.970616, 0000.058204, 0000.381498,   073,  1,  -000.905185, -000.403865, -000.132417, 0000.106249, -000.303787, 0000.396899, 0000.866132, 0000.027374, -000.297244, 0000.824236, -000.481955, 0000.793369,   080,  1,  0000.788321, -000.614962, -000.019270, -000.130413, -000.550053, -000.718456, 0000.425749, 0000.025476, -000.275665, -000.325028, -000.904636, 0000.880186,   087,  1,  0000.278245, 0000.947625, 0000.156802, 0000.142633, 0000.237908, -000.226155, 0000.944592, -000.050797, 0000.930580, -000.225524, -000.288374, 0000.511992, 
0000000024, 1570657450.820263576,   019,  2,  0000.840849, -000.281242, -000.462467, 0000.017845, -000.243388, -000.959618, 0000.141053, 0000.147573, -000.483462, -000.006045, -000.875345, 0000.954626,   051,  1,  0000.901100, -000.188110, 0000.390684, 0000.110594, -000.367772, 0000.145737, 0000.918425, -000.077546, -000.229702, -000.971275, 0000.062142, 0000.376779,   073,  1,  -000.908035, -000.394626, -000.140508, 0000.104435, -000.305422, 0000.394143, 0000.866815, 0000.026738, -000.286688, 0000.830013, -000.478423, 0000.790012,   080,  1,  0000.784119, -000.620188, -000.022917, -000.130376, -000.553476, -000.715525, 0000.426249, 0000.025495, -000.280752, -000.321545, -000.904316, 0000.880239,   087,  1,  0000.272312, 0000.949618, 0000.155155, 0000.140242, 0000.239333, -000.223027, 0000.944976, -000.051201, 0000.931969, -000.220194, -000.288007, 0000.507357, 
0000000025, 1570657450.831499282,   019,  1,  0000.833449, -000.282440, -000.474964, 0000.018124, -000.246838, -000.959281, 0000.137299, 0000.147235, -000.494403, 0000.002807, -000.869228, 0000.952645,   051,  1,  0000.903497, -000.183802, 0000.387181, 0000.108914, -000.364183, 0000.147061, 0000.919643, -000.078369, -000.225972, -000.971900, 0000.065932, 0000.372616,   073,  1,  -000.910597, -000.384154, -000.152444, 0000.102969, -000.310200, 0000.391520, 0000.866307, 0000.026298, -000.273110, 0000.836145, -000.475681, 0000.787207,   080,  1,  0000.780078, -000.625183, -000.025000, -000.130244, -000.557106, -000.712212, 0000.427067, 0000.025495, -000.284800, -000.319218, -000.903874, 0000.879661,   087,  1,  0000.267742, 0000.951128, 0000.153851, 0000.137786, 0000.241159, -000.220754, 0000.945045, -000.051770, 0000.932822, -000.215926, -000.288478, 0000.503373, 
0000000026, 1570657450.842735445,   019,  1,  0000.828829, -000.282876, -000.482725, 0000.018489, -000.248253, -000.959129, 0000.135802, 0000.146839, -000.501411, 0000.007281, -000.865179, 0000.950801,   051,  1,  0000.905222, -000.180404, 0000.384743, 0000.107089, -000.361504, 0000.148963, 0000.920394, -000.078866, -000.223355, -000.972247, 0000.069628, 0000.369159,   073,  1,  -000.912690, -000.372563, -000.167909, 0000.101605, -000.317936, 0000.389238, 0000.864529, 0000.026175, -000.256735, 0000.842431, -000.473705, 0000.784762,   080,  1,  0000.776792, -000.629193, -000.026658, -000.130163, -000.560150, -000.709659, 0000.427335, 0000.025497, -000.287795, -000.317018, -000.903700, 0000.879474,   087,  1,  0000.264695, 0000.951975, 0000.153882, 0000.135383, 0000.242443, -000.220142, 0000.944859, -000.052287, 0000.933358, -000.212792, -000.289070, 0000.500042, 
0000000027, 1570657450.853971373,   019,  2,  0000.825307, -000.284921, -000.487534, 0000.018972, -000.250175, -000.958507, 0000.136663, 0000.146630, -000.506243, 0000.009180, -000.862342, 0000.950300,   051,  1,  0000.906714, -000.176733, 0000.382929, 0000.105095, -000.359672, 0000.150110, 0000.920925, -000.079649, -000.220239, -000.972745, 0000.072541, 0000.366314,   073,  1,  -000.915208, -000.360903, -000.179287, 0000.100241, -000.322233, 0000.388238, 0000.863387, 0000.025885, -000.241993, 0000.847950, -000.471614, 0000.782847,   080,  1,  0000.773756, -000.632874, -000.027783, -000.130028, -000.563046, -000.707160, 0000.427673, 0000.025480, -000.290310, -000.315271, -000.903507, 0000.879334,   087,  1,  0000.262357, 0000.952359, 0000.155504, 0000.132968, 0000.243566, -000.221287, 0000.944303, -000.052847, 0000.933726, -000.209869, -000.290019, 0000.497337, 
0000000028, 1570657450.865207344,   019,  1,  0000.821751, -000.286953, -000.492324, 0000.019456, -000.252090, -000.957880, 0000.137534, 0000.146421, -000.511053, 0000.011091, -000.859478, 0000.949799,   051,  1,  0000.907190, -000.173945, 0000.383080, 0000.102991, -000.359762, 0000.151341, 0000.920689, -000.080065, -000.218125, -000.973057, 0000.074716, 0000.364085,   073,  1,  -000.918602, -000.349867, -000.183749, 0000.098863, -000.320516, 0000.387608, 0000.864308, 0000.025474, -000.231170, 0000.852850, -000.468196, 0000.781425,   080,  1,  0000.771174, -000.635997, -000.028261, -000.129814, -000.565573, -000.704810, 0000.428217, 0000.025462, -000.292263, -000.314246, -000.903234, 0000.879282,   087,  1,  0000.260725, 0000.952587, 0000.156843, 0000.130541, 0000.245246, -000.222485, 0000.943586, -000.053244, 0000.933743, -000.207551, -000.291626, 0000.495144, 
0000000029, 1570657450.876443351,   019,  1,  0000.819765, -000.287103, -000.495538, 0000.019890, -000.252786, -000.957809, 0000.136750, 0000.146143, -000.513892, 0000.013162, -000.857754, 0000.949609,   051,  1,  0000.907607, -000.173428, 0000.382324, 0000.100693, -000.358931, 0000.151807, 0000.920936, -000.081021, -000.217756, -000.973076, 0000.075533, 0000.362285,   073,  1,  -000.921590, -000.339830, -000.187583, 0000.097517, -000.318952, 0000.387548, 0000.864914, 0000.025261, -000.221226, 0000.856926, -000.465550, 0000.780302,   080,  1,  0000.768945, -000.638711, -000.027774, -000.129668, -000.567930, -000.702389, 0000.429074, 0000.025443, -000.293562, -000.314161, -000.902842, 0000.879581,   087,  1,  0000.260243, 0000.952422, 0000.158639, 0000.128084, 0000.246697, -000.224436, 0000.942746, -000.053549, 0000.933496, -000.206208, -000.293367, 0000.493471, 
0000000030, 1570657450.887679192,   019,  2,  0000.818646, -000.288948, -000.496314, 0000.020292, -000.254209, -000.957254, 0000.137995, 0000.145812, -000.514972, 0000.013198, -000.857105, 0000.949141,   051,  1,  0000.908341, -000.173719, 0000.380445, 0000.098177, -000.356979, 0000.151906, 0000.921678, -000.080965, -000.217905, -000.973009, 0000.075968, 0000.361138,   073,  1,  -000.923453, -000.330724, -000.194569, 0000.096309, -000.321015, 0000.388098, 0000.863903, 0000.024768, -000.210201, 0000.860233, -000.464558, 0000.779694,   080,  1,  0000.767409, -000.640608, -000.026531, -000.129603, -000.569854, -000.700446, 0000.429700, 0000.025438, -000.293853, -000.314637, -000.902582, 0000.880016,   087,  1,  0000.260288, 0000.952327, 0000.159136, 0000.125631, 0000.248430, -000.225324, 0000.942078, -000.054083, 0000.933023, -000.205677, -000.295236, 0000.492280, 
0000000031, 1570657450.898915142,   019,  1,  0000.817524, -000.290791, -000.497087, 0000.020695, -000.255629, -000.956695, 0000.139242, 0000.145481, -000.516051, 0000.013237, -000.856456, 0000.948672,   051,  1,  0000.909222, -000.176072, 0000.377245, 0000.095523, -000.353274, 0000.153106, 0000.922906, -000.081718, -000.220256, -000.972398, 0000.077006, 0000.360299,   073,  1,  -000.924713, -000.322064, -000.202930, 0000.095298, -000.324498, 0000.388214, 0000.862549, 0000.024446, -000.199016, 0000.863461, -000.463496, 0000.779357,   080,  1,  0000.766447, -000.641829, -000.024790, -000.129556, -000.571295, -000.698843, 0000.430396, 0000.025425, -000.293565, -000.315713, -000.902300, 0000.879943,   087,  1,  0000.261336, 0000.952135, 0000.158566, 0000.123185, 0000.249579, -000.225343, 0000.941770, -000.054400, 0000.932424, -000.206543, -000.296523, 0000.491559, 
0000000032, 1570657450.910151118,   019,  2,  0000.817412, -000.290777, -000.497279, 0000.020930, -000.255189, -000.956709, 0000.139951, 0000.145239, -000.516446, 0000.012502, -000.856229, 0000.948997,   051,  1,  0000.909883, -000.177692, 0000.374885, 0000.092888, -000.350370, 0000.154760, 0000.923737, -000.082036, -000.222158, -000.971841, 0000.078556, 0000.359855,   073,  1,  -000.926382, -000.314202, -000.207588, 0000.094527, -000.325091, 0000.388993, 0000.861975, 0000.024247, -000.190084, 0000.866003, -000.462500, 0000.779263,   080,  1,  0000.765842, -000.642633, -000.022558, -000.129626, -000.572488, -000.697383, 0000.431178, 0000.025390, -000.292821, -000.317300, -000.901985, 0000.880252,   087,  1,  0000.262589, 0000.951696, 0000.159127, 0000.120839, 0000.250316, -000.226457, 0000.941307, -000.054774, 0000.931874, -000.207345, -000.297689, 0000.491182, 
0000000033, 1570657450.921387076,   019,  1,  0000.817300, -000.290763, -000.497471, 0000.021165, -000.254748, -000.956723, 0000.140661, 0000.144997, -000.516840, 0000.011767, -000.856001, 0000.949322,   051,  1,  0000.910539, -000.179110, 0000.372611, 0000.090282, -000.347580, 0000.156345, 0000.924524, -000.082305, -000.223847, -000.971327, 0000.080103, 0000.359721,   073,  1,  -000.928656, -000.308379, -000.206158, 0000.093971, -000.321348, 0000.391188, 0000.862385, 0000.023819, -000.185294, 0000.867107, -000.462376, 0000.779529,   080,  1,  0000.765129, -000.643549, -000.020524, -000.129697, -000.573665, -000.695824, 0000.432130, 0000.025392, -000.292378, -000.318861, -000.901578, 0000.880235,   087,  1,  0000.264026, 0000.951141, 0000.160066, 0000.118585, 0000.251267, -000.228052, 0000.940668, -000.055125, 0000.931212, -000.208142, -000.299202, 0000.491053, 
0000000034, 1570657450.932623334,   019,  1,  0000.818056, -000.290625, -000.496307, 0000.021346, -000.254380, -000.956775, 0000.140973, 0000.144823, -000.515824, 0000.010927, -000.856625, 0000.950021,   051,  1,  0000.910590, -000.182518, 0000.370827, 0000.087649, -000.345248, 0000.157351, 0000.925227, -000.082639, -000.227221, -000.970530, 0000.080268, 0000.359783,   073,  1,  -000.931094, -000.304145, -000.201393, 0000.093544, -000.315250, 0000.393158, 0000.863738, 0000.023881, -000.183522, 0000.867711, -000.461949, 0000.779797,   080,  1,  0000.764740, -000.644069, -000.018620, -000.129959, -000.574439, -000.694585, 0000.433096, 0000.025440, -000.291877, -000.320510, -000.901156, 0000.881162,   087,  1,  0000.265830, 0000.950411, 0000.161409, 0000.116364, 0000.252401, -000.230210, 0000.939839, -000.055157, 0000.930391, -000.209098, -000.301081, 0000.491098, 
0000000035, 1570657450.943859055,   019,  2,  0000.818433, -000.292605, -000.494520, 0000.021492, -000.254935, -000.956197, 0000.143858, 0000.144764, -000.514952, 0000.008332, -000.857179, 0000.950955,   051,  1,  0000.911068, -000.187031, 0000.367390, 0000.084823, -000.340955, 0000.159115, 0000.926516, -000.082728, -000.231744, -000.969382, 0000.081195, 0000.360122,   073,  1,  -000.933096, -000.300526, -000.197526, 0000.093117, -000.309983, 0000.393647, 0000.865420, 0000.024092, -000.182326, 0000.868750, -000.460468, 0000.780143,   080,  1,  0000.764205, -000.644741, -000.017310, -000.130173, -000.575096, -000.693314, 0000.434258, 0000.025493, -000.291986, -000.321907, -000.900622, 0000.881507,   087,  1,  0000.269117, 0000.949669, 0000.160330, 0000.114141, 0000.253281, -000.230397, 0000.939556, -000.055298, 0000.929207, -000.212242, -000.302536, 0000.491363, 
0000000036, 1570657450.955095018,   019,  1,  0000.818807, -000.294579, -000.492725, 0000.021639, -000.255493, -000.955610, 0000.146742, 0000.144705, -000.514080, 0000.005735, -000.857723, 0000.951890,   051,  1,  0000.909997, -000.194576, 0000.366124, 0000.082013, -000.338633, 0000.160731, 0000.927089, -000.083237, -000.239236, -000.967629, 0000.080375, 0000.360568,   073,  1,  -000.933891, -000.297427, -000.198456, 0000.092604, -000.309255, 0000.393309, 0000.865834, 0000.023842, -000.179468, 0000.869968, -000.459289, 0000.780737,   080,  1,  0000.763143, -000.646029, -000.016098, -000.130513, -000.576419, -000.691753, 0000.434993, 0000.025563, -000.292154, -000.322683, -000.900290, 0000.882478,   087,  1,  0000.273474, 0000.948494, 0000.159909, 0000.112041, 0000.253856, -000.231522, 0000.939124, -000.055211, 0000.927776, -000.216232, -000.304096, 0000.491729, 
0000000037, 1570657450.966330890,   019,  2,  0000.819420, -000.293389, -000.492416, 0000.021510, -000.254250, -000.955979, 0000.146494, 0000.144600, -000.513719, 0000.005157, -000.857943, 0000.951975,   051,  1,  0000.909725, -000.198954, 0000.364441, 0000.079340, -000.336282, 0000.161795, 0000.927759, -000.082586, -000.243546, -000.966561, 0000.080284, 0000.361209,   073,  1,  -000.934671, -000.293821, -000.200149, 0000.092003, -000.309286, 0000.394416, 0000.865320, 0000.024129, -000.175307, 0000.870692, -000.459524, 0000.781043,   080,  1,  0000.762278, -000.647054, -000.015934, -000.130752, -000.577178, -000.690688, 0000.435679, 0000.025600, -000.292913, -000.322911, -000.899961, 0000.882633,   087,  1,  0000.277479, 0000.947036, 0000.161643, 0000.110120, 0000.254538, -000.234705, 0000.938149, -000.055324, 0000.926399, -000.219173, -000.306182, 0000.492175, 
0000000038, 1570657450.977566918,   019,  1,  0000.820032, -000.292198, -000.492106, 0000.021380, -000.253007, -000.956347, 0000.146247, 0000.144494, -000.513357, 0000.004580, -000.858163, 0000.952060,   051,  1,  0000.909407, -000.203669, 0000.362625, 0000.076839, -000.334173, 0000.161245, 0000.928616, -000.082565, -000.247602, -000.965670, 0000.078577, 0000.361712,   073,  1,  -000.936433, -000.290710, -000.196420, 0000.091389, -000.304758, 0000.396620, 0000.865919, 0000.024262, -000.173827, 0000.870735, -000.460004, 0000.781420,   080,  1,  0000.761751, -000.647662, -000.016427, -000.131057, -000.577383, -000.690157, 0000.436248, 0000.025682, -000.293879, -000.322828, -000.899676, 0000.883227,   087,  1,  0000.280343, 0000.945813, 0000.163844, 0000.108203, 0000.255829, -000.238135, 0000.936933, -000.055301, 0000.925181, -000.220746, -000.308726, 0000.492580, 
0000000039, 1570657450.988802785,   019,  1,  0000.820609, -000.292078, -000.491215, 0000.021256, -000.252483, -000.956388, 0000.146881, 0000.144561, -000.512693, 0000.003491, -000.858565, 0000.952451,   051,  1,  0000.909736, -000.206503, 0000.360191, 0000.074486, -000.332067, 0000.158862, 0000.929782, -000.083163, -000.249223, -000.965463, 0000.075949, 0000.361934,   073,  1,  -000.938375, -000.288238, -000.190712, 0000.090775, -000.298681, 0000.398657, 0000.867100, 0000.024405, -000.173903, 0000.870627, -000.460181, 0000.781784,   080,  1,  0000.760843, -000.648725, -000.016548, -000.131300, -000.578183, -000.689247, 0000.436627, 0000.025751, -000.294657, -000.322637, -000.899490, 0000.883366,   087,  1,  0000.282170, 0000.945169, 0000.164425, 0000.106238, 0000.257122, -000.239626, 0000.936199, -000.055190, 0000.924266, -000.221890, -000.310639, 0000.492863, 
0000000040, 1570657451.000038968,   019,  1,  0000.820812, -000.292803, -000.490443, 0000.021188, -000.252253, -000.956171, 0000.148676, 0000.144706, -000.512480, 0000.001681, -000.858697, 0000.952984,   051,  1,  0000.910491, -000.207217, 0000.357865, 0000.072183, -000.330237, 0000.156521, 0000.930830, -000.083352, -000.248897, -000.965693, 0000.074081, 0000.362008,   073,  1,  -000.938967, -000.285379, -000.192092, 0000.089974, -000.298539, 0000.398542, 0000.867202, 0000.024707, -000.170924, 0000.871621, -000.459415, 0000.781986,   080,  1,  0000.760094, -000.649581, -000.017357, -000.131662, -000.578685, -000.688805, 0000.436659, 0000.025876, -000.295601, -000.321858, -000.899460, 0000.884284,   087,  1,  0000.283046, 0000.944592, 0000.166225, 0000.104286, 0000.258237, -000.241968, 0000.935289, -000.055270, 0000.923687, -000.221804, -000.312417, 0000.493003, 
0000000041, 1570657451.011274599,   019,  2,  0000.820071, -000.292322, -000.491968, 0000.020870, -000.251573, -000.956318, 0000.148882, 0000.144874, -000.513999, 0000.001672, -000.857789, 0000.953250,   051,  1,  0000.911492, -000.207678, 0000.355038, 0000.070002, -000.327600, 0000.155399, 0000.931949, -000.083700, -000.248718, -000.965775, 0000.073609, 0000.361899,   073,  1,  -000.938513, -000.280262, -000.201612, 0000.088884, -000.304474, 0000.396597, 0000.866029, 0000.024989, -000.162756, 0000.874165, -000.457544, 0000.782003,   080,  1,  0000.759513, -000.650235, -000.018298, -000.131966, -000.579034, -000.688629, 0000.436475, 0000.025997, -000.296412, -000.320913, -000.899530, 0000.884338,   087,  1,  0000.283633, 0000.944005, 0000.168544, 0000.102315, 0000.259209, -000.244694, 0000.934310, -000.055120, 0000.923235, -000.221313, -000.314098, 0000.492982, 
0000000042, 1570657451.022510638,   019,  2,  0000.819326, -000.291841, -000.493491, 0000.020552, -000.250893, -000.956465, 0000.149088, 0000.145041, -000.515517, 0000.001662, -000.856878, 0000.953515,   051,  1,  0000.912114, -000.207014, 0000.353827, 0000.068147, -000.326087, 0000.156671, 0000.932267, -000.083135, -000.248427, -000.965712, 0000.075397, 0000.361769,   073,  1,  -000.938923, -000.273412, -000.208974, 0000.087556, -000.307821, 0000.395785, 0000.865217, 0000.025047, -000.153852, 0000.876699, -000.455773, 0000.781886,   080,  1,  0000.758348, -000.651561, -000.019391, -000.132303, -000.579958, -000.687992, 0000.436252, 0000.026134, -000.297585, -000.319585, -000.899616, 0000.884271,   087,  1,  0000.283377, 0000.943937, 0000.169350, 0000.100482, 0000.260536, -000.245723, 0000.933671, -000.055360, 0000.922940, -000.220459, -000.315562, 0000.492778, 
0000000043, 1570657451.033746495,   019,  2,  0000.818579, -000.291361, -000.495013, 0000.020233, -000.250211, -000.956612, 0000.149292, 0000.145209, -000.517033, 0000.001651, -000.855964, 0000.953781,   051,  1,  0000.912536, -000.204740, 0000.354062, 0000.066655, -000.325935, 0000.158918, 0000.931940, -000.083537, -000.247072, -000.965829, 0000.078287, 0000.361279,   073,  1,  -000.941276, -000.266509, -000.207297, 0000.086114, -000.303450, 0000.398545, 0000.865494, 0000.025003, -000.148045, 0000.877573, -000.456013, 0000.781614,   080,  1,  0000.757449, -000.652566, -000.020691, -000.132743, -000.580478, -000.687605, 0000.436171, 0000.026295, -000.298858, -000.318367, -000.899626, 0000.884924,   087,  1,  0000.282086, 0000.944283, 0000.169578, 0000.098783, 0000.261878, -000.245830, 0000.933267, -000.055117, 0000.922956, -000.218853, -000.316632, 0000.492325, 
