% Measurements merged on 10/09/19 17:25:51 Central Daylight Time
% Original files:
%    1: C:\Users\Al\Desktop\Nayo\KACEY\STROKE\RTIS2001\RTIS2001_REAL_trunkfree\2001tf_final_00000009_Series2s24.hts  (Series2s24)
%    2: C:\Users\Al\Desktop\Nayo\KACEY\STROKE\RTIS2001\RTIS2001_REAL_trunkfree\2001tf_final_00000009_Series2s25.hts  (Series2s25)
% Merge host: Al-PC
% System: MERGED
% nSharedImages: 1000
%
% Interpolated markers have status set to 2
%
% EMB001 (Marker properties) Series:2031, ID:019, Size:35, Thickness:001.846, tPu:[+000.000 +000.000 +000.000]
% EMB001 (Marker properties) Series:2031, ID:051, Size:35, Thickness:001.844, tPu:[+000.000 +000.000 +000.000]
% EMB001 (Marker properties) Series:2032, ID:073, Size:44, Thickness:002.200, tPu:[+000.000 +000.000 +000.000]
% EMB001 (Marker properties) Series:2032, ID:080, Size:44, Thickness:002.203, tPu:[+000.000 +000.000 +000.000]
% EMB001 (Marker properties) Series:2032, ID:087, Size:44, Thickness:002.251, tPu:[+000.000 +000.000 +000.000]
%
% ImageNumber,             FrameTime,           Marker,  ST, HT(1, 1),    HT(1, 2),    HT(1, 3),    HT(1, 4),    HT(2, 1),    HT(2, 2),    HT(2, 3),    HT(2, 4),    HT(3, 1),    HT(3, 2),    HT(3, 3),    HT(3, 4)
%
0000000000, 1570660345.584308327,   019,  1,  0000.981024, -000.131285, 0000.142676, -000.057802, -000.078679, -000.942120, -000.325915, 0000.187848, 0000.177206, 0000.308504, -000.934571, 0000.906245,   051,  1,  0000.752245, -000.500874, 0000.428080, 0000.023620, -000.442412, 0000.097490, 0000.891497, -000.038689, -000.488261, -000.860012, -000.148256, 0000.581406,   073,  1,  -000.539935, -000.808027, 0000.235717, 0000.111161, -000.393846, 0000.490031, 0000.777660, 0000.062721, -000.743879, 0000.327049, -000.582823, 0000.867386,   080,  1,  0000.743403, -000.532923, 0000.404160, -000.157306, -000.610775, -000.787177, 0000.085479, 0000.023029, 0000.272592, -000.310396, -000.910686, 0000.801020,   087,  1,  0000.621792, 0000.783174, -000.003636, 0000.106738, 0000.185428, -000.142705, 0000.972241, -000.014798, 0000.760915, -000.605206, -000.233955, 0000.699053, 
0000000001, 1570660345.595544170,   019,  1,  0000.980918, -000.132000, 0000.142744, -000.057810, -000.079341, -000.942058, -000.325932, 0000.187864, 0000.177496, 0000.308387, -000.934555, 0000.906320,   051,  1,  0000.752205, -000.500768, 0000.428274, 0000.023604, -000.442520, 0000.097667, 0000.891424, -000.038981, -000.488225, -000.860054, -000.148134, 0000.581430,   073,  1,  -000.540094, -000.808001, 0000.235442, 0000.111181, -000.394119, 0000.490007, 0000.777537, 0000.062622, -000.743619, 0000.327151, -000.583098, 0000.867413,   080,  1,  0000.743396, -000.533101, 0000.403937, -000.157273, -000.610926, -000.787044, 0000.085621, 0000.023044, 0000.272272, -000.310426, -000.910771, 0000.800831,   087,  1,  0000.622086, 0000.782940, -000.003685, 0000.106743, 0000.185457, -000.142779, 0000.972224, -000.014801, 0000.760667, -000.605491, -000.234022, 0000.699044, 
0000000002, 1570660345.606780687,   019,  1,  0000.981020, -000.131411, 0000.142589, -000.057786, -000.078823, -000.942100, -000.325937, 0000.187794, 0000.177165, 0000.308511, -000.934577, 0000.905885,   051,  1,  0000.752076, -000.501173, 0000.428027, 0000.023595, -000.442471, 0000.097384, 0000.891480, -000.038945, -000.488468, -000.859850, -000.148514, 0000.581422,   073,  1,  -000.539917, -000.808126, 0000.235418, 0000.111178, -000.394370, 0000.489961, 0000.777438, 0000.062682, -000.743614, 0000.326910, -000.583239, 0000.867337,   080,  1,  0000.743504, -000.533133, 0000.403698, -000.157336, -000.610867, -000.787092, 0000.085602, 0000.023071, 0000.272110, -000.310251, -000.910879, 0000.801043,   087,  1,  0000.622069, 0000.782954, -000.003628, 0000.106739, 0000.185452, -000.142840, 0000.972216, -000.014726, 0000.760683, -000.605458, -000.234057, 0000.699013, 
0000000003, 1570660345.618016402,   019,  1,  0000.981133, -000.130718, 0000.142450, -000.057831, -000.078196, -000.942142, -000.325966, 0000.187892, 0000.176817, 0000.308677, -000.934588, 0000.906345,   051,  1,  0000.752181, -000.501055, 0000.427982, 0000.023593, -000.442311, 0000.097527, 0000.891543, -000.038997, -000.488452, -000.859903, -000.148264, 0000.581422,   073,  1,  -000.539858, -000.808194, 0000.235320, 0000.111194, -000.394572, 0000.489910, 0000.777368, 0000.062595, -000.743550, 0000.326818, -000.583372, 0000.867346,   080,  1,  0000.743684, -000.533192, 0000.403287, -000.157332, -000.610794, -000.787144, 0000.085643, 0000.023086, 0000.271781, -000.310017, -000.911057, 0000.800927,   087,  1,  0000.622164, 0000.782878, -000.003741, 0000.106747, 0000.185563, -000.142824, 0000.972197, -000.014729, 0000.760577, -000.605561, -000.234134, 0000.698998, 
0000000004, 1570660345.629252125,   019,  1,  0000.981127, -000.131423, 0000.141835, -000.057821, -000.079017, -000.941979, -000.326239, 0000.187852, 0000.176481, 0000.308875, -000.934586, 0000.906105,   051,  1,  0000.751778, -000.501609, 0000.428041, 0000.023601, -000.442486, 0000.097543, 0000.891455, -000.038753, -000.488914, -000.859578, -000.148624, 0000.581389,   073,  1,  -000.539898, -000.808169, 0000.235316, 0000.111182, -000.394725, 0000.490004, 0000.777231, 0000.062693, -000.743440, 0000.326740, -000.583557, 0000.867244,   080,  1,  0000.743439, -000.533572, 0000.403236, -000.157407, -000.611189, -000.786834, 0000.085679, 0000.023107, 0000.271564, -000.310151, -000.911076, 0000.801199,   087,  1,  0000.622248, 0000.782812, -000.003714, 0000.106768, 0000.185591, -000.142912, 0000.972179, -000.014855, 0000.760502, -000.605625, -000.234210, 0000.699017, 
0000000005, 1570660345.640488219,   019,  1,  0000.981109, -000.131586, 0000.141813, -000.057798, -000.079145, -000.941904, -000.326424, 0000.187775, 0000.176527, 0000.309034, -000.934525, 0000.905649,   051,  1,  0000.751907, -000.501356, 0000.428110, 0000.023599, -000.442401, 0000.097745, 0000.891475, -000.038928, -000.488791, -000.859703, -000.148305, 0000.581395,   073,  1,  -000.539857, -000.808240, 0000.235166, 0000.111194, -000.394871, 0000.489893, 0000.777227, 0000.062655, -000.743392, 0000.326731, -000.583623, 0000.867230,   080,  1,  0000.743654, -000.533429, 0000.403028, -000.157434, -000.610959, -000.787013, 0000.085668, 0000.023121, 0000.271490, -000.309941, -000.911169, 0000.801233,   087,  1,  0000.622272, 0000.782793, -000.003682, 0000.106760, 0000.185499, -000.142887, 0000.972200, -000.014746, 0000.760505, -000.605656, -000.234122, 0000.698970, 
0000000006, 1570660345.651724361,   019,  1,  0000.981214, -000.131002, 0000.141627, -000.057820, -000.078662, -000.941979, -000.326326, 0000.187808, 0000.176159, 0000.309055, -000.934587, 0000.905803,   051,  1,  0000.752016, -000.501147, 0000.428162, 0000.023592, -000.442449, 0000.097695, 0000.891457, -000.038932, -000.488580, -000.859830, -000.148264, 0000.581389,   073,  1,  -000.539600, -000.808372, 0000.235299, 0000.111197, -000.394986, 0000.489878, 0000.777178, 0000.062692, -000.743517, 0000.326426, -000.583634, 0000.867174,   080,  1,  0000.743827, -000.533450, 0000.402681, -000.157346, -000.610947, -000.786989, 0000.085974, 0000.023124, 0000.271043, -000.309967, -000.911294, 0000.800639,   087,  1,  0000.622254, 0000.782806, -000.003811, 0000.106762, 0000.185627, -000.142823, 0000.972185, -000.014720, 0000.760488, -000.605654, -000.234182, 0000.698953, 
0000000007, 1570660345.662960183,   019,  1,  0000.981275, -000.130246, 0000.141899, -000.057787, -000.077864, -000.942071, -000.326250, 0000.187677, 0000.176171, 0000.309092, -000.934573, 0000.905215,   051,  1,  0000.751920, -000.501363, 0000.428079, 0000.023590, -000.442404, 0000.097676, 0000.891481, -000.038838, -000.488769, -000.859706, -000.148361, 0000.581371,   073,  1,  -000.539795, -000.808258, 0000.235245, 0000.111187, -000.395178, 0000.490057, 0000.776968, 0000.062768, -000.743274, 0000.326439, -000.583936, 0000.867099,   080,  1,  0000.743809, -000.533617, 0000.402494, -000.157429, -000.610999, -000.786970, 0000.085780, 0000.023146, 0000.270977, -000.309727, -000.911395, 0000.800962,   087,  1,  0000.622309, 0000.782763, -000.003808, 0000.106759, 0000.185663, -000.142876, 0000.972171, -000.014699, 0000.760435, -000.605697, -000.234243, 0000.698935, 
0000000008, 1570660345.674196144,   019,  1,  0000.981188, -000.131186, 0000.141635, -000.057820, -000.078848, -000.941984, -000.326267, 0000.187752, 0000.176219, 0000.308961, -000.934607, 0000.905566,   051,  1,  0000.752038, -000.501242, 0000.428014, 0000.023589, -000.442324, 0000.097638, 0000.891525, -000.038623, -000.488660, -000.859781, -000.148284, 0000.581347,   073,  1,  -000.539829, -000.808267, 0000.235138, 0000.111188, -000.395357, 0000.490059, 0000.776875, 0000.062810, -000.743154, 0000.326416, -000.584102, 0000.867052,   080,  1,  0000.743639, -000.534013, 0000.402283, -000.157436, -000.611339, -000.786707, 0000.085769, 0000.023158, 0000.270677, -000.309712, -000.911489, 0000.800861,   087,  1,  0000.622374, 0000.782711, -000.003722, 0000.106761, 0000.185645, -000.142993, 0000.972157, -000.014668, 0000.760386, -000.605736, -000.234302, 0000.698919, 
0000000009, 1570660345.685432161,   019,  1,  0000.981130, -000.131776, 0000.141490, -000.057831, -000.079387, -000.941804, -000.326653, 0000.187772, 0000.176301, 0000.309257, -000.934494, 0000.905638,   051,  1,  0000.751857, -000.501640, 0000.427864, 0000.023583, -000.442215, 0000.097662, 0000.891576, -000.038775, -000.489036, -000.859546, -000.148405, 0000.581363,   073,  1,  -000.539702, -000.808341, 0000.235172, 0000.111202, -000.395430, 0000.490028, 0000.776857, 0000.062714, -000.743207, 0000.326277, -000.584112, 0000.867086,   080,  1,  0000.743892, -000.533857, 0000.402022, -000.157402, -000.611158, -000.786819, 0000.086031, 0000.023163, 0000.270390, -000.309697, -000.911579, 0000.800565,   087,  1,  0000.622389, 0000.782699, -000.003796, 0000.106763, 0000.185603, -000.142873, 0000.972183, -000.014708, 0000.760384, -000.605780, -000.234194, 0000.698923, 
0000000010, 1570660345.696667998,   019,  1,  0000.981275, -000.130731, 0000.141451, -000.057855, -000.078429, -000.941946, -000.326475, 0000.187819, 0000.175920, 0000.309268, -000.934562, 0000.905830,   051,  1,  0000.751931, -000.501347, 0000.428077, 0000.023577, -000.442372, 0000.097723, 0000.891491, -000.038656, -000.488780, -000.859710, -000.148301, 0000.581356,   073,  1,  -000.539430, -000.808510, 0000.235216, 0000.111198, -000.395572, 0000.489927, 0000.776849, 0000.062808, -000.743329, 0000.326011, -000.584106, 0000.867014,   080,  1,  0000.743951, -000.534017, 0000.401699, -000.157477, -000.611204, -000.786787, 0000.086005, 0000.023180, 0000.270124, -000.309503, -000.911724, 0000.800802,   087,  1,  0000.622419, 0000.782675, -000.003778, 0000.106764, 0000.185541, -000.142858, 0000.972197, -000.014709, 0000.760375, -000.605814, -000.234136, 0000.698926, 
0000000011, 1570660345.707904096,   019,  1,  0000.981276, -000.130625, 0000.141543, -000.057887, -000.078275, -000.941914, -000.326606, 0000.187873, 0000.175985, 0000.309411, -000.934502, 0000.906094,   051,  1,  0000.751910, -000.501614, 0000.427801, 0000.023558, -000.442143, 0000.097648, 0000.891613, -000.039076, -000.489020, -000.859563, -000.148363, 0000.581402,   073,  1,  -000.539587, -000.808411, 0000.235196, 0000.111219, -000.395473, 0000.489983, 0000.776864, 0000.062646, -000.743268, 0000.326172, -000.584093, 0000.867092,   080,  1,  0000.743997, -000.534014, 0000.401619, -000.157434, -000.611190, -000.786790, 0000.086067, 0000.023186, 0000.270029, -000.309499, -000.911754, 0000.800477,   087,  1,  0000.622583, 0000.782544, -000.003842, 0000.106771, 0000.185520, -000.142824, 0000.972206, -000.014803, 0000.760245, -000.605992, -000.234097, 0000.698960, 
0000000012, 1570660345.719139884,   019,  1,  0000.981238, -000.131300, 0000.141182, -000.057869, -000.079024, -000.941827, -000.326675, 0000.187821, 0000.175862, 0000.309389, -000.934533, 0000.905855,   051,  1,  0000.751709, -000.501914, 0000.427803, 0000.023558, -000.442258, 0000.097557, 0000.891566, -000.038887, -000.489225, -000.859398, -000.148641, 0000.581400,   073,  1,  -000.539199, -000.808683, 0000.235152, 0000.111215, -000.395512, 0000.489665, 0000.777045, 0000.062672, -000.743529, 0000.325976, -000.583871, 0000.867065,   080,  1,  0000.744061, -000.534140, 0000.401331, -000.157514, -000.611223, -000.786764, 0000.086076, 0000.023200, 0000.269776, -000.309349, -000.911879, 0000.800727,   087,  1,  0000.622512, 0000.782601, -000.003765, 0000.106759, 0000.185577, -000.142938, 0000.972178, -000.014725, 0000.760289, -000.605891, -000.234213, 0000.698946, 
0000000013, 1570660345.730375932,   019,  1,  0000.981211, -000.131469, 0000.141211, -000.057908, -000.079151, -000.941769, -000.326813, 0000.187893, 0000.175954, 0000.309496, -000.934480, 0000.906187,   051,  1,  0000.751645, -000.502004, 0000.427812, 0000.023554, -000.442204, 0000.097702, 0000.891577, -000.038826, -000.489373, -000.859329, -000.148551, 0000.581408,   073,  1,  -000.539316, -000.808578, 0000.235244, 0000.111224, -000.395433, 0000.489807, 0000.776996, 0000.062599, -000.743486, 0000.326023, -000.583899, 0000.867100,   080,  1,  0000.744158, -000.534176, 0000.401104, -000.157513, -000.611217, -000.786755, 0000.086202, 0000.023210, 0000.269524, -000.309309, -000.911967, 0000.800577,   087,  1,  0000.622550, 0000.782571, -000.003819, 0000.106770, 0000.185537, -000.142854, 0000.972198, -000.014775, 0000.760268, -000.605950, -000.234130, 0000.698969, 
0000000014, 1570660345.741611911,   019,  1,  0000.981357, -000.130454, 0000.141142, -000.057847, -000.078208, -000.941864, -000.326765, 0000.187672, 0000.175564, 0000.309635, -000.934507, 0000.905094,   051,  1,  0000.751848, -000.501687, 0000.427825, 0000.023553, -000.442149, 0000.097713, 0000.891603, -000.038704, -000.489110, -000.859513, -000.148355, 0000.581414,   073,  1,  -000.538961, -000.808822, 0000.235217, 0000.111213, -000.395537, 0000.489559, 0000.777099, 0000.062757, -000.743687, 0000.325789, -000.583773, 0000.867003,   080,  1,  0000.744247, -000.534195, 0000.400914, -000.157482, -000.611186, -000.786773, 0000.086261, 0000.023215, 0000.269348, -000.309232, -000.912046, 0000.800292,   087,  1,  0000.622450, 0000.782650, -000.003908, 0000.106754, 0000.185623, -000.142773, 0000.972193, -000.014582, 0000.760329, -000.605867, -000.234147, 0000.698927, 
0000000015, 1570660345.752847742,   019,  1,  0000.981251, -000.131166, 0000.141216, -000.057904, -000.078787, -000.941667, -000.327193, 0000.187772, 0000.175895, 0000.309933, -000.934346, 0000.905552,   051,  1,  0000.751817, -000.501879, 0000.427656, 0000.023559, -000.442052, 0000.097599, 0000.891664, -000.038761, -000.489246, -000.859414, -000.148480, 0000.581429,   073,  1,  -000.538927, -000.808855, 0000.235184, 0000.111250, -000.395755, 0000.489596, 0000.776965, 0000.062475, -000.743597, 0000.325652, -000.583965, 0000.867164,   080,  1,  0000.744478, -000.534101, 0000.400610, -000.157551, -000.610985, -000.786926, 0000.086287, 0000.023233, 0000.269164, -000.309005, -000.912177, 0000.800500,   087,  1,  0000.622378, 0000.782707, -000.003872, 0000.106767, 0000.185614, -000.142784, 0000.972194, -000.014694, 0000.760390, -000.605791, -000.234147, 0000.698971, 
0000000016, 1570660345.764083534,   019,  1,  0000.981267, -000.131389, 0000.140895, -000.057940, -000.079085, -000.941609, -000.327288, 0000.187794, 0000.175671, 0000.310015, -000.934361, 0000.905626,   051,  1,  0000.751912, -000.501672, 0000.427730, 0000.023564, -000.442079, 0000.097632, 0000.891647, -000.038671, -000.489075, -000.859531, -000.148368, 0000.581429,   073,  1,  -000.538900, -000.808869, 0000.235197, 0000.111221, -000.396114, 0000.489746, 0000.776687, 0000.062637, -000.743424, 0000.325392, -000.584329, 0000.867055,   080,  1,  0000.744426, -000.534231, 0000.400534, -000.157552, -000.611133, -000.786796, 0000.086417, 0000.023235, 0000.268971, -000.309111, -000.912198, 0000.800340,   087,  1,  0000.622622, 0000.782514, -000.003819, 0000.106775, 0000.185637, -000.142961, 0000.972163, -000.014717, 0000.760185, -000.605999, -000.234274, 0000.698984, 
0000000017, 1570660345.775319656,   019,  1,  0000.981331, -000.130681, 0000.141107, -000.057955, -000.078365, -000.941720, -000.327142, 0000.187770, 0000.175634, 0000.309977, -000.934380, 0000.905527,   051,  1,  0000.751892, -000.501682, 0000.427753, 0000.023571, -000.442059, 0000.097720, 0000.891647, -000.038866, -000.489123, -000.859515, -000.148298, 0000.581454,   073,  1,  -000.538862, -000.808922, 0000.235103, 0000.111210, -000.396328, 0000.489721, 0000.776594, 0000.062647, -000.743339, 0000.325298, -000.584490, 0000.867039,   080,  1,  0000.744479, -000.534273, 0000.400379, -000.157619, -000.611122, -000.786805, 0000.086416, 0000.023245, 0000.268850, -000.309015, -000.912266, 0000.800536,   087,  1,  0000.622508, 0000.782604, -000.003735, 0000.106783, 0000.185693, -000.143067, 0000.972137, -000.014756, 0000.760264, -000.605857, -000.234385, 0000.699006, 
0000000018, 1570660345.786555663,   019,  2,  0000.981312, -000.130771, 0000.141159, -000.057980, -000.078400, -000.941650, -000.327335, 0000.187785, 0000.175729, 0000.310151, -000.934305, 0000.905536,   051,  1,  0000.751905, -000.501587, 0000.427843, 0000.023587, -000.442083, 0000.097831, 0000.891623, -000.038750, -000.489083, -000.859558, -000.148183, 0000.581446,   073,  1,  -000.538787, -000.808986, 0000.235053, 0000.111201, -000.396491, 0000.489688, 0000.776531, 0000.062610, -000.743306, 0000.325188, -000.584593, 0000.867053,   080,  1,  0000.744543, -000.534357, 0000.400148, -000.157634, -000.611154, -000.786770, 0000.086505, 0000.023259, 0000.268600, -000.308959, -000.912359, 0000.800482,   087,  1,  0000.622398, 0000.782692, -000.003735, 0000.106784, 0000.185645, -000.142986, 0000.972158, -000.014696, 0000.760366, -000.605762, -000.234297, 0000.698995, 
0000000019, 1570660345.797791530,   019,  1,  0000.981292, -000.130862, 0000.141211, -000.058005, -000.078434, -000.941580, -000.327528, 0000.187799, 0000.175823, 0000.310325, -000.934230, 0000.905544,   051,  1,  0000.751909, -000.501635, 0000.427780, 0000.023589, -000.442071, 0000.097738, 0000.891639, -000.038748, -000.489088, -000.859540, -000.148268, 0000.581446,   073,  1,  -000.538818, -000.808977, 0000.235013, 0000.111175, -000.396532, 0000.489690, 0000.776508, 0000.062734, -000.743261, 0000.325207, -000.584640, 0000.866971,   080,  1,  0000.744589, -000.534311, 0000.400125, -000.157660, -000.611135, -000.786771, 0000.086632, 0000.023272, 0000.268518, -000.309035, -000.912357, 0000.800428,   087,  1,  0000.622326, 0000.782749, -000.003723, 0000.106778, 0000.185616, -000.142950, 0000.972169, -000.014610, 0000.760432, -000.605697, -000.234252, 0000.698977, 
0000000020, 1570660345.809027474,   019,  1,  0000.981414, -000.129863, 0000.141285, -000.058036, -000.077464, -000.941684, -000.327462, 0000.187827, 0000.175571, 0000.310431, -000.934242, 0000.905691,   051,  1,  0000.751815, -000.501669, 0000.427904, 0000.023595, -000.442161, 0000.097850, 0000.891582, -000.038862, -000.489150, -000.859508, -000.148253, 0000.581447,   073,  1,  -000.538625, -000.809133, 0000.234919, 0000.111174, -000.396699, 0000.489528, 0000.776526, 0000.062644, -000.743312, 0000.325064, -000.584654, 0000.867006,   080,  1,  0000.744647, -000.534336, 0000.399983, -000.157638, -000.611128, -000.786770, 0000.086693, 0000.023268, 0000.268371, -000.308997, -000.912413, 0000.800191,   087,  1,  0000.622419, 0000.782675, -000.003750, 0000.106795, 0000.185665, -000.142992, 0000.972153, -000.014757, 0000.760344, -000.605783, -000.234316, 0000.699010, 
0000000021, 1570660345.820263449,   019,  1,  0000.981203, -000.131646, 0000.141104, -000.058035, -000.079171, -000.941427, -000.327790, 0000.187831, 0000.175991, 0000.310457, -000.934154, 0000.905697,   051,  1,  0000.751897, -000.501596, 0000.427847, 0000.023591, -000.442090, 0000.097829, 0000.891620, -000.038906, -000.489088, -000.859553, -000.148193, 0000.581450,   073,  1,  -000.538818, -000.809027, 0000.234839, 0000.111162, -000.396825, 0000.489652, 0000.776383, 0000.062683, -000.743105, 0000.325140, -000.584876, 0000.866968,   080,  1,  0000.744698, -000.534371, 0000.399840, -000.157631, -000.611130, -000.786763, 0000.086744, 0000.023273, 0000.268226, -000.308952, -000.912471, 0000.800027,   087,  1,  0000.622471, 0000.782634, -000.003694, 0000.106787, 0000.185621, -000.143046, 0000.972154, -000.014655, 0000.760312, -000.605823, -000.234315, 0000.698980, 
0000000022, 1570660345.831499602,   019,  2,  0000.981244, -000.131419, 0000.141027, -000.058052, -000.078999, -000.941483, -000.327673, 0000.187872, 0000.175837, 0000.310386, -000.934206, 0000.905813,   051,  1,  0000.751687, -000.501936, 0000.427816, 0000.023590, -000.442202, 0000.097692, 0000.891579, -000.038864, -000.489310, -000.859370, -000.148523, 0000.581444,   073,  1,  -000.538841, -000.808990, 0000.234915, 0000.111145, -000.396972, 0000.489806, 0000.776211, 0000.062766, -000.743010, 0000.325000, -000.585074, 0000.866899,   080,  1,  0000.744607, -000.534628, 0000.399666, -000.157693, -000.611342, -000.786597, 0000.086755, 0000.023294, 0000.267994, -000.308931, -000.912546, 0000.800185,   087,  1,  0000.622371, 0000.782713, -000.003783, 0000.106787, 0000.185706, -000.142965, 0000.972149, -000.014708, 0000.760373, -000.605740, -000.234332, 0000.698980, 
0000000023, 1570660345.842735398,   019,  1,  0000.981286, -000.131192, 0000.140951, -000.058069, -000.078828, -000.941538, -000.327556, 0000.187912, 0000.175683, 0000.310315, -000.934259, 0000.905929,   051,  1,  0000.751774, -000.501909, 0000.427695, 0000.023587, -000.441985, 0000.097811, 0000.891674, -000.038679, -000.489373, -000.859372, -000.148304, 0000.581422,   073,  1,  -000.538974, -000.808911, 0000.234882, 0000.111155, -000.397041, 0000.489905, 0000.776113, 0000.062668, -000.742877, 0000.325047, -000.585217, 0000.866941,   080,  1,  0000.744647, -000.534753, 0000.399424, -000.157712, -000.611362, -000.786591, 0000.086667, 0000.023309, 0000.267838, -000.308729, -000.912661, 0000.800215,   087,  1,  0000.622346, 0000.782733, -000.003768, 0000.106782, 0000.185649, -000.142929, 0000.972166, -000.014667, 0000.760408, -000.605723, -000.234264, 0000.698967, 
0000000024, 1570660345.853971323,   019,  1,  0000.981282, -000.131185, 0000.140983, -000.058041, -000.078802, -000.941523, -000.327603, 0000.187839, 0000.175716, 0000.310361, -000.934238, 0000.905602,   051,  1,  0000.751907, -000.501649, 0000.427767, 0000.023581, -000.441939, 0000.097946, 0000.891682, -000.038777, -000.489210, -000.859508, -000.148052, 0000.581421,   073,  1,  -000.538903, -000.808964, 0000.234863, 0000.111147, -000.397148, 0000.489880, 0000.776074, 0000.062754, -000.742871, 0000.324953, -000.585276, 0000.866862,   080,  1,  0000.744966, -000.534510, 0000.399156, -000.157748, -000.611085, -000.786778, 0000.086926, 0000.023319, 0000.267584, -000.308675, -000.912753, 0000.800296,   087,  1,  0000.622334, 0000.782743, -000.003712, 0000.106777, 0000.185641, -000.142987, 0000.972158, -000.014657, 0000.760420, -000.605696, -000.234295, 0000.698953, 
0000000025, 1570660345.865207463,   019,  2,  0000.981331, -000.130933, 0000.140877, -000.058025, -000.078573, -000.941503, -000.327718, 0000.187805, 0000.175545, 0000.310531, -000.934213, 0000.905414,   051,  1,  0000.751797, -000.501806, 0000.427776, 0000.023578, -000.442007, 0000.097902, 0000.891653, -000.038762, -000.489317, -000.859422, -000.148199, 0000.581415,   073,  1,  -000.538704, -000.809078, 0000.234926, 0000.111168, -000.397220, 0000.489821, 0000.776074, 0000.062627, -000.742977, 0000.324757, -000.585251, 0000.866917,   080,  1,  0000.745121, -000.534530, 0000.398838, -000.157733, -000.610992, -000.786851, 0000.086920, 0000.023329, 0000.267364, -000.308453, -000.912893, 0000.800075,   087,  1,  0000.622345, 0000.782734, -000.003770, 0000.106793, 0000.185716, -000.142979, 0000.972145, -000.014821, 0000.760392, -000.605710, -000.234348, 0000.698983, 
0000000026, 1570660345.876443197,   019,  1,  0000.981380, -000.130682, 0000.140770, -000.058009, -000.078344, -000.941482, -000.327833, 0000.187772, 0000.175375, 0000.310700, -000.934189, 0000.905226,   051,  1,  0000.751895, -000.501757, 0000.427660, 0000.023575, -000.441937, 0000.097767, 0000.891702, -000.038494, -000.489229, -000.859466, -000.148235, 0000.581385,   073,  1,  -000.538797, -000.808991, 0000.235014, 0000.111166, -000.397096, 0000.489922, 0000.776075, 0000.062763, -000.742976, 0000.324824, -000.585215, 0000.866806,   080,  1,  0000.744980, -000.534941, 0000.398552, -000.157780, -000.611318, -000.786599, 0000.086902, 0000.023351, 0000.267013, -000.308382, -000.913019, 0000.800208,   087,  1,  0000.622521, 0000.782594, -000.003744, 0000.106803, 0000.185634, -000.143013, 0000.972156, -000.014942, 0000.760268, -000.605883, -000.234304, 0000.699012, 
0000000027, 1570660345.887678909,   019,  1,  0000.981348, -000.131197, 0000.140512, -000.058005, -000.078914, -000.941421, -000.327872, 0000.187762, 0000.175297, 0000.310668, -000.934214, 0000.905072,   051,  1,  0000.751723, -000.502007, 0000.427670, 0000.023561, -000.441921, 0000.097905, 0000.891695, -000.038799, -000.489509, -000.859304, -000.148250, 0000.581411,   073,  1,  -000.538523, -000.809175, 0000.235007, 0000.111214, -000.397186, 0000.489748, 0000.776138, 0000.062462, -000.743126, 0000.324626, -000.585134, 0000.866956,   080,  1,  0000.745096, -000.534939, 0000.398337, -000.157745, -000.611242, -000.786657, 0000.086912, 0000.023360, 0000.266862, -000.308238, -000.913112, 0000.799953,   087,  1,  0000.622442, 0000.782657, -000.003675, 0000.106781, 0000.185594, -000.143037, 0000.972160, -000.014753, 0000.760342, -000.605796, -000.234289, 0000.698955, 
0000000028, 1570660345.898915207,   019,  1,  0000.981410, -000.130936, 0000.140325, -000.058032, -000.078708, -000.941411, -000.327950, 0000.187867, 0000.175044, 0000.310809, -000.934215, 0000.905571,   051,  1,  0000.751727, -000.502042, 0000.427621, 0000.023557, -000.441930, 0000.097801, 0000.891702, -000.039004, -000.489494, -000.859295, -000.148348, 0000.581426,   073,  1,  -000.538547, -000.809157, 0000.235014, 0000.111197, -000.397205, 0000.489780, 0000.776108, 0000.062684, -000.743099, 0000.324622, -000.585171, 0000.866809,   080,  1,  0000.745129, -000.535056, 0000.398118, -000.157814, -000.611335, -000.786567, 0000.087075, 0000.023384, 0000.266556, -000.308266, -000.913192, 0000.800201,   087,  1,  0000.622643, 0000.782497, -000.003749, 0000.106795, 0000.185709, -000.143113, 0000.972127, -000.014845, 0000.760150, -000.605985, -000.234425, 0000.698967, 
0000000029, 1570660345.910151376,   019,  1,  0000.981439, -000.130814, 0000.140231, -000.057974, -000.078614, -000.941405, -000.327989, 0000.187693, 0000.174920, 0000.310877, -000.934215, 0000.904640,   051,  1,  0000.751755, -000.501864, 0000.427782, 0000.023553, -000.442107, 0000.097760, 0000.891619, -000.038897, -000.489291, -000.859404, -000.148386, 0000.581413,   073,  1,  -000.538606, -000.809115, 0000.235025, 0000.111190, -000.397256, 0000.489858, 0000.776033, 0000.062793, -000.743028, 0000.324611, -000.585266, 0000.866727,   080,  1,  0000.745283, -000.535083, 0000.397794, -000.157769, -000.611262, -000.786619, 0000.087122, 0000.023401, 0000.266295, -000.308087, -000.913329, 0000.799914,   087,  1,  0000.622574, 0000.782552, -000.003717, 0000.106792, 0000.185623, -000.143058, 0000.972152, -000.014863, 0000.760228, -000.605926, -000.234323, 0000.698964, 
0000000030, 1570660345.921387128,   019,  1,  0000.981506, -000.130073, 0000.140451, -000.058050, -000.077909, -000.941605, -000.327582, 0000.187919, 0000.174859, 0000.310581, -000.934325, 0000.905636,   051,  1,  0000.751937, -000.501589, 0000.427784, 0000.023557, -000.441963, 0000.097919, 0000.891673, -000.038695, -000.489141, -000.859547, -000.148055, 0000.581389,   073,  1,  -000.538254, -000.809306, 0000.235172, 0000.111205, -000.397514, 0000.489846, 0000.775908, 0000.062687, -000.743145, 0000.324152, -000.585372, 0000.866774,   080,  1,  0000.745437, -000.535185, 0000.397368, -000.157807, -000.611207, -000.786665, 0000.087086, 0000.023427, 0000.265988, -000.307791, -000.913518, 0000.799957,   087,  1,  0000.622641, 0000.782499, -000.003744, 0000.106792, 0000.185746, -000.143148, 0000.972115, -000.014802, 0000.760143, -000.605974, -000.234475, 0000.698945, 
0000000031, 1570660345.932623044,   019,  2,  0000.981512, -000.130142, 0000.140348, -000.058022, -000.077996, -000.941575, -000.327648, 0000.187820, 0000.174790, 0000.310644, -000.934317, 0000.905021,   051,  1,  0000.751639, -000.501904, 0000.427938, 0000.023550, -000.442202, 0000.097933, 0000.891553, -000.038660, -000.489384, -000.859361, -000.148333, 0000.581389,   073,  1,  -000.538377, -000.809245, 0000.235104, 0000.111212, -000.397647, 0000.489931, 0000.775786, 0000.062693, -000.742985, 0000.324176, -000.585562, 0000.866755,   080,  1,  0000.745843, -000.535005, 0000.396846, -000.157834, -000.610843, -000.786944, 0000.087122, 0000.023452, 0000.265685, -000.307390, -000.913741, 0000.800058,   087,  1,  0000.622766, 0000.782400, -000.003612, 0000.106806, 0000.185668, -000.143298, 0000.972107, -000.014892, 0000.760059, -000.606066, -000.234508, 0000.698964, 
0000000032, 1570660345.943859127,   019,  1,  0000.981517, -000.130212, 0000.140246, -000.057994, -000.078083, -000.941544, -000.327715, 0000.187720, 0000.174720, 0000.310707, -000.934309, 0000.904405,   051,  1,  0000.751660, -000.501897, 0000.427910, 0000.023551, -000.442162, 0000.097943, 0000.891572, -000.038848, -000.489388, -000.859364, -000.148300, 0000.581406,   073,  1,  -000.538258, -000.809320, 0000.235118, 0000.111232, -000.397793, 0000.489918, 0000.775720, 0000.062640, -000.742994, 0000.324009, -000.585644, 0000.866765,   080,  1,  0000.745864, -000.535240, 0000.396492, -000.157815, -000.610932, -000.786887, 0000.087011, 0000.023469, 0000.265423, -000.307128, -000.913905, 0000.799899,   087,  1,  0000.622865, 0000.782321, -000.003679, 0000.106797, 0000.185692, -000.143272, 0000.972107, -000.014746, 0000.759972, -000.606174, -000.234510, 0000.698918, 
0000000033, 1570660345.955094920,   019,  1,  0000.981515, -000.130209, 0000.140263, -000.058040, -000.078134, -000.941650, -000.327400, 0000.187859, 0000.174709, 0000.310388, -000.934417, 0000.905018,   051,  1,  0000.751516, -000.502120, 0000.427901, 0000.023549, -000.442176, 0000.097978, 0000.891561, -000.038654, -000.489595, -000.859230, -000.148393, 0000.581391,   073,  1,  -000.538247, -000.809368, 0000.234977, 0000.111221, -000.397901, 0000.489822, 0000.775725, 0000.062785, -000.742943, 0000.324034, -000.585694, 0000.866658,   080,  1,  0000.746025, -000.535297, 0000.396110, -000.157849, -000.610870, -000.786930, 0000.087055, 0000.023486, 0000.265111, -000.306917, -000.914067, 0000.799963,   087,  1,  0000.622798, 0000.782373, -000.003771, 0000.106813, 0000.185828, -000.143240, 0000.972086, -000.014862, 0000.759994, -000.606114, -000.234596, 0000.698944, 
0000000034, 1570660345.966330861,   019,  1,  0000.981545, -000.130206, 0000.140059, -000.058015, -000.078150, -000.941563, -000.327645, 0000.187798, 0000.174536, 0000.310652, -000.934362, 0000.904576,   051,  1,  0000.751758, -000.501806, 0000.427844, 0000.023551, -000.442098, 0000.097883, 0000.891610, -000.038679, -000.489294, -000.859424, -000.148263, 0000.581389,   073,  1,  -000.538521, -000.809157, 0000.235074, 0000.111229, -000.397825, 0000.490089, 0000.775595, 0000.062840, -000.742786, 0000.324156, -000.585826, 0000.866599,   080,  1,  0000.746101, -000.535457, 0000.395750, -000.157892, -000.610950, -000.786854, 0000.087186, 0000.023517, 0000.264713, -000.306834, -000.914210, 0000.800075,   087,  1,  0000.622817, 0000.782359, -000.003775, 0000.106806, 0000.185799, -000.143220, 0000.972094, -000.014753, 0000.759986, -000.606138, -000.234561, 0000.698912, 
0000000035, 1570660345.977566838,   019,  1,  0000.981446, -000.131311, 0000.139716, -000.058066, -000.079300, -000.941431, -000.327748, 0000.187958, 0000.174570, 0000.310588, -000.934377, 0000.905289,   051,  1,  0000.751405, -000.502336, 0000.427842, 0000.023543, -000.442153, 0000.097975, 0000.891573, -000.038810, -000.489787, -000.859104, -000.148490, 0000.581403,   073,  1,  -000.538396, -000.809230, 0000.235109, 0000.111244, -000.397785, 0000.490011, 0000.775665, 0000.062725, -000.742898, 0000.324092, -000.585720, 0000.866641,   080,  1,  0000.746179, -000.535408, 0000.395670, -000.157872, -000.610891, -000.786892, 0000.087259, 0000.023535, 0000.264631, -000.306822, -000.914238, 0000.799911,   087,  1,  0000.622771, 0000.782395, -000.003808, 0000.106823, 0000.185860, -000.143209, 0000.972084, -000.014908, 0000.760008, -000.606094, -000.234602, 0000.698950, 
0000000036, 1570660345.988802841,   019,  1,  0000.981593, -000.130133, 0000.139785, -000.057978, -000.078174, -000.941575, -000.327606, 0000.187703, 0000.174251, 0000.310648, -000.934417, 0000.903962,   051,  1,  0000.751573, -000.502017, 0000.427922, 0000.023543, -000.442216, 0000.097916, 0000.891548, -000.038893, -000.489473, -000.859297, -000.148409, 0000.581411,   073,  1,  -000.538130, -000.809425, 0000.235046, 0000.111236, -000.397943, 0000.489819, 0000.775705, 0000.062842, -000.743005, 0000.323895, -000.585692, 0000.866554,   080,  1,  0000.746276, -000.535393, 0000.395508, -000.157865, -000.610820, -000.786945, 0000.087268, 0000.023539, 0000.264521, -000.306710, -000.914307, 0000.799768,   087,  1,  0000.622788, 0000.782381, -000.003931, 0000.106812, 0000.185978, -000.143157, 0000.972069, -000.014761, 0000.759966, -000.606124, -000.234662, 0000.698902, 
0000000037, 1570660346.000038906,   019,  1,  0000.981611, -000.130153, 0000.139642, -000.058030, -000.078258, -000.941603, -000.327505, 0000.187872, 0000.174113, 0000.310555, -000.934473, 0000.904732,   051,  1,  0000.751364, -000.502236, 0000.428031, 0000.023539, -000.442327, 0000.098027, 0000.891481, -000.038761, -000.489692, -000.859156, -000.148499, 0000.581406,   073,  1,  -000.538341, -000.809323, 0000.234916, 0000.111255, -000.398204, 0000.489967, 0000.775478, 0000.062709, -000.742713, 0000.323927, -000.586045, 0000.866597,   080,  1,  0000.746257, -000.535428, 0000.395496, -000.157951, -000.610853, -000.786919, 0000.087270, 0000.023559, 0000.264496, -000.306716, -000.914312, 0000.800093,   087,  1,  0000.622907, 0000.782286, -000.003815, 0000.106824, 0000.185855, -000.143249, 0000.972079, -000.014852, 0000.759898, -000.606224, -000.234623, 0000.698921, 
0000000038, 1570660346.011274832,   019,  1,  0000.981613, -000.130411, 0000.139386, -000.058057, -000.078624, -000.941642, -000.327306, 0000.187950, 0000.173936, 0000.310329, -000.934581, 0000.905034,   051,  1,  0000.751398, -000.502124, 0000.428103, 0000.023537, -000.442389, 0000.098027, 0000.891450, -000.038808, -000.489584, -000.859222, -000.148476, 0000.581409,   073,  1,  -000.538321, -000.809317, 0000.234982, 0000.111265, -000.398368, 0000.490087, 0000.775318, 0000.062727, -000.742640, 0000.323761, -000.586230, 0000.866561,   080,  1,  0000.746304, -000.535540, 0000.395257, -000.157940, -000.610842, -000.786945, 0000.087117, 0000.023569, 0000.264391, -000.306455, -000.914430, 0000.799931,   087,  1,  0000.623049, 0000.782174, -000.003805, 0000.106819, 0000.185834, -000.143299, 0000.972076, -000.014758, 0000.759787, -000.606358, -000.234637, 0000.698896, 
0000000039, 1570660346.022510613,   019,  1,  0000.981644, -000.130263, 0000.139311, -000.058031, -000.078452, -000.941555, -000.327595, 0000.187890, 0000.173843, 0000.310653, -000.934491, 0000.904646,   051,  1,  0000.751313, -000.502244, 0000.428111, 0000.023522, -000.442253, 0000.098326, 0000.891484, -000.038772, -000.489837, -000.859117, -000.148245, 0000.581409,   073,  1,  -000.538429, -000.809239, 0000.235004, 0000.111279, -000.398431, 0000.490217, 0000.775203, 0000.062686, -000.742527, 0000.323759, -000.586373, 0000.866555,   080,  1,  0000.746490, -000.535505, 0000.394953, -000.157970, -000.610766, -000.786978, 0000.087353, 0000.023596, 0000.264041, -000.306432, -000.914539, 0000.799991,   087,  1,  0000.623082, 0000.782147, -000.003722, 0000.106820, 0000.185817, -000.143402, 0000.972064, -000.014780, 0000.759763, -000.606367, -000.234688, 0000.698900, 
0000000040, 1570660346.033746618,   019,  1,  0000.981562, -000.130690, 0000.139484, -000.058020, -000.078778, -000.941473, -000.327753, 0000.187880, 0000.174155, 0000.310721, -000.934410, 0000.904629,   051,  1,  0000.751253, -000.502447, 0000.427978, 0000.023519, -000.442267, 0000.098098, 0000.891503, -000.038661, -000.489917, -000.859025, -000.148519, 0000.581399,   073,  1,  -000.538364, -000.809297, 0000.234951, 0000.111280, -000.398648, 0000.490211, 0000.775095, 0000.062776, -000.742458, 0000.323621, -000.586537, 0000.866474,   080,  1,  0000.746256, -000.535815, 0000.394974, -000.157937, -000.611051, -000.786776, 0000.087182, 0000.023600, 0000.264042, -000.306409, -000.914546, 0000.799744,   087,  1,  0000.623149, 0000.782093, -000.003846, 0000.106813, 0000.185821, -000.143276, 0000.972082, -000.014703, 0000.759708, -000.606467, -000.234612, 0000.698876, 
0000000041, 1570660346.044982532,   019,  1,  0000.981726, -000.129793, 0000.139167, -000.057961, -000.078064, -000.941619, -000.327505, 0000.187714, 0000.173550, 0000.310656, -000.934544, 0000.903721,   051,  1,  0000.751188, -000.502567, 0000.427952, 0000.023507, -000.442256, 0000.098105, 0000.891507, -000.038771, -000.490027, -000.858954, -000.148568, 0000.581420,   073,  1,  -000.538269, -000.809405, 0000.234799, 0000.111286, -000.398756, 0000.490041, 0000.775147, 0000.062757, -000.742469, 0000.323610, -000.586529, 0000.866457,   080,  1,  0000.746687, -000.535533, 0000.394542, -000.157998, -000.610604, -000.787121, 0000.087192, 0000.023626, 0000.263858, -000.306014, -000.914732, 0000.799896,   087,  1,  0000.623066, 0000.782160, -000.003787, 0000.106833, 0000.185836, -000.143330, 0000.972071, -000.014889, 0000.759772, -000.606368, -000.234657, 0000.698927, 
0000000042, 1570660346.056218593,   019,  1,  0000.981755, -000.129633, 0000.139111, -000.058059, -000.077954, -000.941675, -000.327369, 0000.188031, 0000.173436, 0000.310552, -000.934600, 0000.905152,   051,  1,  0000.751421, -000.502157, 0000.428025, 0000.023507, -000.442304, 0000.098027, 0000.891492, -000.038892, -000.489627, -000.859203, -000.148447, 0000.581434,   073,  1,  -000.538289, -000.809406, 0000.234749, 0000.111288, -000.398864, 0000.490056, 0000.775082, 0000.062819, -000.742396, 0000.323586, -000.586635, 0000.866398,   080,  1,  0000.746710, -000.535658, 0000.394328, -000.157966, -000.610651, -000.787088, 0000.087160, 0000.023646, 0000.263683, -000.305880, -000.914827, 0000.799561,   087,  1,  0000.623168, 0000.782078, -000.003840, 0000.106830, 0000.185877, -000.143336, 0000.972062, -000.014828, 0000.759678, -000.606472, -000.234693, 0000.698902, 
0000000043, 1570660346.067454556,   019,  1,  0000.981746, -000.129478, 0000.139321, -000.057972, -000.077731, -000.941680, -000.327409, 0000.187801, 0000.173588, 0000.310603, -000.934555, 0000.903946,   051,  1,  0000.751159, -000.502571, 0000.427999, 0000.023500, -000.442269, 0000.098183, 0000.891492, -000.038883, -000.490060, -000.858943, -000.148521, 0000.581437,   073,  1,  -000.538226, -000.809413, 0000.234868, 0000.111326, -000.398920, 0000.490146, 0000.774997, 0000.062623, -000.742412, 0000.323430, -000.586701, 0000.866491,   080,  1,  0000.746725, -000.535877, 0000.394003, -000.158004, -000.610699, -000.787078, 0000.086922, 0000.023678, 0000.263531, -000.305524, -000.914990, 0000.799682,   087,  1,  0000.623145, 0000.782097, -000.003812, 0000.106835, 0000.185820, -000.143317, 0000.972076, -000.014841, 0000.759711, -000.606453, -000.234636, 0000.698903, 
