% Measurements merged on 10/09/19 17:24:44 Central Daylight Time
% Original files:
%    1: C:\Users\Al\Desktop\Nayo\KACEY\STROKE\RTIS2001\RTIS2001_REAL_trunkfree\2001tf_final_00000006_Series2s24.hts  (Series2s24)
%    2: C:\Users\Al\Desktop\Nayo\KACEY\STROKE\RTIS2001\RTIS2001_REAL_trunkfree\2001tf_final_00000006_Series2s25.hts  (Series2s25)
% Merge host: Al-PC
% System: MERGED
% nSharedImages: 1000
%
% Interpolated markers have status set to 2
%
% EMB001 (Marker properties) Series:2031, ID:019, Size:35, Thickness:001.846, tPu:[+000.000 +000.000 +000.000]
% EMB001 (Marker properties) Series:2031, ID:051, Size:35, Thickness:001.844, tPu:[+000.000 +000.000 +000.000]
% EMB001 (Marker properties) Series:2032, ID:073, Size:44, Thickness:002.200, tPu:[+000.000 +000.000 +000.000]
% EMB001 (Marker properties) Series:2032, ID:080, Size:44, Thickness:002.203, tPu:[+000.000 +000.000 +000.000]
% EMB001 (Marker properties) Series:2032, ID:087, Size:44, Thickness:002.251, tPu:[+000.000 +000.000 +000.000]
%
% ImageNumber,             FrameTime,           Marker,  ST, HT(1, 1),    HT(1, 2),    HT(1, 3),    HT(1, 4),    HT(2, 1),    HT(2, 2),    HT(2, 3),    HT(2, 4),    HT(3, 1),    HT(3, 2),    HT(3, 3),    HT(3, 4)
%
0000000000, 1570660277.853971167,   019,  1,  0000.979526, -000.184184, 0000.081274, -000.058675, -000.151075, -000.939332, -000.307946, 0000.183626, 0000.133062, 0000.289363, -000.947926, 0000.915650,   051,  1,  0000.758416, -000.532164, 0000.376307, 0000.016910, -000.408622, 0000.061577, 0000.910624, -000.036521, -000.507773, -000.844399, -000.170753, 0000.600308,   073,  1,  -000.508881, -000.828610, 0000.233336, 0000.111192, -000.386189, 0000.461997, 0000.798384, 0000.060831, -000.769349, 0000.316170, -000.555102, 0000.876850,   080,  1,  0000.727581, -000.567500, 0000.385447, -000.170910, -000.655073, -000.741582, 0000.144690, 0000.033828, 0000.203729, -000.357770, -000.911315, 0000.804718,   087,  1,  0000.641802, 0000.766794, -000.010802, 0000.104505, 0000.179712, -000.136694, 0000.974176, -000.012000, 0000.745516, -000.627169, -000.225533, 0000.715164, 
0000000001, 1570660277.865207390,   019,  1,  0000.979439, -000.184607, 0000.081360, -000.058718, -000.151445, -000.939249, -000.308019, 0000.183758, 0000.133280, 0000.289364, -000.947895, 0000.916233,   051,  1,  0000.758285, -000.532354, 0000.376302, 0000.016916, -000.408671, 0000.061561, 0000.910603, -000.036528, -000.507928, -000.844281, -000.170877, 0000.600307,   073,  1,  -000.508775, -000.828654, 0000.233410, 0000.111168, -000.386097, 0000.461957, 0000.798451, 0000.060968, -000.769465, 0000.316114, -000.554973, 0000.876783,   080,  1,  0000.727812, -000.567401, 0000.385157, -000.170930, -000.654875, -000.741740, 0000.144777, 0000.033821, 0000.203539, -000.357601, -000.911424, 0000.804804,   087,  1,  0000.641768, 0000.766824, -000.010738, 0000.104506, 0000.179656, -000.136715, 0000.974183, -000.012017, 0000.745559, -000.627128, -000.225504, 0000.715173, 
0000000002, 1570660277.876443389,   019,  1,  0000.979643, -000.183527, 0000.081344, -000.058728, -000.150426, -000.939438, -000.307942, 0000.183747, 0000.132933, 0000.289437, -000.947921, 0000.916178,   051,  1,  0000.758564, -000.531974, 0000.376277, 0000.016912, -000.408513, 0000.061621, 0000.910670, -000.036629, -000.507640, -000.844515, -000.170575, 0000.600320,   073,  1,  -000.508611, -000.828735, 0000.233482, 0000.111160, -000.386075, 0000.461904, 0000.798493, 0000.061041, -000.769585, 0000.315981, -000.554883, 0000.876747,   080,  1,  0000.727753, -000.567502, 0000.385120, -000.170874, -000.654973, -000.741645, 0000.144821, 0000.033803, 0000.203436, -000.357637, -000.911433, 0000.804557,   087,  1,  0000.641664, 0000.766909, -000.010886, 0000.104515, 0000.179754, -000.136570, 0000.974185, -000.012109, 0000.745625, -000.627056, -000.225487, 0000.715201, 
0000000003, 1570660277.887679323,   019,  1,  0000.979527, -000.184095, 0000.081463, -000.058698, -000.150929, -000.939344, -000.307982, 0000.183629, 0000.133219, 0000.289382, -000.947898, 0000.915614,   051,  1,  0000.758500, -000.532107, 0000.376218, 0000.016918, -000.408539, 0000.061515, 0000.910666, -000.036524, -000.507714, -000.844440, -000.170727, 0000.600311,   073,  1,  -000.508632, -000.828737, 0000.233427, 0000.111152, -000.386136, 0000.461891, 0000.798471, 0000.061042, -000.769540, 0000.315994, -000.554938, 0000.876748,   080,  1,  0000.728140, -000.567119, 0000.384952, -000.170921, -000.654513, -000.742054, 0000.144807, 0000.033801, 0000.203532, -000.357396, -000.911506, 0000.804793,   087,  1,  0000.641783, 0000.766810, -000.010859, 0000.104514, 0000.179769, -000.136662, 0000.974170, -000.012108, 0000.745519, -000.627157, -000.225556, 0000.715210, 
0000000004, 1570660277.898915469,   019,  2,  0000.979501, -000.184191, 0000.081562, -000.058691, -000.151009, -000.939371, -000.307860, 0000.183625, 0000.133322, 0000.289233, -000.947929, 0000.915583,   051,  1,  0000.758449, -000.532165, 0000.376240, 0000.016916, -000.408575, 0000.061520, 0000.910649, -000.036709, -000.507762, -000.844403, -000.170770, 0000.600337,   073,  1,  -000.508572, -000.828751, 0000.233511, 0000.111138, -000.386116, 0000.461921, 0000.798463, 0000.061105, -000.769591, 0000.315914, -000.554913, 0000.876709,   080,  1,  0000.727850, -000.567445, 0000.385019, -000.170871, -000.654853, -000.741770, 0000.144724, 0000.033778, 0000.203473, -000.357468, -000.911491, 0000.804570,   087,  1,  0000.641733, 0000.766852, -000.010811, 0000.104518, 0000.179716, -000.136660, 0000.974180, -000.012116, 0000.745574, -000.627106, -000.225515, 0000.715212, 
0000000005, 1570660277.910151145,   019,  1,  0000.979474, -000.184287, 0000.081662, -000.058685, -000.151089, -000.939398, -000.307738, 0000.183622, 0000.133425, 0000.289084, -000.947960, 0000.915553,   051,  1,  0000.758357, -000.532360, 0000.376150, 0000.016913, -000.408507, 0000.061533, 0000.910679, -000.036920, -000.507954, -000.844279, -000.170809, 0000.600359,   073,  1,  -000.508578, -000.828754, 0000.233486, 0000.111118, -000.386166, 0000.461922, 0000.798438, 0000.061256, -000.769561, 0000.315904, -000.554960, 0000.876620,   080,  1,  0000.728057, -000.567255, 0000.384908, -000.170836, -000.654626, -000.741961, 0000.144771, 0000.033754, 0000.203465, -000.357372, -000.911530, 0000.804416,   087,  1,  0000.641706, 0000.766874, -000.010838, 0000.104523, 0000.179724, -000.136621, 0000.974184, -000.012160, 0000.745596, -000.627087, -000.225496, 0000.715226, 
0000000006, 1570660277.921387220,   019,  1,  0000.979472, -000.184245, 0000.081787, -000.058757, -000.151021, -000.939428, -000.307682, 0000.183796, 0000.133522, 0000.289014, -000.947968, 0000.916409,   051,  1,  0000.758368, -000.532327, 0000.376174, 0000.016929, -000.408508, 0000.061566, 0000.910676, -000.036631, -000.507937, -000.844297, -000.170770, 0000.600324,   073,  1,  -000.508808, -000.828652, 0000.233345, 0000.111149, -000.386262, 0000.461985, 0000.798356, 0000.061057, -000.769361, 0000.316077, -000.555138, 0000.876727,   080,  1,  0000.728190, -000.567050, 0000.384960, -000.170845, -000.654432, -000.742137, 0000.144746, 0000.033746, 0000.203615, -000.357332, -000.911512, 0000.804469,   087,  1,  0000.641772, 0000.766821, -000.010724, 0000.104531, 0000.179706, -000.136777, 0000.974165, -000.012206, 0000.745543, -000.627119, -000.225581, 0000.715236, 
0000000007, 1570660277.932623021,   019,  1,  0000.979639, -000.183388, 0000.081703, -000.058688, -000.150235, -000.939580, -000.307602, 0000.183659, 0000.133177, 0000.289064, -000.948001, 0000.915685,   051,  1,  0000.758305, -000.532368, 0000.376243, 0000.016930, -000.408505, 0000.061725, 0000.910667, -000.036530, -000.508033, -000.844260, -000.170668, 0000.600308,   073,  1,  -000.508743, -000.828689, 0000.233358, 0000.111137, -000.386218, 0000.461935, 0000.798406, 0000.061143, -000.769426, 0000.316056, -000.555060, 0000.876670,   080,  1,  0000.728247, -000.567070, 0000.384821, -000.170842, -000.654393, -000.742174, 0000.144731, 0000.033730, 0000.203532, -000.357224, -000.911573, 0000.804496,   087,  1,  0000.641818, 0000.766782, -000.010720, 0000.104523, 0000.179596, -000.136707, 0000.974195, -000.012076, 0000.745530, -000.627182, -000.225452, 0000.715197, 
0000000008, 1570660277.943859034,   019,  1,  0000.979573, -000.183670, 0000.081868, -000.058696, -000.150423, -000.939471, -000.307844, 0000.183633, 0000.133455, 0000.289240, -000.947908, 0000.915648,   051,  1,  0000.758326, -000.532450, 0000.376083, 0000.016937, -000.408563, 0000.061343, 0000.910666, -000.036392, -000.507954, -000.844236, -000.171021, 0000.600287,   073,  1,  -000.508778, -000.828687, 0000.233287, 0000.111155, -000.386264, 0000.461910, 0000.798398, 0000.061013, -000.769380, 0000.316096, -000.555102, 0000.876743,   080,  1,  0000.727907, -000.567347, 0000.385057, -000.170898, -000.654742, -000.741891, 0000.144606, 0000.033724, 0000.203629, -000.357373, -000.911493, 0000.804797,   087,  1,  0000.641842, 0000.766763, -000.010669, 0000.104520, 0000.179620, -000.136802, 0000.974178, -000.012016, 0000.745504, -000.627184, -000.225531, 0000.715181, 
0000000009, 1570660277.955094833,   019,  1,  0000.979594, -000.183625, 0000.081711, -000.058738, -000.150458, -000.939541, -000.307612, 0000.183776, 0000.133256, 0000.289041, -000.947997, 0000.916307,   051,  1,  0000.758489, -000.532097, 0000.376254, 0000.016930, -000.408577, 0000.061518, 0000.910648, -000.036566, -000.507700, -000.844445, -000.170742, 0000.600304,   073,  1,  -000.508844, -000.828632, 0000.233339, 0000.111152, -000.386206, 0000.461981, 0000.798385, 0000.061066, -000.769365, 0000.316136, -000.555099, 0000.876713,   080,  1,  0000.728099, -000.567104, 0000.385052, -000.170880, -000.654498, -000.742101, 0000.144630, 0000.033713, 0000.203727, -000.357321, -000.911492, 0000.804705,   087,  1,  0000.641855, 0000.766751, -000.010733, 0000.104532, 0000.179640, -000.136741, 0000.974182, -000.012138, 0000.745488, -000.627212, -000.225507, 0000.715213, 
0000000010, 1570660277.966330754,   019,  1,  0000.979465, -000.184189, 0000.081998, -000.058672, -000.150892, -000.939418, -000.307775, 0000.183547, 0000.133719, 0000.289082, -000.947919, 0000.915223,   051,  1,  0000.758377, -000.532264, 0000.376243, 0000.016935, -000.408637, 0000.061466, 0000.910625, -000.036576, -000.507819, -000.844344, -000.170888, 0000.600302,   073,  1,  -000.508866, -000.828635, 0000.233279, 0000.111153, -000.386337, 0000.461994, 0000.798314, 0000.061044, -000.769285, 0000.316111, -000.555225, 0000.876720,   080,  1,  0000.727886, -000.567343, 0000.385102, -000.170897, -000.654732, -000.741921, 0000.144497, 0000.033699, 0000.203736, -000.357316, -000.911492, 0000.804832,   087,  1,  0000.641756, 0000.766834, -000.010742, 0000.104537, 0000.179655, -000.136704, 0000.974185, -000.012162, 0000.745569, -000.627119, -000.225496, 0000.715215, 
0000000011, 1570660277.977567062,   019,  1,  0000.979536, -000.183725, 0000.082186, -000.058715, -000.150383, -000.939478, -000.307840, 0000.183669, 0000.133770, 0000.289181, -000.947882, 0000.915870,   051,  1,  0000.758661, -000.531819, 0000.376300, 0000.016930, -000.408578, 0000.061496, 0000.910649, -000.036602, -000.507441, -000.844622, -000.170635, 0000.600307,   073,  1,  -000.508601, -000.828804, 0000.233259, 0000.111148, -000.386416, 0000.461822, 0000.798375, 0000.061071, -000.769420, 0000.315919, -000.555146, 0000.876698,   080,  1,  0000.728216, -000.566946, 0000.385063, -000.170842, -000.654355, -000.742214, 0000.144695, 0000.033672, 0000.203765, -000.357337, -000.911477, 0000.804604,   087,  1,  0000.641863, 0000.766744, -000.010737, 0000.104520, 0000.179661, -000.136758, 0000.974176, -000.012015, 0000.745475, -000.627217, -000.225534, 0000.715172, 
0000000012, 1570660277.988802806,   019,  1,  0000.979468, -000.184071, 0000.082219, -000.058726, -000.150690, -000.939394, -000.307948, 0000.183704, 0000.133920, 0000.289236, -000.947844, 0000.916043,   051,  1,  0000.758426, -000.532177, 0000.376268, 0000.016935, -000.408697, 0000.061380, 0000.910604, -000.036547, -000.507698, -000.844405, -000.170947, 0000.600302,   073,  1,  -000.509021, -000.828584, 0000.233123, 0000.111143, -000.386368, 0000.461963, 0000.798317, 0000.061081, -000.769167, 0000.316289, -000.555287, 0000.876686,   080,  1,  0000.727955, -000.567203, 0000.385179, -000.170903, -000.654676, -000.741922, 0000.144748, 0000.033675, 0000.203671, -000.357537, -000.911419, 0000.804898,   087,  1,  0000.641787, 0000.766808, -000.010750, 0000.104545, 0000.179705, -000.136749, 0000.974169, -000.012269, 0000.745530, -000.627141, -000.225563, 0000.715242, 
0000000013, 1570660278.000038490,   019,  1,  0000.979489, -000.184048, 0000.082027, -000.058754, -000.150734, -000.939412, -000.307871, 0000.183796, 0000.133720, 0000.289192, -000.947886, 0000.916605,   051,  1,  0000.758612, -000.531968, 0000.376189, 0000.016927, -000.408462, 0000.061528, 0000.910699, -000.036635, -000.507609, -000.844526, -000.170613, 0000.600305,   073,  1,  -000.508964, -000.828553, 0000.233356, 0000.111159, -000.386216, 0000.462086, 0000.798319, 0000.060963, -000.769281, 0000.316190, -000.555185, 0000.876756,   080,  1,  0000.727788, -000.567287, 0000.385370, -000.170823, -000.654819, -000.741812, 0000.144665, 0000.033643, 0000.203806, -000.357633, -000.911352, 0000.804536,   087,  1,  0000.641841, 0000.766762, -000.010778, 0000.104530, 0000.179718, -000.136745, 0000.974168, -000.012119, 0000.745481, -000.627198, -000.225569, 0000.715197, 
0000000014, 1570660278.011274555,   019,  1,  0000.979513, -000.183825, 0000.082233, -000.058678, -000.150483, -000.939502, -000.307720, 0000.183577, 0000.133824, 0000.289041, -000.947917, 0000.915488,   051,  1,  0000.758398, -000.532319, 0000.376125, 0000.016932, -000.408558, 0000.061381, 0000.910666, -000.036480, -000.507852, -000.844316, -000.170932, 0000.600287,   073,  1,  -000.508808, -000.828645, 0000.233370, 0000.111154, -000.386124, 0000.461953, 0000.798441, 0000.061025, -000.769430, 0000.316144, -000.555005, 0000.876722,   080,  1,  0000.727775, -000.567192, 0000.385534, -000.170841, -000.654799, -000.741820, 0000.144713, 0000.033643, 0000.203917, -000.357766, -000.911275, 0000.804653,   087,  1,  0000.641901, 0000.766711, -000.010799, 0000.104536, 0000.179704, -000.136729, 0000.974172, -000.012165, 0000.745432, -000.627263, -000.225548, 0000.715206, 
0000000015, 1570660278.022510757,   019,  1,  0000.979329, -000.184730, 0000.082393, -000.058735, -000.151280, -000.939321, -000.307882, 0000.183808, 0000.134269, 0000.289053, -000.947850, 0000.916658,   051,  1,  0000.758356, -000.532321, 0000.376204, 0000.016928, -000.408514, 0000.061615, 0000.910670, -000.036767, -000.507949, -000.844297, -000.170735, 0000.600320,   073,  1,  -000.508805, -000.828657, 0000.233337, 0000.111186, -000.386135, 0000.461923, 0000.798453, 0000.060834, -000.769427, 0000.316157, -000.555002, 0000.876828,   080,  1,  0000.727776, -000.567183, 0000.385545, -000.170825, -000.654807, -000.741801, 0000.144773, 0000.033629, 0000.203884, -000.357820, -000.911261, 0000.804636,   087,  1,  0000.641662, 0000.766911, -000.010813, 0000.104545, 0000.179723, -000.136635, 0000.974182, -000.012236, 0000.745633, -000.627039, -000.225505, 0000.715231, 
0000000016, 1570660278.033746652,   019,  1,  0000.979403, -000.184447, 0000.082157, -000.058730, -000.151071, -000.939338, -000.307931, 0000.183761, 0000.133970, 0000.289177, -000.947855, 0000.916482,   051,  1,  0000.758505, -000.532116, 0000.376195, 0000.016946, -000.408585, 0000.061395, 0000.910653, -000.036529, -000.507669, -000.844443, -000.170846, 0000.600296,   073,  1,  -000.508580, -000.828783, 0000.233378, 0000.111194, -000.386180, 0000.461825, 0000.798487, 0000.060822, -000.769553, 0000.315968, -000.554935, 0000.876834,   080,  1,  0000.727985, -000.566738, 0000.385806, -000.170776, -000.654473, -000.742083, 0000.144839, 0000.033605, 0000.204215, -000.357940, -000.911140, 0000.804433,   087,  1,  0000.641682, 0000.766894, -000.010819, 0000.104543, 0000.179672, -000.136594, 0000.974197, -000.012115, 0000.745628, -000.627069, -000.225439, 0000.715190, 
0000000017, 1570660278.044982650,   019,  1,  0000.979557, -000.183395, 0000.082666, -000.058716, -000.149929, -000.939558, -000.307819, 0000.183727, 0000.134122, 0000.289132, -000.947847, 0000.916411,   051,  1,  0000.758467, -000.532193, 0000.376163, 0000.016949, -000.408560, 0000.061403, 0000.910664, -000.036462, -000.507747, -000.844393, -000.170860, 0000.600285,   073,  1,  -000.508667, -000.828733, 0000.233366, 0000.111179, -000.386273, 0000.461912, 0000.798392, 0000.060970, -000.769449, 0000.315973, -000.555076, 0000.876747,   080,  1,  0000.727762, -000.566826, 0000.386098, -000.170786, -000.654687, -000.741887, 0000.144873, 0000.033587, 0000.204323, -000.358207, -000.911010, 0000.804509,   087,  1,  0000.641770, 0000.766823, -000.010655, 0000.104554, 0000.179601, -000.136776, 0000.974185, -000.012160, 0000.745570, -000.627116, -000.225500, 0000.715209, 
0000000018, 1570660278.056218688,   019,  2,  0000.979484, -000.183870, 0000.082482, -000.058702, -000.150416, -000.939429, -000.307975, 0000.183731, 0000.134113, 0000.289249, -000.947812, 0000.916420,   051,  1,  0000.758457, -000.532274, 0000.376069, 0000.016949, -000.408445, 0000.061439, 0000.910713, -000.036626, -000.507854, -000.844340, -000.170805, 0000.600306,   073,  1,  -000.508796, -000.828646, 0000.233394, 0000.111198, -000.386173, 0000.461988, 0000.798397, 0000.060909, -000.769413, 0000.316091, -000.555058, 0000.876777,   080,  1,  0000.727639, -000.566857, 0000.386283, -000.170765, -000.654785, -000.741808, 0000.144838, 0000.033580, 0000.204446, -000.358322, -000.910938, 0000.804486,   087,  1,  0000.641768, 0000.766825, -000.010639, 0000.104556, 0000.179627, -000.136817, 0000.974174, -000.012112, 0000.745566, -000.627105, -000.225547, 0000.715193, 
0000000019, 1570660278.067454296,   019,  1,  0000.979410, -000.184345, 0000.082298, -000.058689, -000.150904, -000.939300, -000.308130, 0000.183735, 0000.134104, 0000.289367, -000.947778, 0000.916429,   051,  1,  0000.758435, -000.532310, 0000.376062, 0000.016951, -000.408447, 0000.061438, 0000.910712, -000.036571, -000.507886, -000.844317, -000.170824, 0000.600300,   073,  1,  -000.508754, -000.828733, 0000.233175, 0000.111196, -000.386406, 0000.461844, 0000.798368, 0000.060990, -000.769324, 0000.316073, -000.555192, 0000.876729,   080,  1,  0000.727638, -000.566807, 0000.386359, -000.170747, -000.654774, -000.741809, 0000.144879, 0000.033559, 0000.204486, -000.358397, -000.910899, 0000.804458,   087,  1,  0000.641883, 0000.766730, -000.010558, 0000.104557, 0000.179434, -000.136801, 0000.974212, -000.012090, 0000.745513, -000.627224, -000.225388, 0000.715189, 
0000000020, 1570660278.078690750,   019,  1,  0000.979411, -000.184284, 0000.082418, -000.058707, -000.150796, -000.939286, -000.308225, 0000.183763, 0000.134215, 0000.289450, -000.947737, 0000.916641,   051,  1,  0000.758404, -000.532200, 0000.376279, 0000.016964, -000.408705, 0000.061397, 0000.910599, -000.036536, -000.507723, -000.844389, -000.170949, 0000.600297,   073,  1,  -000.508592, -000.828800, 0000.233293, 0000.111193, -000.386215, 0000.461766, 0000.798505, 0000.061042, -000.769528, 0000.316012, -000.554945, 0000.876691,   080,  1,  0000.727622, -000.566757, 0000.386461, -000.170734, -000.654728, -000.741882, 0000.144717, 0000.033535, 0000.204689, -000.358326, -000.910881, 0000.804445,   087,  1,  0000.641761, 0000.766832, -000.010580, 0000.104575, 0000.179542, -000.136818, 0000.974190, -000.012166, 0000.745592, -000.627097, -000.225483, 0000.715212, 
0000000021, 1570660278.089926423,   019,  1,  0000.979400, -000.184164, 0000.082825, -000.058637, -000.150610, -000.939427, -000.307886, 0000.183566, 0000.134509, 0000.289069, -000.947811, 0000.915716,   051,  1,  0000.758259, -000.532574, 0000.376044, 0000.016968, -000.408593, 0000.061266, 0000.910658, -000.036470, -000.508031, -000.844163, -000.171150, 0000.600296,   073,  1,  -000.508742, -000.828753, 0000.233132, 0000.111221, -000.386257, 0000.461733, 0000.798504, 0000.060872, -000.769407, 0000.316183, -000.555014, 0000.876791,   080,  1,  0000.727329, -000.566863, 0000.386858, -000.170710, -000.655003, -000.741632, 0000.144753, 0000.033515, 0000.204851, -000.358676, -000.910707, 0000.804403,   087,  1,  0000.641867, 0000.766743, -000.010560, 0000.104579, 0000.179435, -000.136794, 0000.974213, -000.012135, 0000.745526, -000.627210, -000.225384, 0000.715210, 
0000000022, 1570660278.101162594,   019,  1,  0000.979434, -000.183910, 0000.082983, -000.058627, -000.150315, -000.939462, -000.307923, 0000.183564, 0000.134589, 0000.289116, -000.947786, 0000.915714,   051,  1,  0000.758459, -000.532320, 0000.375999, 0000.016980, -000.408463, 0000.061288, 0000.910715, -000.036439, -000.507836, -000.844322, -000.170949, 0000.600295,   073,  1,  -000.508820, -000.828694, 0000.233172, 0000.111216, -000.386257, 0000.461825, 0000.798450, 0000.060975, -000.769355, 0000.316203, -000.555075, 0000.876729,   080,  1,  0000.727389, -000.566742, 0000.386922, -000.170732, -000.654875, -000.741771, 0000.144619, 0000.033501, 0000.205046, -000.358580, -000.910701, 0000.804551,   087,  1,  0000.641768, 0000.766824, -000.010681, 0000.104579, 0000.179522, -000.136675, 0000.974213, -000.012066, 0000.745591, -000.627137, -000.225375, 0000.715188, 
0000000023, 1570660278.112398338,   019,  1,  0000.979268, -000.184799, 0000.082963, -000.058686, -000.151148, -000.939270, -000.308101, 0000.183809, 0000.134862, 0000.289174, -000.947729, 0000.916959,   051,  1,  0000.758513, -000.532249, 0000.375991, 0000.016969, -000.408479, 0000.061218, 0000.910713, -000.036815, -000.507744, -000.844371, -000.170978, 0000.600345,   073,  1,  -000.508861, -000.828659, 0000.233204, 0000.111223, -000.386279, 0000.461894, 0000.798400, 0000.060922, -000.769317, 0000.316193, -000.555133, 0000.876768,   080,  1,  0000.727512, -000.566533, 0000.386997, -000.170735, -000.654725, -000.741874, 0000.144766, 0000.033481, 0000.205088, -000.358696, -000.910646, 0000.804624,   087,  1,  0000.641803, 0000.766796, -000.010654, 0000.104593, 0000.179518, -000.136720, 0000.974208, -000.012168, 0000.745562, -000.627162, -000.225401, 0000.715227, 
0000000024, 1570660278.123634391,   019,  1,  0000.979272, -000.184822, 0000.082863, -000.058686, -000.151212, -000.939287, -000.308018, 0000.183766, 0000.134760, 0000.289103, -000.947765, 0000.916730,   051,  1,  0000.758432, -000.532387, 0000.375958, 0000.016978, -000.408521, 0000.061138, 0000.910699, -000.036815, -000.507830, -000.844290, -000.171122, 0000.600351,   073,  1,  -000.509019, -000.828581, 0000.233137, 0000.111224, -000.386302, 0000.461948, 0000.798357, 0000.060922, -000.769201, 0000.316318, -000.555223, 0000.876775,   080,  1,  0000.727268, -000.566769, 0000.387110, -000.170704, -000.655017, -000.741613, 0000.144789, 0000.033461, 0000.205024, -000.358864, -000.910594, 0000.804567,   087,  1,  0000.641666, 0000.766910, -000.010677, 0000.104586, 0000.179457, -000.136587, 0000.974238, -000.012066, 0000.745694, -000.627051, -000.225271, 0000.715200, 
0000000025, 1570660278.134870166,   019,  1,  0000.979400, -000.183982, 0000.083224, -000.058643, -000.150307, -000.939446, -000.307975, 0000.183667, 0000.134846, 0000.289122, -000.947747, 0000.916309,   051,  1,  0000.758343, -000.532443, 0000.376058, 0000.016979, -000.408558, 0000.061299, 0000.910672, -000.036639, -000.507933, -000.844243, -000.171049, 0000.600337,   073,  1,  -000.508960, -000.828597, 0000.233210, 0000.111222, -000.386280, 0000.461969, 0000.798356, 0000.060906, -000.769251, 0000.316247, -000.555194, 0000.876791,   080,  1,  0000.727436, -000.566626, 0000.387004, -000.170727, -000.654816, -000.741800, 0000.144737, 0000.033448, 0000.205068, -000.358703, -000.910648, 0000.804720,   087,  1,  0000.641885, 0000.766726, -000.010706, 0000.104594, 0000.179522, -000.136689, 0000.974212, -000.012168, 0000.745490, -000.627254, -000.225382, 0000.715239, 
0000000026, 1570660278.146106125,   019,  1,  0000.979392, -000.184271, 0000.082678, -000.058630, -000.150722, -000.939330, -000.308126, 0000.183587, 0000.134441, 0000.289315, -000.947746, 0000.915934,   051,  1,  0000.758281, -000.532511, 0000.376087, 0000.016993, -000.408623, 0000.061276, 0000.910644, -000.036238, -000.507973, -000.844202, -000.171131, 0000.600298,   073,  1,  -000.508774, -000.828674, 0000.233342, 0000.111232, -000.386264, 0000.461960, 0000.798369, 0000.060813, -000.769382, 0000.316058, -000.555120, 0000.876854,   080,  1,  0000.727367, -000.566784, 0000.386901, -000.170681, -000.654908, -000.741742, 0000.144614, 0000.033417, 0000.205016, -000.358572, -000.910711, 0000.804618,   087,  1,  0000.641644, 0000.766928, -000.010735, 0000.104598, 0000.179512, -000.136550, 0000.974233, -000.012172, 0000.745700, -000.627038, -000.225289, 0000.715246, 
0000000027, 1570660278.157342214,   019,  1,  0000.979327, -000.184407, 0000.083147, -000.058684, -000.150698, -000.939294, -000.308247, 0000.183743, 0000.134943, 0000.289345, -000.947666, 0000.916761,   051,  1,  0000.758692, -000.532027, 0000.375944, 0000.016979, -000.408452, 0000.061080, 0000.910734, -000.036598, -000.507498, -000.844521, -000.170967, 0000.600347,   073,  1,  -000.508676, -000.828728, 0000.233362, 0000.111223, -000.386253, 0000.461907, 0000.798405, 0000.060843, -000.769453, 0000.315993, -000.555060, 0000.876849,   080,  1,  0000.727637, -000.566443, 0000.386893, -000.170659, -000.654552, -000.742061, 0000.144592, 0000.033390, 0000.205195, -000.358453, -000.910718, 0000.804584,   087,  1,  0000.641765, 0000.766826, -000.010720, 0000.104604, 0000.179428, -000.136546, 0000.974249, -000.012250, 0000.745616, -000.627162, -000.225221, 0000.715280, 
0000000028, 1570660278.168578059,   019,  1,  0000.979239, -000.184877, 0000.083140, -000.058658, -000.151141, -000.939201, -000.308313, 0000.183665, 0000.135085, 0000.289346, -000.947645, 0000.916436,   051,  1,  0000.758321, -000.532453, 0000.376090, 0000.016971, -000.408629, 0000.061248, 0000.910643, -000.036813, -000.507909, -000.844241, -000.171130, 0000.600382,   073,  1,  -000.508570, -000.828801, 0000.233336, 0000.111200, -000.386213, 0000.461791, 0000.798491, 0000.061030, -000.769543, 0000.315972, -000.554947, 0000.876743,   080,  1,  0000.727170, -000.566845, 0000.387182, -000.170612, -000.655025, -000.741690, 0000.144355, 0000.033346, 0000.205342, -000.358585, -000.910633, 0000.804478,   087,  1,  0000.641836, 0000.766768, -000.010619, 0000.104587, 0000.179400, -000.136677, 0000.974236, -000.012073, 0000.745562, -000.627205, -000.225282, 0000.715236, 
0000000029, 1570660278.179814072,   019,  1,  0000.979401, -000.183969, 0000.083246, -000.058624, -000.150214, -000.939290, -000.308496, 0000.183536, 0000.134946, 0000.289637, -000.947576, 0000.915867,   051,  1,  0000.758555, -000.532099, 0000.376118, 0000.016976, -000.408569, 0000.061262, 0000.910669, -000.036672, -000.507608, -000.844463, -000.170929, 0000.600371,   073,  1,  -000.508723, -000.828681, 0000.233429, 0000.111241, -000.386127, 0000.461952, 0000.798440, 0000.060739, -000.769485, 0000.316052, -000.554981, 0000.876929,   080,  1,  0000.727287, -000.566656, 0000.387239, -000.170746, -000.654899, -000.741763, 0000.144549, 0000.033351, 0000.205330, -000.358731, -000.910578, 0000.805142,   087,  1,  0000.641863, 0000.766747, -000.010527, 0000.104592, 0000.179412, -000.136815, 0000.974214, -000.012171, 0000.745536, -000.627200, -000.225380, 0000.715270, 
0000000030, 1570660278.191050100,   019,  1,  0000.979352, -000.184293, 0000.083100, -000.058622, -000.150559, -000.939216, -000.308553, 0000.183588, 0000.134913, 0000.289670, -000.947570, 0000.916128,   051,  1,  0000.758503, -000.532246, 0000.376015, 0000.016985, -000.408570, 0000.061113, 0000.910679, -000.036352, -000.507684, -000.844381, -000.171106, 0000.600335,   073,  1,  -000.508884, -000.828600, 0000.233364, 0000.111217, -000.386020, 0000.461958, 0000.798488, 0000.060934, -000.769432, 0000.316255, -000.554939, 0000.876830,   080,  1,  0000.727282, -000.566585, 0000.387353, -000.170652, -000.654867, -000.741796, 0000.144527, 0000.033305, 0000.205450, -000.358777, -000.910533, 0000.804780,   087,  1,  0000.641724, 0000.766862, -000.010594, 0000.104595, 0000.179437, -000.136698, 0000.974226, -000.012192, 0000.745649, -000.627085, -000.225326, 0000.715278, 
0000000031, 1570660278.202285757,   019,  1,  0000.979442, -000.183551, 0000.083680, -000.058623, -000.149724, -000.939456, -000.308228, 0000.183592, 0000.135189, 0000.289363, -000.947625, 0000.916226,   051,  1,  0000.758566, -000.532109, 0000.376082, 0000.016977, -000.408597, 0000.061146, 0000.910664, -000.036733, -000.507568, -000.844465, -000.171035, 0000.600388,   073,  1,  -000.508713, -000.828718, 0000.233320, 0000.111239, -000.386015, 0000.461794, 0000.798586, 0000.060732, -000.769548, 0000.316186, -000.554818, 0000.876953,   080,  1,  0000.727256, -000.566390, 0000.387686, -000.170625, -000.654775, -000.741902, 0000.144402, 0000.033274, 0000.205837, -000.358864, -000.910411, 0000.804744,   087,  1,  0000.641771, 0000.766824, -000.010499, 0000.104589, 0000.179416, -000.136818, 0000.974213, -000.012140, 0000.745614, -000.627105, -000.225387, 0000.715273, 
0000000032, 1570660278.213522323,   019,  1,  0000.979182, -000.184928, 0000.083689, -000.058611, -000.151019, -000.939197, -000.308385, 0000.183570, 0000.135630, 0000.289327, -000.947573, 0000.916141,   051,  1,  0000.758320, -000.532503, 0000.376021, 0000.016988, -000.408562, 0000.061244, 0000.910674, -000.036582, -000.507965, -000.844210, -000.171118, 0000.600369,   073,  1,  -000.508819, -000.828625, 0000.233417, 0000.111213, -000.385945, 0000.461932, 0000.798540, 0000.060954, -000.769513, 0000.316226, -000.554843, 0000.876830,   080,  1,  0000.727157, -000.566258, 0000.388065, -000.170639, -000.654813, -000.741850, 0000.144494, 0000.033250, 0000.206065, -000.359180, -000.910235, 0000.804894,   087,  1,  0000.641788, 0000.766809, -000.010567, 0000.104592, 0000.179436, -000.136755, 0000.974218, -000.012088, 0000.745594, -000.627138, -000.225361, 0000.715259, 
0000000033, 1570660278.224757797,   019,  1,  0000.979105, -000.185285, 0000.083800, -000.058651, -000.151347, -000.939184, -000.308264, 0000.183685, 0000.135820, 0000.289140, -000.947603, 0000.916847,   051,  1,  0000.758401, -000.532410, 0000.375989, 0000.016989, -000.408531, 0000.061192, 0000.910691, -000.036731, -000.507869, -000.844272, -000.171098, 0000.600393,   073,  1,  -000.508910, -000.828668, 0000.233065, 0000.111229, -000.386237, 0000.461776, 0000.798488, 0000.060818, -000.769306, 0000.316341, -000.555065, 0000.876908,   080,  1,  0000.727165, -000.566120, 0000.388251, -000.170576, -000.654702, -000.741987, 0000.144294, 0000.033206, 0000.206389, -000.359114, -000.910187, 0000.804742,   087,  1,  0000.641763, 0000.766830, -000.010556, 0000.104612, 0000.179389, -000.136720, 0000.974232, -000.012222, 0000.745627, -000.627120, -000.225303, 0000.715302, 
0000000034, 1570660278.235993827,   019,  1,  0000.979231, -000.184670, 0000.083682, -000.058600, -000.150757, -000.939201, -000.308504, 0000.183590, 0000.135566, 0000.289481, -000.947535, 0000.916354,   051,  1,  0000.758557, -000.532157, 0000.376033, 0000.017001, -000.408490, 0000.061246, 0000.910706, -000.036763, -000.507669, -000.844428, -000.170923, 0000.600397,   073,  1,  -000.508787, -000.828735, 0000.233095, 0000.111242, -000.386405, 0000.461789, 0000.798399, 0000.060766, -000.769303, 0000.316146, -000.555180, 0000.876945,   080,  1,  0000.727096, -000.566073, 0000.388448, -000.170568, -000.654712, -000.741996, 0000.144201, 0000.033180, 0000.206598, -000.359170, -000.910118, 0000.804786,   087,  1,  0000.641761, 0000.766830, -000.010702, 0000.104600, 0000.179416, -000.136557, 0000.974250, -000.012035, 0000.745622, -000.627156, -000.225218, 0000.715248, 
0000000035, 1570660278.247229800,   019,  2,  0000.979244, -000.184488, 0000.083936, -000.058611, -000.150491, -000.939203, -000.308625, 0000.183601, 0000.135770, 0000.289588, -000.947473, 0000.916538,   051,  1,  0000.758545, -000.532298, 0000.375856, 0000.016997, -000.408374, 0000.061143, 0000.910765, -000.036758, -000.507779, -000.844346, -000.170997, 0000.600402,   073,  1,  -000.508834, -000.828720, 0000.233047, 0000.111256, -000.386488, 0000.461809, 0000.798348, 0000.060642, -000.769230, 0000.316157, -000.555275, 0000.877016,   080,  1,  0000.727208, -000.565917, 0000.388468, -000.170519, -000.654597, -000.742066, 0000.144363, 0000.033134, 0000.206571, -000.359272, -000.910084, 0000.804654,   087,  1,  0000.641814, 0000.766787, -000.010617, 0000.104618, 0000.179340, -000.136621, 0000.974254, -000.012160, 0000.745595, -000.627194, -000.225201, 0000.715290, 
0000000036, 1570660278.258465699,   019,  1,  0000.979257, -000.184306, 0000.084189, -000.058621, -000.150225, -000.939206, -000.308747, 0000.183612, 0000.135975, 0000.289695, -000.947411, 0000.916721,   051,  1,  0000.758575, -000.532242, 0000.375875, 0000.017001, -000.408397, 0000.061120, 0000.910756, -000.036905, -000.507716, -000.844383, -000.171002, 0000.600421,   073,  1,  -000.508920, -000.828646, 0000.233122, 0000.111243, -000.386341, 0000.461881, 0000.798377, 0000.060811, -000.769247, 0000.316245, -000.555201, 0000.876923,   080,  1,  0000.727041, -000.566065, 0000.388564, -000.170574, -000.654730, -000.741998, 0000.144110, 0000.033118, 0000.206738, -000.359179, -000.910083, 0000.805027,   087,  1,  0000.641843, 0000.766763, -000.010597, 0000.104629, 0000.179327, -000.136648, 0000.974253, -000.012235, 0000.745573, -000.627218, -000.225208, 0000.715315, 
0000000037, 1570660278.269701617,   019,  1,  0000.979335, -000.183957, 0000.084046, -000.058561, -000.149914, -000.939217, -000.308864, 0000.183450, 0000.135755, 0000.289881, -000.947386, 0000.915896,   051,  1,  0000.758371, -000.532517, 0000.375898, 0000.017005, -000.408480, 0000.061140, 0000.910717, -000.036740, -000.507955, -000.844208, -000.171156, 0000.600408,   073,  1,  -000.508926, -000.828687, 0000.232966, 0000.111233, -000.386473, 0000.461789, 0000.798367, 0000.060855, -000.769177, 0000.316275, -000.555281, 0000.876906,   080,  1,  0000.726979, -000.566008, 0000.388764, -000.170541, -000.654735, -000.742007, 0000.144038, 0000.033083, 0000.206939, -000.359250, -000.910009, 0000.804941,   087,  1,  0000.641751, 0000.766840, -000.010560, 0000.104619, 0000.179312, -000.136646, 0000.974256, -000.012115, 0000.745656, -000.627123, -000.225197, 0000.715287, 
0000000038, 1570660278.280937598,   019,  1,  0000.979123, -000.184983, 0000.084262, -000.058603, -000.150837, -000.939074, -000.308851, 0000.183605, 0000.136260, 0000.289693, -000.947371, 0000.916729,   051,  1,  0000.758423, -000.532439, 0000.375903, 0000.017010, -000.408403, 0000.061246, 0000.910745, -000.036550, -000.507939, -000.844250, -000.171000, 0000.600387,   073,  1,  -000.509267, -000.828537, 0000.232752, 0000.111252, -000.386406, 0000.461793, 0000.798397, 0000.060744, -000.768985, 0000.316660, -000.555327, 0000.876985,   080,  1,  0000.726977, -000.565940, 0000.388866, -000.170575, -000.654708, -000.742032, 0000.144039, 0000.033068, 0000.207034, -000.359307, -000.909965, 0000.805195,   087,  1,  0000.641851, 0000.766757, -000.010591, 0000.104611, 0000.179301, -000.136635, 0000.974260, -000.012006, 0000.745573, -000.627228, -000.225179, 0000.715255, 
0000000039, 1570660278.292173562,   019,  2,  0000.979188, -000.184582, 0000.084383, -000.058590, -000.150416, -000.939138, -000.308861, 0000.183572, 0000.136258, 0000.289740, -000.947357, 0000.916581,   051,  1,  0000.758321, -000.532542, 0000.375963, 0000.017011, -000.408494, 0000.061256, 0000.910703, -000.036517, -000.508018, -000.844184, -000.171088, 0000.600386,   073,  1,  -000.508922, -000.828742, 0000.232778, 0000.111238, -000.386440, 0000.461592, 0000.798497, 0000.060858, -000.769196, 0000.316418, -000.555173, 0000.876929,   080,  1,  0000.726961, -000.565956, 0000.388872, -000.170495, -000.654703, -000.742056, 0000.143937, 0000.033038, 0000.207103, -000.359232, -000.909978, 0000.804918,   087,  1,  0000.641753, 0000.766838, -000.010608, 0000.104611, 0000.179330, -000.136601, 0000.974259, -000.012035, 0000.745650, -000.627136, -000.225181, 0000.715271, 
0000000040, 1570660278.303409332,   019,  1,  0000.979253, -000.184182, 0000.084504, -000.058577, -000.149995, -000.939202, -000.308871, 0000.183540, 0000.136255, 0000.289788, -000.947342, 0000.916433,   051,  1,  0000.758493, -000.532386, 0000.375836, 0000.017010, -000.408371, 0000.061144, 0000.910766, -000.036607, -000.507859, -000.844290, -000.171034, 0000.600405,   073,  1,  -000.509167, -000.828582, 0000.232812, 0000.111237, -000.386351, 0000.461758, 0000.798444, 0000.060869, -000.769079, 0000.316594, -000.555235, 0000.876939,   080,  1,  0000.727140, -000.565637, 0000.389003, -000.170535, -000.654452, -000.742257, 0000.144036, 0000.033029, 0000.207268, -000.359318, -000.909907, 0000.805190,   087,  1,  0000.641819, 0000.766782, -000.010649, 0000.104630, 0000.179320, -000.136566, 0000.974266, -000.012241, 0000.745595, -000.627212, -000.225150, 0000.715335, 
0000000041, 1570660278.314645499,   019,  1,  0000.979048, -000.185191, 0000.084672, -000.058602, -000.150916, -000.939061, -000.308851, 0000.183623, 0000.136709, 0000.289602, -000.947334, 0000.916821,   051,  1,  0000.758659, -000.532016, 0000.376026, 0000.017008, -000.408421, 0000.061290, 0000.910734, -000.036526, -000.507571, -000.844513, -000.170788, 0000.600403,   073,  1,  -000.509169, -000.828551, 0000.232918, 0000.111221, -000.386257, 0000.461822, 0000.798452, 0000.060969, -000.769125, 0000.316581, -000.555179, 0000.876900,   080,  1,  0000.727142, -000.565642, 0000.388990, -000.170473, -000.654388, -000.742369, 0000.143752, 0000.032996, 0000.207462, -000.359079, -000.909957, 0000.804975,   087,  1,  0000.641846, 0000.766759, -000.010662, 0000.104629, 0000.179327, -000.136565, 0000.974265, -000.012273, 0000.745570, -000.627240, -000.225155, 0000.715352, 
0000000042, 1570660278.325881699,   019,  1,  0000.979409, -000.183454, 0000.084282, -000.058606, -000.149372, -000.939324, -000.308801, 0000.183712, 0000.135819, 0000.289853, -000.947385, 0000.917252,   051,  1,  0000.758531, -000.532174, 0000.376059, 0000.017014, -000.408527, 0000.061244, 0000.910689, -000.036442, -000.507677, -000.844417, -000.170952, 0000.600394,   073,  1,  -000.509120, -000.828598, 0000.232857, 0000.111232, -000.386221, 0000.461715, 0000.798531, 0000.060839, -000.769175, 0000.316614, -000.555090, 0000.876989,   080,  1,  0000.726914, -000.565886, 0000.389061, -000.170500, -000.654637, -000.742173, 0000.143627, 0000.032991, 0000.207474, -000.359099, -000.909946, 0000.805155,   087,  1,  0000.641785, 0000.766810, -000.010728, 0000.104611, 0000.179437, -000.136551, 0000.974247, -000.012076, 0000.745597, -000.627182, -000.225230, 0000.715297, 
0000000043, 1570660278.337117348,   019,  1,  0000.979042, -000.185207, 0000.084703, -000.058637, -000.150939, -000.939094, -000.308740, 0000.183752, 0000.136725, 0000.289485, -000.947367, 0000.917443,   051,  1,  0000.758349, -000.532517, 0000.375943, 0000.017010, -000.408428, 0000.061315, 0000.910729, -000.036415, -000.508029, -000.844196, -000.170997, 0000.600404,   073,  1,  -000.509047, -000.828650, 0000.232831, 0000.111226, -000.386279, 0000.461663, 0000.798533, 0000.060868, -000.769194, 0000.316553, -000.555098, 0000.876987,   080,  1,  0000.726767, -000.565936, 0000.389264, -000.170480, -000.654757, -000.742078, 0000.143571, 0000.032967, 0000.207613, -000.359216, -000.909869, 0000.805145,   087,  1,  0000.641861, 0000.766747, -000.010664, 0000.104612, 0000.179361, -000.136598, 0000.974254, -000.012151, 0000.745549, -000.627248, -000.225202, 0000.715331, 
