% Measurements merged on 10/09/19 17:24:20 Central Daylight Time
% Original files:
%    1: C:\Users\Al\Desktop\Nayo\KACEY\STROKE\RTIS2001\RTIS2001_REAL_trunkfree\2001tf_final_00000005_Series2s24.hts  (Series2s24)
%    2: C:\Users\Al\Desktop\Nayo\KACEY\STROKE\RTIS2001\RTIS2001_REAL_trunkfree\2001tf_final_00000005_Series2s25.hts  (Series2s25)
% Merge host: Al-PC
% System: MERGED
% nSharedImages: 1000
%
% Interpolated markers have status set to 2
%
% EMB001 (Marker properties) Series:2031, ID:019, Size:35, Thickness:001.846, tPu:[+000.000 +000.000 +000.000]
% EMB001 (Marker properties) Series:2031, ID:051, Size:35, Thickness:001.844, tPu:[+000.000 +000.000 +000.000]
% EMB001 (Marker properties) Series:2032, ID:073, Size:44, Thickness:002.200, tPu:[+000.000 +000.000 +000.000]
% EMB001 (Marker properties) Series:2032, ID:080, Size:44, Thickness:002.203, tPu:[+000.000 +000.000 +000.000]
% EMB001 (Marker properties) Series:2032, ID:087, Size:44, Thickness:002.251, tPu:[+000.000 +000.000 +000.000]
%
% ImageNumber,             FrameTime,           Marker,  ST, HT(1, 1),    HT(1, 2),    HT(1, 3),    HT(1, 4),    HT(2, 1),    HT(2, 2),    HT(2, 3),    HT(2, 4),    HT(3, 1),    HT(3, 2),    HT(3, 3),    HT(3, 4)
%
0000000000, 1570660254.561836600,   019,  1,  0000.988837, -000.140260, 0000.050291, -000.056570, -000.118853, -000.946024, -000.301516, 0000.185977, 0000.089868, 0000.292173, -000.952134, 0000.910062,   051,  1,  0000.764896, -000.502092, 0000.403530, 0000.000031, -000.423942, 0000.079266, 0000.902214, -000.046432, -000.484981, -000.861174, -000.152228, 0000.538827,   073,  1,  -000.665532, -000.724069, 0000.181083, 0000.097507, -000.329187, 0000.502509, 0000.799450, 0000.057659, -000.669853, 0000.472449, -000.572790, 0000.846235,   080,  1,  0000.733045, -000.568277, 0000.373773, -000.165545, -000.647690, -000.750999, 0000.128447, 0000.031812, 0000.207710, -000.336247, -000.918583, 0000.803859,   087,  1,  0000.624908, 0000.780673, -000.006298, 0000.084702, 0000.179742, -000.136018, 0000.974265, -000.022012, 0000.759726, -000.609958, -000.225318, 0000.657510, 
0000000001, 1570660254.573072436,   019,  1,  0000.988794, -000.140495, 0000.050478, -000.056571, -000.119020, -000.945995, -000.301543, 0000.186024, 0000.090117, 0000.292156, -000.952115, 0000.910269,   051,  1,  0000.764866, -000.502065, 0000.403623, 0000.000038, -000.423954, 0000.079428, 0000.902194, -000.046405, -000.485019, -000.861175, -000.152101, 0000.538836,   073,  1,  -000.665362, -000.724190, 0000.181223, 0000.097504, -000.329235, 0000.502537, 0000.799413, 0000.057709, -000.669998, 0000.472234, -000.572798, 0000.846204,   080,  1,  0000.733044, -000.568430, 0000.373542, -000.165537, -000.647746, -000.750960, 0000.128388, 0000.031826, 0000.207536, -000.336074, -000.918685, 0000.803860,   087,  1,  0000.624881, 0000.780694, -000.006376, 0000.084705, 0000.179796, -000.135955, 0000.974264, -000.021903, 0000.759735, -000.609945, -000.225322, 0000.657490, 
0000000002, 1570660254.584308565,   019,  1,  0000.988816, -000.140264, 0000.050692, -000.056544, -000.118716, -000.945967, -000.301750, 0000.185926, 0000.090278, 0000.292357, -000.952038, 0000.909719,   051,  1,  0000.764657, -000.502307, 0000.403717, 0000.000047, -000.423987, 0000.079656, 0000.902158, -000.046584, -000.485319, -000.861013, -000.152062, 0000.538848,   073,  1,  -000.665409, -000.724181, 0000.181089, 0000.097499, -000.329220, 0000.502423, 0000.799490, 0000.057691, -000.669959, 0000.472370, -000.572732, 0000.846209,   080,  1,  0000.733183, -000.568452, 0000.373235, -000.165533, -000.647625, -000.751087, 0000.128257, 0000.031848, 0000.207425, -000.335752, -000.918828, 0000.803878,   087,  1,  0000.624951, 0000.780638, -000.006338, 0000.084720, 0000.179795, -000.136027, 0000.974254, -000.021975, 0000.759678, -000.610000, -000.225365, 0000.657511, 
0000000003, 1570660254.595544401,   019,  1,  0000.988799, -000.140279, 0000.050967, -000.056511, -000.118664, -000.946023, -000.301595, 0000.185843, 0000.090524, 0000.292169, -000.952073, 0000.909294,   051,  1,  0000.764342, -000.502687, 0000.403840, 0000.000057, -000.424195, 0000.079686, 0000.902058, -000.046602, -000.485634, -000.860788, -000.152330, 0000.538860,   073,  1,  -000.665279, -000.724357, 0000.180862, 0000.097495, -000.329486, 0000.502237, 0000.799498, 0000.057784, -000.669957, 0000.472298, -000.572793, 0000.846172,   080,  1,  0000.733254, -000.568470, 0000.373069, -000.165500, -000.647597, -000.751099, 0000.128332, 0000.031853, 0000.207259, -000.335698, -000.918886, 0000.803720,   087,  1,  0000.624899, 0000.780680, -000.006348, 0000.084730, 0000.179761, -000.135968, 0000.974268, -000.021970, 0000.759728, -000.609960, -000.225302, 0000.657516, 
0000000004, 1570660254.606780482,   019,  1,  0000.988896, -000.139615, 0000.050908, -000.056534, -000.118036, -000.946064, -000.301712, 0000.185999, 0000.090286, 0000.292353, -000.952039, 0000.910047,   051,  1,  0000.764482, -000.502559, 0000.403735, 0000.000094, -000.424037, 0000.079699, 0000.902131, -000.046013, -000.485552, -000.860861, -000.152175, 0000.538849,   073,  1,  -000.665356, -000.724226, 0000.181105, 0000.097523, -000.329277, 0000.502431, 0000.799462, 0000.057764, -000.669984, 0000.472293, -000.572766, 0000.846198,   080,  1,  0000.733262, -000.568510, 0000.372992, -000.165532, -000.647631, -000.751053, 0000.128428, 0000.031884, 0000.207124, -000.335733, -000.918903, 0000.803919,   087,  1,  0000.624968, 0000.780624, -000.006417, 0000.084739, 0000.179847, -000.135977, 0000.974251, -000.021997, 0000.759651, -000.610030, -000.225374, 0000.657527, 
0000000005, 1570660254.618016291,   019,  1,  0000.988885, -000.139631, 0000.051081, -000.056559, -000.117984, -000.946016, -000.301883, 0000.186146, 0000.090476, 0000.292501, -000.951976, 0000.910761,   051,  1,  0000.764447, -000.502550, 0000.403812, 0000.000086, -000.424231, 0000.079512, 0000.902056, -000.046256, -000.485437, -000.860884, -000.152415, 0000.538868,   073,  1,  -000.665367, -000.724207, 0000.181139, 0000.097566, -000.329169, 0000.502402, 0000.799525, 0000.057572, -000.670026, 0000.472352, -000.572668, 0000.846317,   080,  1,  0000.733384, -000.568426, 0000.372881, -000.165489, -000.647506, -000.751159, 0000.128439, 0000.031897, 0000.207085, -000.335638, -000.918947, 0000.803753,   087,  1,  0000.624842, 0000.780724, -000.006442, 0000.084736, 0000.179963, -000.135993, 0000.974227, -000.021942, 0000.759727, -000.609898, -000.225476, 0000.657523, 
0000000006, 1570660254.629252308,   019,  1,  0000.988742, -000.140751, 0000.050772, -000.056559, -000.119157, -000.945905, -000.301771, 0000.186179, 0000.090500, 0000.292324, -000.952028, 0000.910931,   051,  1,  0000.764440, -000.502549, 0000.403828, 0000.000076, -000.424274, 0000.079469, 0000.902040, -000.046397, -000.485411, -000.860889, -000.152469, 0000.538878,   073,  1,  -000.665037, -000.724433, 0000.181447, 0000.097566, -000.329094, 0000.502378, 0000.799571, 0000.057695, -000.670390, 0000.472031, -000.572507, 0000.846268,   080,  1,  0000.733247, -000.568477, 0000.373072, -000.165512, -000.647641, -000.751034, 0000.128487, 0000.031914, 0000.207148, -000.335830, -000.918862, 0000.803903,   087,  1,  0000.624903, 0000.780676, -000.006438, 0000.084751, 0000.179963, -000.136019, 0000.974224, -000.022149, 0000.759677, -000.609954, -000.225492, 0000.657574, 
0000000007, 1570660254.640488518,   019,  1,  0000.988702, -000.140912, 0000.051105, -000.056572, -000.119223, -000.945927, -000.301674, 0000.186285, 0000.090851, 0000.292173, -000.952040, 0000.911326,   051,  1,  0000.764588, -000.502308, 0000.403846, 0000.000062, -000.424257, 0000.079448, 0000.902050, -000.046685, -000.485192, -000.861031, -000.152363, 0000.538890,   073,  1,  -000.665252, -000.724258, 0000.181355, 0000.097571, -000.328996, 0000.502410, 0000.799591, 0000.057777, -000.670225, 0000.472265, -000.572507, 0000.846235,   080,  1,  0000.733290, -000.568485, 0000.372976, -000.165477, -000.647633, -000.751026, 0000.128575, 0000.031925, 0000.207022, -000.335834, -000.918889, 0000.803769,   087,  1,  0000.625083, 0000.780532, -000.006416, 0000.084751, 0000.179788, -000.135974, 0000.974262, -000.022060, 0000.759570, -000.610149, -000.225325, 0000.657567, 
0000000008, 1570660254.651724298,   019,  1,  0000.988826, -000.140085, 0000.050981, -000.056524, -000.118487, -000.946087, -000.301463, 0000.186179, 0000.090463, 0000.292054, -000.952114, 0000.910813,   051,  1,  0000.764637, -000.502302, 0000.403760, 0000.000066, -000.424217, 0000.079337, 0000.902078, -000.046565, -000.485149, -000.861045, -000.152421, 0000.538899,   073,  1,  -000.665187, -000.724301, 0000.181421, 0000.097585, -000.328999, 0000.502424, 0000.799581, 0000.057665, -000.670287, 0000.472184, -000.572501, 0000.846295,   080,  1,  0000.733145, -000.568535, 0000.373185, -000.165423, -000.647740, -000.750950, 0000.128479, 0000.031919, 0000.207198, -000.335920, -000.918818, 0000.803570,   087,  1,  0000.624977, 0000.780617, -000.006352, 0000.084745, 0000.179841, -000.136056, 0000.974241, -000.021971, 0000.759645, -000.610021, -000.225419, 0000.657557, 
0000000009, 1570660254.662960209,   019,  1,  0000.988921, -000.139392, 0000.051041, -000.056503, -000.117803, -000.946160, -000.301504, 0000.186180, 0000.090320, 0000.292150, -000.952098, 0000.910818,   051,  1,  0000.764835, -000.502006, 0000.403754, 0000.000061, -000.424091, 0000.079439, 0000.902129, -000.046632, -000.484948, -000.861208, -000.152139, 0000.538907,   073,  1,  -000.665446, -000.724116, 0000.181211, 0000.097591, -000.329173, 0000.502559, 0000.799425, 0000.057675, -000.669945, 0000.472324, -000.572785, 0000.846285,   080,  1,  0000.733064, -000.568593, 0000.373255, -000.165463, -000.647807, -000.750907, 0000.128394, 0000.031938, 0000.207276, -000.335918, -000.918801, 0000.803832,   087,  1,  0000.625143, 0000.780485, -000.006296, 0000.084767, 0000.179771, -000.136132, 0000.974243, -000.022124, 0000.759525, -000.610173, -000.225411, 0000.657589, 
0000000010, 1570660254.674196173,   019,  1,  0000.988837, -000.139938, 0000.051173, -000.056458, -000.118284, -000.946089, -000.301536, 0000.186073, 0000.090611, 0000.292117, -000.952081, 0000.910258,   051,  1,  0000.764561, -000.502363, 0000.403830, 0000.000073, -000.424227, 0000.079487, 0000.902060, -000.046544, -000.485261, -000.860995, -000.152344, 0000.538915,   073,  1,  -000.665500, -000.724058, 0000.181245, 0000.097599, -000.329151, 0000.502633, 0000.799387, 0000.057700, -000.669902, 0000.472335, -000.572827, 0000.846274,   080,  1,  0000.733159, -000.568581, 0000.373088, -000.165483, -000.647710, -000.751007, 0000.128298, 0000.031956, 0000.207244, -000.335715, -000.918883, 0000.803990,   087,  1,  0000.625137, 0000.780489, -000.006359, 0000.084765, 0000.179772, -000.136051, 0000.974255, -000.022028, 0000.759530, -000.610186, -000.225361, 0000.657573, 
0000000011, 1570660254.685431990,   019,  2,  0000.988853, -000.139811, 0000.051204, -000.056454, -000.118165, -000.946144, -000.301412, 0000.186123, 0000.090587, 0000.292001, -000.952118, 0000.910442,   051,  1,  0000.764632, -000.502227, 0000.403862, 0000.000112, -000.424260, 0000.079448, 0000.902049, -000.046082, -000.485119, -000.861078, -000.152327, 0000.538901,   073,  1,  -000.665393, -000.724186, 0000.181128, 0000.097616, -000.329221, 0000.502452, 0000.799472, 0000.057651, -000.669975, 0000.472332, -000.572745, 0000.846303,   080,  1,  0000.733178, -000.568523, 0000.373138, -000.165477, -000.647655, -000.751065, 0000.128232, 0000.031958, 0000.207348, -000.335682, -000.918871, 0000.804002,   087,  1,  0000.624977, 0000.780618, -000.006262, 0000.084781, 0000.179819, -000.136151, 0000.974232, -000.022161, 0000.759650, -000.609999, -000.225461, 0000.657597, 
0000000012, 1570660254.696668010,   019,  2,  0000.988870, -000.139684, 0000.051236, -000.056449, -000.118046, -000.946198, -000.301287, 0000.186173, 0000.090564, 0000.291886, -000.952156, 0000.910626,   051,  1,  0000.764335, -000.502600, 0000.403962, 0000.000099, -000.424425, 0000.079501, 0000.901966, -000.046604, -000.485443, -000.860856, -000.152550, 0000.538919,   073,  1,  -000.665501, -000.724092, 0000.181105, 0000.097630, -000.329147, 0000.502476, 0000.799487, 0000.057726, -000.669903, 0000.472450, -000.572731, 0000.846271,   080,  1,  0000.732985, -000.568889, 0000.372959, -000.165431, -000.647903, -000.750897, 0000.127967, 0000.031965, 0000.207254, -000.335439, -000.918981, 0000.803841,   087,  1,  0000.624937, 0000.780649, -000.006406, 0000.084783, 0000.179888, -000.136012, 0000.974239, -000.022087, 0000.759667, -000.609990, -000.225429, 0000.657578, 
0000000013, 1570660254.707903928,   019,  1,  0000.988886, -000.139557, 0000.051267, -000.056445, -000.117927, -000.946253, -000.301163, 0000.186223, 0000.090541, 0000.291770, -000.952194, 0000.910810,   051,  1,  0000.764259, -000.502755, 0000.403912, 0000.000125, -000.424510, 0000.079304, 0000.901944, -000.046253, -000.485488, -000.860784, -000.152816, 0000.538911,   073,  1,  -000.665350, -000.724182, 0000.181300, 0000.097659, -000.329054, 0000.502483, 0000.799521, 0000.057652, -000.670099, 0000.472304, -000.572622, 0000.846319,   080,  1,  0000.732980, -000.568894, 0000.372961, -000.165488, -000.647925, -000.750866, 0000.128038, 0000.031989, 0000.207204, -000.335500, -000.918970, 0000.804203,   087,  1,  0000.625075, 0000.780539, -000.006366, 0000.084781, 0000.179850, -000.136082, 0000.974236, -000.021911, 0000.759563, -000.610115, -000.225441, 0000.657538, 
0000000014, 1570660254.719139911,   019,  1,  0000.988844, -000.140032, 0000.050789, -000.056412, -000.118525, -000.946189, -000.301128, 0000.186148, 0000.090224, 0000.291749, -000.952230, 0000.910404,   051,  1,  0000.764199, -000.502974, 0000.403754, 0000.000125, -000.424248, 0000.079518, 0000.902048, -000.046382, -000.485813, -000.860636, -000.152618, 0000.538914,   073,  1,  -000.665386, -000.724130, 0000.181375, 0000.097668, -000.328971, 0000.502541, 0000.799519, 0000.057790, -000.670104, 0000.472322, -000.572602, 0000.846253,   080,  1,  0000.733500, -000.568451, 0000.372613, -000.165417, -000.647332, -000.751385, 0000.127994, 0000.031990, 0000.207217, -000.335088, -000.919117, 0000.803918,   087,  1,  0000.625080, 0000.780535, -000.006352, 0000.084798, 0000.179784, -000.136049, 0000.974253, -000.022044, 0000.759574, -000.610128, -000.225369, 0000.657567, 
0000000015, 1570660254.730375843,   019,  1,  0000.988835, -000.140058, 0000.050887, -000.056363, -000.118531, -000.946221, -000.301024, 0000.186092, 0000.090311, 0000.291632, -000.952258, 0000.910059,   051,  1,  0000.764426, -000.502585, 0000.403809, 0000.000114, -000.424346, 0000.079315, 0000.902020, -000.046511, -000.485370, -000.860882, -000.152639, 0000.538921,   073,  1,  -000.665331, -000.724153, 0000.181486, 0000.097688, -000.328862, 0000.502536, 0000.799567, 0000.057758, -000.670212, 0000.472293, -000.572499, 0000.846271,   080,  1,  0000.733321, -000.568711, 0000.372570, -000.165484, -000.647534, -000.751246, 0000.127783, 0000.032027, 0000.207220, -000.334958, -000.919164, 0000.804270,   087,  1,  0000.625002, 0000.780599, -000.006196, 0000.084801, 0000.179717, -000.136161, 0000.974249, -000.022000, 0000.759654, -000.610021, -000.225388, 0000.657563, 
0000000016, 1570660254.741611813,   019,  1,  0000.989006, -000.138934, 0000.050644, -000.056413, -000.117526, -000.946342, -000.301038, 0000.186357, 0000.089752, 0000.291776, -000.952266, 0000.911234,   051,  1,  0000.764382, -000.502632, 0000.403833, 0000.000110, -000.424331, 0000.079409, 0000.902018, -000.046534, -000.485451, -000.860846, -000.152583, 0000.538931,   073,  1,  -000.665608, -000.723882, 0000.181549, 0000.097703, -000.328773, 0000.502804, 0000.799435, 0000.057807, -000.669981, 0000.472422, -000.572663, 0000.846250,   080,  1,  0000.733333, -000.568792, 0000.372423, -000.165387, -000.647586, -000.751184, 0000.127888, 0000.032030, 0000.207016, -000.334960, -000.919209, 0000.803864,   087,  1,  0000.625098, 0000.780521, -000.006299, 0000.084811, 0000.179690, -000.136046, 0000.974270, -000.022094, 0000.759582, -000.610146, -000.225294, 0000.657587, 
0000000017, 1570660254.752847773,   019,  1,  0000.989046, -000.138561, 0000.050882, -000.056321, -000.117103, -000.946408, -000.300996, 0000.186110, 0000.089861, 0000.291741, -000.952267, 0000.909993,   051,  2,  0000.764428, -000.502569, 0000.403824, 0000.000101, -000.424312, 0000.079401, 0000.902028, -000.046576, -000.485395, -000.860883, -000.152549, 0000.538941,   073,  1,  -000.665533, -000.723955, 0000.181532, 0000.097719, -000.328761, 0000.502706, 0000.799502, 0000.057792, -000.670061, 0000.472414, -000.572576, 0000.846268,   080,  1,  0000.733372, -000.568757, 0000.372399, -000.165437, -000.647502, -000.751285, 0000.127718, 0000.032054, 0000.207137, -000.334793, -000.919243, 0000.804181,   087,  1,  0000.625215, 0000.780427, -000.006351, 0000.084819, 0000.179737, -000.136062, 0000.974260, -000.022142, 0000.759474, -000.610263, -000.225340, 0000.657600, 
0000000018, 1570660254.764083501,   019,  1,  0000.988885, -000.139784, 0000.050656, -000.056341, -000.118368, -000.946348, -000.300691, 0000.186199, 0000.089970, 0000.291353, -000.952375, 0000.910395,   051,  1,  0000.764475, -000.502506, 0000.403815, 0000.000092, -000.424293, 0000.079393, 0000.902038, -000.046617, -000.485340, -000.860921, -000.152515, 0000.538951,   073,  1,  -000.665604, -000.723892, 0000.181527, 0000.097730, -000.328741, 0000.502753, 0000.799480, 0000.057786, -000.670001, 0000.472462, -000.572607, 0000.846277,   080,  1,  0000.733592, -000.568524, 0000.372321, -000.165440, -000.647251, -000.751490, 0000.127788, 0000.032064, 0000.207145, -000.334729, -000.919265, 0000.804252,   087,  1,  0000.625389, 0000.780287, -000.006359, 0000.084807, 0000.179811, -000.136176, 0000.974230, -000.021999, 0000.759313, -000.610416, -000.225467, 0000.657575, 
0000000019, 1570660254.775319615,   019,  1,  0000.988999, -000.138876, 0000.050932, -000.056381, -000.117419, -000.946471, -000.300676, 0000.186357, 0000.089962, 0000.291388, -000.952365, 0000.911188,   051,  1,  0000.764254, -000.502778, 0000.403893, 0000.000093, -000.424481, 0000.079324, 0000.901956, -000.046487, -000.485522, -000.860768, -000.152796, 0000.538957,   073,  1,  -000.665514, -000.723970, 0000.181546, 0000.097740, -000.328619, 0000.502602, 0000.799625, 0000.057790, -000.670150, 0000.472503, -000.572399, 0000.846290,   080,  1,  0000.733518, -000.568676, 0000.372235, -000.165393, -000.647395, -000.751349, 0000.127882, 0000.032062, 0000.206955, -000.334787, -000.919286, 0000.804055,   087,  1,  0000.625283, 0000.780372, -000.006380, 0000.084822, 0000.179806, -000.136107, 0000.974241, -000.022104, 0000.759402, -000.610323, -000.225421, 0000.657603, 
0000000020, 1570660254.786555621,   019,  2,  0000.989006, -000.138835, 0000.050908, -000.056325, -000.117386, -000.946469, -000.300695, 0000.186216, 0000.089929, 0000.291413, -000.952361, 0000.910531,   051,  1,  0000.764174, -000.502818, 0000.403996, 0000.000094, -000.424423, 0000.079657, 0000.901953, -000.046455, -000.485699, -000.860714, -000.152536, 0000.538959,   073,  1,  -000.665691, -000.723830, 0000.181455, 0000.097751, -000.328599, 0000.502655, 0000.799600, 0000.057768, -000.669984, 0000.472661, -000.572463, 0000.846317,   080,  1,  0000.733293, -000.568917, 0000.372311, -000.165399, -000.647636, -000.751168, 0000.127728, 0000.032067, 0000.207001, -000.334784, -000.919277, 0000.804122,   087,  1,  0000.625356, 0000.780313, -000.006387, 0000.084808, 0000.179830, -000.136144, 0000.974231, -000.021946, 0000.759336, -000.610390, -000.225462, 0000.657573, 
0000000021, 1570660254.797791564,   019,  1,  0000.989013, -000.138795, 0000.050883, -000.056270, -000.117353, -000.946467, -000.300714, 0000.186076, 0000.089897, 0000.291438, -000.952356, 0000.909875,   051,  1,  0000.764096, -000.503023, 0000.403888, 0000.000069, -000.424385, 0000.079574, 0000.901979, -000.046967, -000.485855, -000.860602, -000.152673, 0000.538987,   073,  1,  -000.665597, -000.723882, 0000.181593, 0000.097754, -000.328520, 0000.502663, 0000.799628, 0000.057851, -000.670116, 0000.472573, -000.572380, 0000.846283,   080,  1,  0000.733511, -000.568700, 0000.372213, -000.165453, -000.647397, -000.751358, 0000.127818, 0000.032079, 0000.206975, -000.334725, -000.919304, 0000.804489,   087,  1,  0000.625272, 0000.780381, -000.006392, 0000.084823, 0000.179846, -000.136119, 0000.974231, -000.022141, 0000.759402, -000.610309, -000.225460, 0000.657617, 
0000000022, 1570660254.809027477,   019,  1,  0000.988873, -000.139852, 0000.050702, -000.056274, -000.118449, -000.946437, -000.300377, 0000.186148, 0000.089995, 0000.291029, -000.952472, 0000.910163,   051,  1,  0000.764185, -000.502752, 0000.404056, 0000.000082, -000.424529, 0000.079568, 0000.901911, -000.046781, -000.485588, -000.860761, -000.152628, 0000.538988,   073,  1,  -000.665564, -000.723912, 0000.181593, 0000.097777, -000.328524, 0000.502635, 0000.799643, 0000.057726, -000.670146, 0000.472556, -000.572359, 0000.846356,   080,  1,  0000.733395, -000.568796, 0000.372295, -000.165366, -000.647527, -000.751245, 0000.127823, 0000.032070, 0000.206980, -000.334816, -000.919270, 0000.804143,   087,  1,  0000.625439, 0000.780247, -000.006390, 0000.084814, 0000.179811, -000.136156, 0000.974233, -000.021997, 0000.759272, -000.610472, -000.225454, 0000.657591, 
0000000023, 1570660254.820263571,   019,  1,  0000.988915, -000.139602, 0000.050590, -000.056296, -000.118225, -000.946408, -000.300559, 0000.186239, 0000.089837, 0000.291246, -000.952421, 0000.910662,   051,  1,  0000.764276, -000.502717, 0000.403929, 0000.000092, -000.424433, 0000.079460, 0000.901966, -000.046517, -000.485530, -000.860791, -000.152641, 0000.538983,   073,  1,  -000.665668, -000.723803, 0000.181645, 0000.097790, -000.328492, 0000.502768, 0000.799573, 0000.057724, -000.670059, 0000.472581, -000.572440, 0000.846356,   080,  1,  0000.733489, -000.568802, 0000.372099, -000.165319, -000.647470, -000.751288, 0000.127864, 0000.032067, 0000.206824, -000.334710, -000.919344, 0000.803941,   087,  1,  0000.625299, 0000.780359, -000.006349, 0000.084818, 0000.179735, -000.136095, 0000.974255, -000.022053, 0000.759405, -000.610342, -000.225358, 0000.657609, 
0000000024, 1570660254.831499589,   019,  1,  0000.988972, -000.139325, 0000.050222, -000.056292, -000.118050, -000.946369, -000.300750, 0000.186277, 0000.089431, 0000.291505, -000.952380, 0000.910938,   051,  1,  0000.764304, -000.502577, 0000.404049, 0000.000088, -000.424472, 0000.079591, 0000.901936, -000.046434, -000.485451, -000.860861, -000.152498, 0000.538985,   073,  1,  -000.665517, -000.723929, 0000.181697, 0000.097797, -000.328467, 0000.502665, 0000.799648, 0000.057737, -000.670221, 0000.472498, -000.572319, 0000.846362,   080,  1,  0000.733287, -000.569049, 0000.372121, -000.165367, -000.647741, -000.751047, 0000.127907, 0000.032081, 0000.206695, -000.334830, -000.919329, 0000.804221,   087,  1,  0000.625440, 0000.780247, -000.006274, 0000.084817, 0000.179627, -000.136154, 0000.974267, -000.022047, 0000.759315, -000.610473, -000.225309, 0000.657615, 
0000000025, 1570660254.842735368,   019,  1,  0000.989142, -000.137824, 0000.051008, -000.056244, -000.116425, -000.946711, -000.300307, 0000.186223, 0000.089679, 0000.291108, -000.952478, 0000.910652,   051,  1,  0000.764249, -000.502731, 0000.403962, 0000.000069, -000.424475, 0000.079461, 0000.901946, -000.046681, -000.485536, -000.860783, -000.152669, 0000.538997,   073,  1,  -000.665547, -000.723895, 0000.181723, 0000.097809, -000.328401, 0000.502676, 0000.799668, 0000.057697, -000.670224, 0000.472539, -000.572282, 0000.846388,   080,  1,  0000.733626, -000.568699, 0000.371986, -000.165354, -000.647339, -000.751388, 0000.127937, 0000.032085, 0000.206749, -000.334659, -000.919379, 0000.804234,   087,  1,  0000.625368, 0000.780306, -000.006213, 0000.084815, 0000.179565, -000.136152, 0000.974279, -000.022019, 0000.759389, -000.610398, -000.225261, 0000.657611, 
0000000026, 1570660254.853971460,   019,  1,  0000.988940, -000.139536, 0000.050279, -000.056247, -000.118249, -000.946388, -000.300611, 0000.186202, 0000.089529, 0000.291340, -000.952421, 0000.910639,   051,  1,  0000.764232, -000.502811, 0000.403893, 0000.000076, -000.424427, 0000.079432, 0000.901971, -000.046337, -000.485603, -000.860739, -000.152702, 0000.538989,   073,  1,  -000.665619, -000.723869, 0000.181563, 0000.097803, -000.328403, 0000.502569, 0000.799735, 0000.057806, -000.670151, 0000.472693, -000.572240, 0000.846332,   080,  1,  0000.733517, -000.568872, 0000.371938, -000.165279, -000.647518, -000.751218, 0000.128029, 0000.032073, 0000.206574, -000.334748, -000.919386, 0000.803952,   087,  1,  0000.625443, 0000.780245, -000.006293, 0000.084807, 0000.179637, -000.136139, 0000.974267, -000.021938, 0000.759310, -000.610479, -000.225308, 0000.657601, 
0000000027, 1570660254.865207330,   019,  1,  0000.989009, -000.139025, 0000.050335, -000.056252, -000.117766, -000.946525, -000.300370, 0000.186236, 0000.089402, 0000.291141, -000.952494, 0000.910760,   051,  1,  0000.764133, -000.502921, 0000.403945, 0000.000068, -000.424453, 0000.079533, 0000.901950, -000.046416, -000.485736, -000.860666, -000.152692, 0000.538998,   073,  1,  -000.665704, -000.723799, 0000.181531, 0000.097803, -000.328371, 0000.502590, 0000.799735, 0000.057836, -000.670083, 0000.472777, -000.572251, 0000.846326,   080,  1,  0000.733431, -000.569005, 0000.371903, -000.165388, -000.647655, -000.751090, 0000.128089, 0000.032104, 0000.206449, -000.334810, -000.919392, 0000.804507,   087,  1,  0000.625594, 0000.780123, -000.006421, 0000.084817, 0000.179623, -000.136024, 0000.974286, -000.021980, 0000.759189, -000.610660, -000.225223, 0000.657611, 
0000000028, 1570660254.876443302,   019,  1,  0000.989001, -000.139068, 0000.050367, -000.056239, -000.117790, -000.946497, -000.300448, 0000.186228, 0000.089455, 0000.291210, -000.952467, 0000.910750,   051,  1,  0000.764104, -000.503023, 0000.403872, 0000.000058, -000.424354, 0000.079595, 0000.901991, -000.046679, -000.485869, -000.860600, -000.152641, 0000.539016,   073,  1,  -000.665777, -000.723755, 0000.181437, 0000.097819, -000.328324, 0000.502523, 0000.799797, 0000.057810, -000.670033, 0000.472916, -000.572194, 0000.846349,   080,  1,  0000.733483, -000.568911, 0000.371944, -000.165312, -000.647627, -000.751074, 0000.128323, 0000.032101, 0000.206354, -000.335004, -000.919342, 0000.804192,   087,  1,  0000.625631, 0000.780093, -000.006393, 0000.084827, 0000.179577, -000.136036, 0000.974293, -000.022057, 0000.759169, -000.610696, -000.225195, 0000.657631, 
0000000029, 1570660254.887679608,   019,  2,  0000.988974, -000.139302, 0000.050244, -000.056207, -000.118062, -000.946503, -000.300324, 0000.186197, 0000.089392, 0000.291081, -000.952513, 0000.910613,   051,  1,  0000.764230, -000.502887, 0000.403804, 0000.000063, -000.424248, 0000.079591, 0000.902042, -000.046688, -000.485764, -000.860680, -000.152523, 0000.539029,   073,  1,  -000.665730, -000.723792, 0000.181464, 0000.097833, -000.328376, 0000.502544, 0000.799762, 0000.057823, -000.670055, 0000.472837, -000.572234, 0000.846354,   080,  1,  0000.733800, -000.568617, 0000.371769, -000.165284, -000.647272, -000.751372, 0000.128373, 0000.032101, 0000.206342, -000.334836, -000.919406, 0000.804083,   087,  1,  0000.625604, 0000.780114, -000.006438, 0000.084829, 0000.179581, -000.135972, 0000.974301, -000.022046, 0000.759190, -000.610683, -000.225159, 0000.657629, 
0000000030, 1570660254.898914907,   019,  1,  0000.988948, -000.139536, 0000.050122, -000.056176, -000.118333, -000.946508, -000.300200, 0000.186167, 0000.089329, 0000.290951, -000.952559, 0000.910477,   051,  1,  0000.764103, -000.502985, 0000.403920, 0000.000072, -000.424353, 0000.079685, 0000.901984, -000.046551, -000.485871, -000.860614, -000.152556, 0000.539032,   073,  1,  -000.665634, -000.723860, 0000.181542, 0000.097849, -000.328295, 0000.502483, 0000.799833, 0000.057795, -000.670189, 0000.472797, -000.572110, 0000.846379,   080,  1,  0000.733575, -000.568985, 0000.371650, -000.165284, -000.647585, -000.751116, 0000.128288, 0000.032113, 0000.206158, -000.334784, -000.919466, 0000.804135,   087,  1,  0000.625533, 0000.780171, -000.006460, 0000.084836, 0000.179659, -000.135982, 0000.974285, -000.022133, 0000.759231, -000.610608, -000.225226, 0000.657652, 
0000000031, 1570660254.910151072,   019,  1,  0000.989056, -000.138623, 0000.050521, -000.056162, -000.117339, -000.946620, -000.300236, 0000.186125, 0000.089444, 0000.291022, -000.952526, 0000.910370,   051,  1,  0000.764121, -000.503071, 0000.403781, 0000.000079, -000.424246, 0000.079614, 0000.902040, -000.046450, -000.485937, -000.860570, -000.152592, 0000.539042,   073,  1,  -000.665816, -000.723697, 0000.181525, 0000.097854, -000.328154, 0000.502537, 0000.799857, 0000.057868, -000.670078, 0000.472989, -000.572081, 0000.846360,   080,  1,  0000.733738, -000.568683, 0000.371790, -000.165373, -000.647366, -000.751276, 0000.128458, 0000.032134, 0000.206265, -000.334939, -000.919386, 0000.804597,   087,  1,  0000.625397, 0000.780280, -000.006461, 0000.084839, 0000.179614, -000.135894, 0000.974306, -000.022072, 0000.759353, -000.610488, -000.225137, 0000.657653, 
0000000032, 1570660254.921387123,   019,  1,  0000.989057, -000.138730, 0000.050201, -000.056185, -000.117538, -000.946604, -000.300209, 0000.186192, 0000.089169, 0000.291023, -000.952552, 0000.910659,   051,  1,  0000.764065, -000.503043, 0000.403922, 0000.000072, -000.424301, 0000.079801, 0000.901998, -000.046600, -000.485977, -000.860569, -000.152469, 0000.539057,   073,  1,  -000.665782, -000.723700, 0000.181638, 0000.097876, -000.328075, 0000.502573, 0000.799867, 0000.057742, -000.670150, 0000.472946, -000.572032, 0000.846448,   080,  1,  0000.733406, -000.569049, 0000.371885, -000.165300, -000.647788, -000.750904, 0000.128507, 0000.032133, 0000.206123, -000.335150, -000.919341, 0000.804267,   087,  1,  0000.625552, 0000.780157, -000.006339, 0000.084840, 0000.179481, -000.135997, 0000.974316, -000.022047, 0000.759257, -000.610623, -000.225096, 0000.657662, 
0000000033, 1570660254.932622947,   019,  1,  0000.988908, -000.139916, 0000.049843, -000.056170, -000.118750, -000.946357, -000.300512, 0000.186203, 0000.089216, 0000.291260, -000.952475, 0000.910805,   051,  1,  0000.764264, -000.502865, 0000.403766, 0000.000074, -000.424194, 0000.079600, 0000.902066, -000.046467, -000.485758, -000.860692, -000.152477, 0000.539063,   073,  1,  -000.665722, -000.723746, 0000.181673, 0000.097882, -000.328066, 0000.502549, 0000.799886, 0000.057681, -000.670214, 0000.472901, -000.571995, 0000.846488,   080,  1,  0000.733420, -000.569048, 0000.371859, -000.165300, -000.647769, -000.750927, 0000.128471, 0000.032127, 0000.206132, -000.335102, -000.919356, 0000.804345,   087,  1,  0000.625642, 0000.780085, -000.006246, 0000.084848, 0000.179439, -000.136112, 0000.974308, -000.022123, 0000.759193, -000.610689, -000.225135, 0000.657689, 
0000000034, 1570660254.943859070,   019,  1,  0000.988988, -000.139358, 0000.049828, -000.056190, -000.118260, -000.946556, -000.300076, 0000.186262, 0000.088983, 0000.290879, -000.952613, 0000.911253,   051,  1,  0000.764196, -000.502999, 0000.403728, 0000.000087, -000.424190, 0000.079577, 0000.902070, -000.046280, -000.485868, -000.860616, -000.152555, 0000.539071,   073,  1,  -000.665825, -000.723684, 0000.181546, 0000.097887, -000.328090, 0000.502523, 0000.799893, 0000.057741, -000.670100, 0000.473025, -000.572025, 0000.846464,   080,  1,  0000.733392, -000.569027, 0000.371947, -000.165281, -000.647816, -000.750858, 0000.128633, 0000.032113, 0000.206084, -000.335292, -000.919298, 0000.804311,   087,  1,  0000.625774, 0000.779979, -000.006251, 0000.084846, 0000.179375, -000.136103, 0000.974321, -000.021974, 0000.759099, -000.610826, -000.225079, 0000.657670, 
0000000035, 1570660254.955094954,   019,  1,  0000.988967, -000.139476, 0000.049914, -000.056139, -000.118311, -000.946425, -000.300471, 0000.186091, 0000.089149, 0000.291250, -000.952484, 0000.910527,   051,  1,  0000.763841, -000.503422, 0000.403873, 0000.000071, -000.424345, 0000.079760, 0000.901981, -000.046697, -000.486290, -000.860351, -000.152701, 0000.539095,   073,  1,  -000.665942, -000.723604, 0000.181434, 0000.097891, -000.328045, 0000.502478, 0000.799939, 0000.057744, -000.670006, 0000.473194, -000.571996, 0000.846463,   080,  1,  0000.733427, -000.568952, 0000.371992, -000.165372, -000.647753, -000.750915, 0000.128618, 0000.032128, 0000.206157, -000.335291, -000.919282, 0000.804750,   087,  1,  0000.625659, 0000.780071, -000.006347, 0000.084858, 0000.179376, -000.135942, 0000.974343, -000.021985, 0000.759194, -000.610745, -000.224979, 0000.657685, 
0000000036, 1570660254.966331087,   019,  1,  0000.988882, -000.140087, 0000.049882, -000.056144, -000.118867, -000.946225, -000.300880, 0000.186087, 0000.089349, 0000.291605, -000.952357, 0000.910605,   051,  1,  0000.764186, -000.502908, 0000.403861, 0000.000083, -000.424266, 0000.079685, 0000.902025, -000.046636, -000.485817, -000.860659, -000.152472, 0000.539110,   073,  1,  -000.665964, -000.723614, 0000.181312, 0000.097912, -000.328151, 0000.502439, 0000.799920, 0000.057657, -000.669932, 0000.473221, -000.572061, 0000.846529,   080,  1,  0000.733298, -000.569172, 0000.371911, -000.165308, -000.647938, -000.750763, 0000.128576, 0000.032107, 0000.206035, -000.335260, -000.919321, 0000.804506,   087,  1,  0000.625561, 0000.780148, -000.006470, 0000.084870, 0000.179564, -000.135903, 0000.974314, -000.022113, 0000.759230, -000.610654, -000.225102, 0000.657724, 
0000000037, 1570660254.977566993,   019,  1,  0000.988929, -000.139711, 0000.050001, -000.056097, -000.118515, -000.946416, -000.300417, 0000.186017, 0000.089293, 0000.291165, -000.952496, 0000.910306,   051,  1,  0000.763852, -000.503425, 0000.403848, 0000.000095, -000.424306, 0000.079779, 0000.901998, -000.046659, -000.486307, -000.860348, -000.152666, 0000.539123,   073,  1,  -000.665843, -000.723722, 0000.181325, 0000.097909, -000.328223, 0000.502390, 0000.799921, 0000.057788, -000.670017, 0000.473107, -000.572055, 0000.846473,   080,  1,  0000.733118, -000.569334, 0000.372017, -000.165309, -000.648150, -000.750575, 0000.128604, 0000.032101, 0000.206008, -000.335405, -000.919274, 0000.804591,   087,  1,  0000.625518, 0000.780183, -000.006421, 0000.084872, 0000.179423, -000.135835, 0000.974349, -000.022014, 0000.759299, -000.610625, -000.224950, 0000.657712, 
0000000038, 1570660254.988803689,   019,  1,  0000.989025, -000.139149, 0000.049662, -000.056123, -000.118067, -000.946438, -000.300526, 0000.186117, 0000.088820, 0000.291365, -000.952480, 0000.910919,   051,  1,  0000.763985, -000.503279, 0000.403779, 0000.000113, -000.424226, 0000.079722, 0000.902040, -000.046411, -000.486168, -000.860439, -000.152598, 0000.539125,   073,  1,  -000.665818, -000.723749, 0000.181311, 0000.097939, -000.328275, 0000.502387, 0000.799902, 0000.057600, -000.670016, 0000.473069, -000.572087, 0000.846586,   080,  1,  0000.733306, -000.569133, 0000.371954, -000.165286, -000.647925, -000.750765, 0000.128625, 0000.032094, 0000.206046, -000.335320, -000.919296, 0000.804536,   087,  1,  0000.625551, 0000.780156, -000.006519, 0000.084890, 0000.179477, -000.135768, 0000.974349, -000.022147, 0000.759259, -000.610675, -000.224950, 0000.657752, 
0000000039, 1570660255.000038519,   019,  1,  0000.988914, -000.139994, 0000.049512, -000.056130, -000.118889, -000.946233, -000.300845, 0000.186176, 0000.088967, 0000.291624, -000.952387, 0000.911262,   051,  1,  0000.764068, -000.503108, 0000.403835, 0000.000104, -000.424232, 0000.079764, 0000.902034, -000.046672, -000.486032, -000.860535, -000.152489, 0000.539149,   073,  1,  -000.665995, -000.723615, 0000.181197, 0000.097946, -000.328392, 0000.502511, 0000.799776, 0000.057569, -000.669783, 0000.473143, -000.572299, 0000.846618,   080,  1,  0000.733092, -000.569195, 0000.372282, -000.165256, -000.648142, -000.750555, 0000.128762, 0000.032092, 0000.206127, -000.335686, -000.919144, 0000.804476,   087,  1,  0000.625584, 0000.780131, -000.006330, 0000.084884, 0000.179289, -000.135865, 0000.974370, -000.022014, 0000.759276, -000.610685, -000.224863, 0000.657734, 
0000000040, 1570660255.011274673,   019,  1,  0000.989021, -000.139066, 0000.049991, -000.056118, -000.117870, -000.946392, -000.300748, 0000.186111, 0000.089135, 0000.291554, -000.952392, 0000.910992,   051,  1,  0000.764219, -000.503036, 0000.403638, 0000.000111, -000.423988, 0000.079760, 0000.902149, -000.046480, -000.486008, -000.860577, -000.152327, 0000.539145,   073,  1,  -000.665870, -000.723741, 0000.181154, 0000.097928, -000.328484, 0000.502411, 0000.799801, 0000.057802, -000.669862, 0000.473057, -000.572278, 0000.846501,   080,  1,  0000.733393, -000.568932, 0000.372089, -000.165240, -000.647813, -000.750830, 0000.128813, 0000.032086, 0000.206090, -000.335515, -000.919215, 0000.804478,   087,  1,  0000.625652, 0000.780077, -000.006291, 0000.084894, 0000.179256, -000.135912, 0000.974369, -000.022096, 0000.759228, -000.610744, -000.224867, 0000.657765, 
0000000041, 1570660255.022510674,   019,  1,  0000.988976, -000.139515, 0000.049619, -000.056185, -000.118402, -000.946302, -000.300822, 0000.186346, 0000.088924, 0000.291630, -000.952389, 0000.912249,   051,  1,  0000.764336, -000.502900, 0000.403586, 0000.000096, -000.423965, 0000.079642, 0000.902170, -000.046702, -000.485844, -000.860668, -000.152338, 0000.539170,   073,  1,  -000.666058, -000.723555, 0000.181204, 0000.097939, -000.328285, 0000.502502, 0000.799825, 0000.057761, -000.669773, 0000.473243, -000.572228, 0000.846534,   080,  1,  0000.733133, -000.569108, 0000.372332, -000.165207, -000.648093, -000.750581, 0000.128854, 0000.032073, 0000.206133, -000.335773, -000.919111, 0000.804418,   087,  1,  0000.625745, 0000.780002, -000.006280, 0000.084902, 0000.179226, -000.135937, 0000.974371, -000.022139, 0000.759158, -000.610834, -000.224859, 0000.657790, 
0000000042, 1570660255.033746708,   019,  1,  0000.988966, -000.139608, 0000.049556, -000.056055, -000.118473, -000.946167, -000.301219, 0000.185971, 0000.088941, 0000.292025, -000.952266, 0000.910542,   051,  1,  0000.764247, -000.503178, 0000.403409, 0000.000101, -000.423814, 0000.079641, 0000.902241, -000.046850, -000.486115, -000.860505, -000.152389, 0000.539186,   073,  1,  -000.666033, -000.723578, 0000.181202, 0000.097941, -000.328168, 0000.502395, 0000.799941, 0000.057739, -000.669855, 0000.473322, -000.572067, 0000.846561,   080,  1,  0000.733213, -000.568879, 0000.372527, -000.165162, -000.647970, -000.750657, 0000.129029, 0000.032067, 0000.206238, -000.335992, -000.919008, 0000.804290,   087,  1,  0000.625730, 0000.780015, -000.006263, 0000.084918, 0000.179256, -000.135976, 0000.974360, -000.022216, 0000.759164, -000.610809, -000.224906, 0000.657814, 
0000000043, 1570660255.044982591,   019,  1,  0000.988940, -000.139811, 0000.049498, -000.056083, -000.118687, -000.946152, -000.301181, 0000.186055, 0000.088941, 0000.291975, -000.952281, 0000.911020,   051,  1,  0000.764001, -000.503536, 0000.403429, 0000.000126, -000.423895, 0000.079673, 0000.902200, -000.046576, -000.486432, -000.860293, -000.152576, 0000.539187,   073,  1,  -000.666073, -000.723580, 0000.181050, 0000.097953, -000.328247, 0000.502319, 0000.799956, 0000.057679, -000.669777, 0000.473400, -000.572094, 0000.846617,   080,  1,  0000.732991, -000.569026, 0000.372737, -000.165224, -000.648193, -000.750470, 0000.128999, 0000.032063, 0000.206324, -000.336161, -000.918927, 0000.804640,   087,  1,  0000.625749, 0000.779999, -000.006271, 0000.084930, 0000.179197, -000.135926, 0000.974378, -000.022229, 0000.759162, -000.610840, -000.224829, 0000.657836, 
