% Measurements merged on 10/09/19 17:27:12 Central Daylight Time
% Original files:
%    1: C:\Users\Al\Desktop\Nayo\KACEY\STROKE\RTIS2001\RTIS2001_REAL_trunkfree\2001tf_final_00000011_Series2s24.hts  (Series2s24)
%    2: C:\Users\Al\Desktop\Nayo\KACEY\STROKE\RTIS2001\RTIS2001_REAL_trunkfree\2001tf_final_00000011_Series2s25.hts  (Series2s25)
% Merge host: Al-PC
% System: MERGED
% nSharedImages: 1000
%
% Interpolated markers have status set to 2
%
% EMB001 (Marker properties) Series:2031, ID:019, Size:35, Thickness:001.846, tPu:[+000.000 +000.000 +000.000]
% EMB001 (Marker properties) Series:2031, ID:051, Size:35, Thickness:001.844, tPu:[+000.000 +000.000 +000.000]
% EMB001 (Marker properties) Series:2032, ID:073, Size:44, Thickness:002.200, tPu:[+000.000 +000.000 +000.000]
% EMB001 (Marker properties) Series:2032, ID:080, Size:44, Thickness:002.203, tPu:[+000.000 +000.000 +000.000]
% EMB001 (Marker properties) Series:2032, ID:087, Size:44, Thickness:002.251, tPu:[+000.000 +000.000 +000.000]
%
% ImageNumber,             FrameTime,           Marker,  ST, HT(1, 1),    HT(1, 2),    HT(1, 3),    HT(1, 4),    HT(2, 1),    HT(2, 2),    HT(2, 3),    HT(2, 4),    HT(3, 1),    HT(3, 2),    HT(3, 3),    HT(3, 4)
%
0000000000, 1570660425.786555850,   019,  0,  0000.000000, 0000.000000, 0000.000000, 0000.000000, 0000.000000, 0000.000000, 0000.000000, 0000.000000, 0000.000000, 0000.000000, 0000.000000, 0000.000000,   051,  1,  0000.740964, -000.555221, 0000.377759, -000.000049, -000.415100, 0000.063511, 0000.907556, -000.043125, -000.527886, -000.829274, -000.183413, 0000.567707,   073,  1,  -000.661165, -000.736566, 0000.142591, 0000.102486, -000.377507, 0000.490868, 0000.785199, 0000.054402, -000.648344, 0000.465317, -000.602603, 0000.866835,   080,  1,  0000.732673, -000.525806, 0000.432109, -000.157015, -000.616040, -000.782244, 0000.092679, 0000.016576, 0000.289283, -000.334100, -000.897046, 0000.823712,   087,  1,  0000.644029, 0000.764854, -000.014997, 0000.087302, 0000.180379, -000.132775, 0000.974594, -000.019133, 0000.743431, -000.630372, -000.223475, 0000.680769, 
0000000001, 1570660425.797791370,   019,  1,  0000.986876, -000.130471, 0000.095148, -000.055864, -000.091305, -000.936844, -000.337619, 0000.179191, 0000.133189, 0000.324501, -000.936461, 0000.926851,   051,  1,  0000.740997, -000.555174, 0000.377764, -000.000059, -000.415071, 0000.063546, 0000.907567, -000.043276, -000.527863, -000.829303, -000.183349, 0000.567725,   073,  1,  -000.661143, -000.736590, 0000.142562, 0000.102498, -000.377438, 0000.490767, 0000.785295, 0000.054337, -000.648406, 0000.465384, -000.602485, 0000.866883,   080,  1,  0000.732510, -000.526049, 0000.432090, -000.157024, -000.616250, -000.782094, 0000.092548, 0000.016573, 0000.289250, -000.334068, -000.897069, 0000.823779,   087,  1,  0000.644038, 0000.764847, -000.014981, 0000.087326, 0000.180382, -000.132801, 0000.974590, -000.019408, 0000.743423, -000.630375, -000.223494, 0000.680839, 
0000000002, 1570660425.809027716,   019,  1,  0000.986782, -000.131029, 0000.095360, -000.055813, -000.091748, -000.936755, -000.337745, 0000.179014, 0000.133584, 0000.324532, -000.936394, 0000.925887,   051,  1,  0000.740967, -000.555223, 0000.377751, -000.000036, -000.415063, 0000.063556, 0000.907570, -000.042925, -000.527912, -000.829270, -000.183359, 0000.567691,   073,  1,  -000.660936, -000.736783, 0000.142529, 0000.102476, -000.377321, 0000.490441, 0000.785555, 0000.054566, -000.648686, 0000.465422, -000.602154, 0000.866768,   080,  1,  0000.732675, -000.525717, 0000.432214, -000.156989, -000.615998, -000.782273, 0000.092713, 0000.016567, 0000.289369, -000.334171, -000.896992, 0000.823629,   087,  1,  0000.643972, 0000.764901, -000.015030, 0000.087318, 0000.180437, -000.132760, 0000.974586, -000.019293, 0000.743466, -000.630318, -000.223510, 0000.680806, 
0000000003, 1570660425.820263453,   019,  1,  0000.986787, -000.130857, 0000.095544, -000.055820, -000.091524, -000.936777, -000.337746, 0000.179016, 0000.133700, 0000.324538, -000.936376, 0000.925999,   051,  1,  0000.740979, -000.555258, 0000.377674, -000.000039, -000.415011, 0000.063506, 0000.907597, -000.043076, -000.527936, -000.829250, -000.183382, 0000.567706,   073,  1,  -000.661010, -000.736735, 0000.142434, 0000.102494, -000.377264, 0000.490373, 0000.785625, 0000.054464, -000.648643, 0000.465570, -000.602085, 0000.866834,   080,  1,  0000.732447, -000.525973, 0000.432289, -000.157030, -000.616268, -000.782072, 0000.092612, 0000.016563, 0000.289369, -000.334239, -000.896967, 0000.823853,   087,  1,  0000.644075, 0000.764815, -000.015030, 0000.087320, 0000.180405, -000.132772, 0000.974590, -000.019253, 0000.743385, -000.630420, -000.223492, 0000.680795, 
0000000004, 1570660425.831499509,   019,  1,  0000.986850, -000.130314, 0000.095637, -000.055839, -000.091000, -000.936886, -000.337584, 0000.179084, 0000.133592, 0000.324442, -000.936424, 0000.926356,   051,  1,  0000.740931, -000.555309, 0000.377694, -000.000024, -000.414992, 0000.063594, 0000.907600, -000.043034, -000.528017, -000.829209, -000.183330, 0000.567692,   073,  1,  -000.660900, -000.736856, 0000.142318, 0000.102465, -000.377380, 0000.490224, 0000.785662, 0000.054697, -000.648687, 0000.465536, -000.602064, 0000.866707,   080,  1,  0000.732329, -000.526009, 0000.432444, -000.157039, -000.616353, -000.782011, 0000.092564, 0000.016551, 0000.289487, -000.334326, -000.896897, 0000.823966,   087,  1,  0000.644097, 0000.764796, -000.015047, 0000.087331, 0000.180483, -000.132825, 0000.974568, -000.019240, 0000.743347, -000.630432, -000.223585, 0000.680787, 
0000000005, 1570660425.842735393,   019,  1,  0000.986838, -000.130493, 0000.095513, -000.055844, -000.091200, -000.936838, -000.337665, 0000.179097, 0000.133543, 0000.324510, -000.936408, 0000.926494,   051,  1,  0000.741117, -000.555032, 0000.377737, -000.000029, -000.415073, 0000.063432, 0000.907574, -000.043271, -000.527693, -000.829407, -000.183368, 0000.567714,   073,  1,  -000.660656, -000.737056, 0000.142414, 0000.102480, -000.377572, 0000.490222, 0000.785571, 0000.054565, -000.648825, 0000.465220, -000.602160, 0000.866779,   080,  1,  0000.732319, -000.526039, 0000.432426, -000.157071, -000.616406, -000.781959, 0000.092652, 0000.016546, 0000.289401, -000.334401, -000.896896, 0000.824113,   087,  1,  0000.644000, 0000.764875, -000.015186, 0000.087328, 0000.180551, -000.132669, 0000.974577, -000.019150, 0000.743415, -000.630369, -000.223538, 0000.680768, 
0000000006, 1570660425.853971576,   019,  1,  0000.986666, -000.131827, 0000.095456, -000.055806, -000.092509, -000.936769, -000.337500, 0000.178949, 0000.133912, 0000.324169, -000.936473, 0000.925770,   051,  1,  0000.741095, -000.555078, 0000.377712, -000.000001, -000.414989, 0000.063535, 0000.907605, -000.043120, -000.527790, -000.829368, -000.183266, 0000.567700,   073,  1,  -000.661045, -000.736732, 0000.142286, 0000.102483, -000.377625, 0000.490508, 0000.785367, 0000.054570, -000.648398, 0000.465432, -000.602456, 0000.866770,   080,  1,  0000.732509, -000.525742, 0000.432464, -000.157096, -000.616164, -000.782128, 0000.092836, 0000.016543, 0000.289434, -000.334472, -000.896859, 0000.824229,   087,  1,  0000.643951, 0000.764917, -000.015136, 0000.087351, 0000.180489, -000.132661, 0000.974590, -000.019293, 0000.743472, -000.630320, -000.223486, 0000.680802, 
0000000007, 1570660425.865207310,   019,  1,  0000.986767, -000.131081, 0000.095442, -000.055827, -000.091786, -000.936794, -000.337627, 0000.179046, 0000.133666, 0000.324399, -000.936429, 0000.926332,   051,  1,  0000.741123, -000.555082, 0000.377652, 0000.000013, -000.414838, 0000.063660, 0000.907666, -000.042838, -000.527870, -000.829356, -000.183089, 0000.567675,   073,  1,  -000.660978, -000.736797, 0000.142263, 0000.102475, -000.377778, 0000.490528, 0000.785281, 0000.054575, -000.648377, 0000.465309, -000.602574, 0000.866756,   080,  1,  0000.732524, -000.525733, 0000.432450, -000.157069, -000.616148, -000.782140, 0000.092834, 0000.016534, 0000.289431, -000.334457, -000.896866, 0000.824130,   087,  1,  0000.643930, 0000.764936, -000.015079, 0000.087350, 0000.180503, -000.132737, 0000.974577, -000.019250, 0000.743487, -000.630281, -000.223547, 0000.680796, 
0000000008, 1570660425.876443335,   019,  1,  0000.986797, -000.130746, 0000.095590, -000.055805, -000.091388, -000.936752, -000.337853, 0000.178977, 0000.133717, 0000.324657, -000.936332, 0000.926017,   051,  1,  0000.740835, -000.555442, 0000.377687, 0000.000003, -000.414998, 0000.063628, 0000.907595, -000.043081, -000.528148, -000.829117, -000.183369, 0000.567699,   073,  1,  -000.661029, -000.736742, 0000.142310, 0000.102481, -000.377792, 0000.490638, 0000.785205, 0000.054528, -000.648316, 0000.465280, -000.602661, 0000.866776,   080,  1,  0000.732447, -000.525837, 0000.432454, -000.156995, -000.616285, -000.782023, 0000.092911, 0000.016518, 0000.289333, -000.334567, -000.896856, 0000.823732,   087,  1,  0000.643852, 0000.765001, -000.015076, 0000.087356, 0000.180422, -000.132642, 0000.974605, -000.019289, 0000.743574, -000.630221, -000.223425, 0000.680810, 
0000000009, 1570660425.887679115,   019,  1,  0000.986681, -000.131631, 0000.095570, -000.055781, -000.092224, -000.936644, -000.337925, 0000.178930, 0000.133997, 0000.324611, -000.936308, 0000.925862,   051,  1,  0000.740920, -000.555352, 0000.377654, 0000.000003, -000.414992, 0000.063535, 0000.907604, -000.042847, -000.528034, -000.829185, -000.183392, 0000.567674,   073,  1,  -000.661085, -000.736663, 0000.142455, 0000.102483, -000.377663, 0000.490756, 0000.785194, 0000.054484, -000.648334, 0000.465280, -000.602642, 0000.866803,   080,  1,  0000.732297, -000.525846, 0000.432697, -000.157028, -000.616379, -000.781954, 0000.092871, 0000.016525, 0000.289514, -000.334714, -000.896743, 0000.823935,   087,  1,  0000.643926, 0000.764942, -000.014929, 0000.087341, 0000.180280, -000.132738, 0000.974618, -000.019199, 0000.743544, -000.630273, -000.223378, 0000.680789, 
0000000010, 1570660425.898915043,   019,  1,  0000.986683, -000.131572, 0000.095630, -000.055807, -000.092171, -000.936707, -000.337764, 0000.179000, 0000.134017, 0000.324452, -000.936360, 0000.926259,   051,  1,  0000.741011, -000.555199, 0000.377700, -000.000007, -000.415010, 0000.063532, 0000.907596, -000.042966, -000.527892, -000.829288, -000.183335, 0000.567687,   073,  1,  -000.661071, -000.736679, 0000.142440, 0000.102469, -000.377472, 0000.490588, 0000.785390, 0000.054545, -000.648460, 0000.465432, -000.602389, 0000.866773,   080,  1,  0000.732324, -000.525712, 0000.432814, -000.157047, -000.616338, -000.781965, 0000.093044, 0000.016522, 0000.289531, -000.334899, -000.896669, 0000.824040,   087,  1,  0000.643856, 0000.765001, -000.014952, 0000.087333, 0000.180364, -000.132753, 0000.974600, -000.019233, 0000.743585, -000.630199, -000.223453, 0000.680794, 
0000000011, 1570660425.910151473,   019,  1,  0000.986765, -000.130996, 0000.095571, -000.055783, -000.091639, -000.936745, -000.337802, 0000.178932, 0000.133777, 0000.324574, -000.936352, 0000.925963,   051,  1,  0000.741229, -000.554949, 0000.377639, -000.000021, -000.414891, 0000.063494, 0000.907653, -000.042973, -000.527679, -000.829458, -000.183180, 0000.567684,   073,  1,  -000.661039, -000.736711, 0000.142425, 0000.102460, -000.377335, 0000.490443, 0000.785547, 0000.054564, -000.648573, 0000.465535, -000.602188, 0000.866778,   080,  1,  0000.732135, -000.525759, 0000.433078, -000.157028, -000.616488, -000.781849, 0000.093027, 0000.016519, 0000.289691, -000.335096, -000.896543, 0000.823971,   087,  1,  0000.643885, 0000.764976, -000.014954, 0000.087332, 0000.180391, -000.132785, 0000.974591, -000.019336, 0000.743553, -000.630222, -000.223493, 0000.680817, 
0000000012, 1570660425.921387238,   019,  1,  0000.986795, -000.130620, 0000.095777, -000.055797, -000.091222, -000.936807, -000.337744, 0000.178996, 0000.133840, 0000.324547, -000.936352, 0000.926307,   051,  1,  0000.741095, -000.555235, 0000.377482, -000.000022, -000.414811, 0000.063438, 0000.907693, -000.042805, -000.527930, -000.829270, -000.183304, 0000.567675,   073,  1,  -000.660938, -000.736807, 0000.142396, 0000.102464, -000.377313, 0000.490296, 0000.785649, 0000.054479, -000.648688, 0000.465537, -000.602062, 0000.866837,   080,  1,  0000.732129, -000.525771, 0000.433073, -000.157007, -000.616471, -000.781873, 0000.092941, 0000.016509, 0000.289743, -000.335022, -000.896554, 0000.823914,   087,  1,  0000.643843, 0000.765009, -000.015087, 0000.087318, 0000.180448, -000.132647, 0000.974599, -000.019300, 0000.743576, -000.630211, -000.223448, 0000.680805, 
0000000013, 1570660425.932623013,   019,  1,  0000.986778, -000.130960, 0000.095488, -000.055816, -000.091679, -000.936862, -000.337469, 0000.179097, 0000.133654, 0000.324253, -000.936481, 0000.926824,   051,  1,  0000.740982, -000.555348, 0000.377537, -000.000029, -000.414846, 0000.063538, 0000.907670, -000.043049, -000.528061, -000.829187, -000.183303, 0000.567698,   073,  1,  -000.660927, -000.736816, 0000.142402, 0000.102473, -000.377320, 0000.490297, 0000.785645, 0000.054379, -000.648695, 0000.465523, -000.602066, 0000.866893,   080,  1,  0000.732056, -000.525813, 0000.433145, -000.156967, -000.616608, -000.781742, 0000.093137, 0000.016498, 0000.289635, -000.335262, -000.896499, 0000.823768,   087,  1,  0000.643930, 0000.764936, -000.015086, 0000.087316, 0000.180432, -000.132669, 0000.974599, -000.019308, 0000.743504, -000.630296, -000.223448, 0000.680808, 
0000000014, 1570660425.943859098,   019,  1,  0000.986770, -000.130819, 0000.095767, -000.055771, -000.091414, -000.936789, -000.337743, 0000.178925, 0000.133897, 0000.324520, -000.936354, 0000.926036,   051,  1,  0000.740919, -000.555495, 0000.377444, -000.000019, -000.414771, 0000.063540, 0000.907705, -000.042850, -000.528209, -000.829088, -000.183325, 0000.567683,   073,  1,  -000.660961, -000.736785, 0000.142401, 0000.102479, -000.377395, 0000.490383, 0000.785556, 0000.054332, -000.648617, 0000.465480, -000.602183, 0000.866928,   080,  1,  0000.732078, -000.525715, 0000.433227, -000.156974, -000.616547, -000.781786, 0000.093169, 0000.016501, 0000.289710, -000.335312, -000.896456, 0000.823803,   087,  1,  0000.643848, 0000.765005, -000.015041, 0000.087314, 0000.180382, -000.132653, 0000.974610, -000.019215, 0000.743587, -000.630214, -000.223401, 0000.680786, 
0000000015, 1570660425.955094920,   019,  1,  0000.986670, -000.131612, 0000.095712, -000.055744, -000.092188, -000.936719, -000.337727, 0000.178883, 0000.134104, 0000.324401, -000.936365, 0000.925901,   051,  1,  0000.740778, -000.555590, 0000.377581, -000.000029, -000.414948, 0000.063565, 0000.907622, -000.043052, -000.528267, -000.829023, -000.183453, 0000.567706,   073,  1,  -000.660871, -000.736838, 0000.142546, 0000.102474, -000.377496, 0000.490522, 0000.785420, 0000.054407, -000.648649, 0000.465251, -000.602325, 0000.866879,   080,  1,  0000.732156, -000.525494, 0000.433364, -000.156979, -000.616353, -000.781943, 0000.093133, 0000.016494, 0000.289925, -000.335293, -000.896394, 0000.823888,   087,  1,  0000.643969, 0000.764904, -000.015036, 0000.087311, 0000.180322, -000.132654, 0000.974621, -000.019147, 0000.743497, -000.630337, -000.223354, 0000.680781, 
0000000016, 1570660425.966331065,   019,  1,  0000.986761, -000.131036, 0000.095567, -000.055783, -000.091701, -000.936798, -000.337640, 0000.179035, 0000.133770, 0000.324406, -000.936411, 0000.926744,   051,  1,  0000.741114, -000.555089, 0000.377659, -000.000014, -000.414887, 0000.063599, 0000.907648, -000.042907, -000.527844, -000.829356, -000.183165, 0000.567697,   073,  1,  -000.661098, -000.736642, 0000.142503, 0000.102478, -000.377420, 0000.490646, 0000.785379, 0000.054434, -000.648462, 0000.465429, -000.602389, 0000.866869,   080,  1,  0000.731873, -000.525801, 0000.433469, -000.156981, -000.616756, -000.781614, 0000.093232, 0000.016493, 0000.289783, -000.335578, -000.896333, 0000.823947,   087,  1,  0000.643887, 0000.764973, -000.015028, 0000.087329, 0000.180292, -000.132607, 0000.974633, -000.019282, 0000.743576, -000.630263, -000.223302, 0000.680818, 
0000000017, 1570660425.977566904,   019,  1,  0000.986636, -000.131798, 0000.095809, -000.055762, -000.092357, -000.936763, -000.337559, 0000.179038, 0000.134240, 0000.324199, -000.936416, 0000.926830,   051,  1,  0000.741031, -000.555311, 0000.377496, -000.000027, -000.414763, 0000.063574, 0000.907706, -000.043300, -000.528058, -000.829209, -000.183212, 0000.567731,   073,  1,  -000.661042, -000.736701, 0000.142461, 0000.102501, -000.377522, 0000.490618, 0000.785348, 0000.054347, -000.648460, 0000.465366, -000.602440, 0000.866925,   080,  1,  0000.732076, -000.525486, 0000.433509, -000.157047, -000.616496, -000.781796, 0000.093422, 0000.016496, 0000.289824, -000.335648, -000.896294, 0000.824281,   087,  1,  0000.643839, 0000.765016, -000.014922, 0000.087331, 0000.180280, -000.132713, 0000.974621, -000.019188, 0000.743620, -000.630189, -000.223363, 0000.680797, 
0000000018, 1570660425.988802957,   019,  1,  0000.986623, -000.132176, 0000.095421, -000.055764, -000.092807, -000.936627, -000.337812, 0000.179021, 0000.134025, 0000.324437, -000.936364, 0000.926809,   051,  1,  0000.741137, -000.555036, 0000.377691, 0000.000004, -000.414941, 0000.063554, 0000.907626, -000.042872, -000.527769, -000.829395, -000.183205, 0000.567699,   073,  1,  -000.661063, -000.736689, 0000.142426, 0000.102512, -000.377328, 0000.490462, 0000.785538, 0000.054263, -000.648552, 0000.465549, -000.602200, 0000.866983,   080,  1,  0000.731976, -000.525667, 0000.433457, -000.156990, -000.616641, -000.781692, 0000.093335, 0000.016487, 0000.289767, -000.335606, -000.896328, 0000.823994,   087,  1,  0000.643848, 0000.765006, -000.015003, 0000.087330, 0000.180326, -000.132652, 0000.974621, -000.019055, 0000.743601, -000.630214, -000.223358, 0000.680774, 
0000000019, 1570660426.000038793,   019,  1,  0000.986693, -000.131524, 0000.095595, -000.055714, -000.092172, -000.936796, -000.337518, 0000.178840, 0000.133945, 0000.324215, -000.936452, 0000.925924,   051,  1,  0000.741012, -000.555320, 0000.377520, -000.000004, -000.414805, 0000.063557, 0000.907688, -000.043159, -000.528052, -000.829204, -000.183253, 0000.567722,   073,  1,  -000.660795, -000.736933, 0000.142411, 0000.102507, -000.377297, 0000.490159, 0000.785742, 0000.054451, -000.648843, 0000.465483, -000.601937, 0000.866903,   080,  1,  0000.732308, -000.525315, 0000.433324, -000.156962, -000.616315, -000.781911, 0000.093654, 0000.016474, 0000.289623, -000.335647, -000.896359, 0000.823912,   087,  1,  0000.643971, 0000.764904, -000.014927, 0000.087354, 0000.180305, -000.132779, 0000.974607, -000.019231, 0000.743499, -000.630310, -000.223422, 0000.680821, 
0000000020, 1570660426.011274283,   019,  1,  0000.986662, -000.131765, 0000.095588, -000.055749, -000.092388, -000.936736, -000.337623, 0000.178962, 0000.134028, 0000.324288, -000.936415, 0000.926626,   051,  1,  0000.740928, -000.555533, 0000.377370, 0000.000013, -000.414708, 0000.063513, 0000.907735, -000.043185, -000.528245, -000.829065, -000.183326, 0000.567725,   073,  1,  -000.661104, -000.736663, 0000.142370, 0000.102535, -000.377161, 0000.490324, 0000.785705, 0000.054254, -000.648607, 0000.465737, -000.601995, 0000.867030,   080,  1,  0000.732062, -000.525773, 0000.433183, -000.156957, -000.616630, -000.781706, 0000.093291, 0000.016466, 0000.289572, -000.335409, -000.896465, 0000.823966,   087,  1,  0000.643912, 0000.764954, -000.014931, 0000.087370, 0000.180310, -000.132756, 0000.974610, -000.019261, 0000.743550, -000.630255, -000.223412, 0000.680829, 
0000000021, 1570660426.022510522,   019,  1,  0000.986665, -000.131750, 0000.095573, -000.055707, -000.092369, -000.936714, -000.337689, 0000.178900, 0000.134015, 0000.324358, -000.936393, 0000.926304,   051,  1,  0000.741226, -000.555136, 0000.377369, 0000.000040, -000.414633, 0000.063459, 0000.907773, -000.042970, -000.527885, -000.829335, -000.183141, 0000.567711,   073,  1,  -000.660856, -000.736846, 0000.142570, 0000.102502, -000.377074, 0000.490230, 0000.785805, 0000.054651, -000.648910, 0000.465545, -000.601817, 0000.866825,   080,  1,  0000.732132, -000.525747, 0000.433097, -000.156964, -000.616532, -000.781797, 0000.093178, 0000.016455, 0000.289606, -000.335237, -000.896518, 0000.824057,   087,  1,  0000.644004, 0000.764875, -000.015023, 0000.087385, 0000.180294, -000.132660, 0000.974626, -000.019324, 0000.743474, -000.630371, -000.223336, 0000.680846, 
0000000022, 1570660426.033746845,   019,  1,  0000.986560, -000.132634, 0000.095433, -000.055738, -000.093277, -000.936680, -000.337534, 0000.179010, 0000.134159, 0000.324096, -000.936463, 0000.926839,   051,  1,  0000.741245, -000.555039, 0000.377474, 0000.000050, -000.414818, 0000.063329, 0000.907698, -000.042866, -000.527713, -000.829410, -000.183298, 0000.567703,   073,  1,  -000.660777, -000.736910, 0000.142606, 0000.102549, -000.377071, 0000.490188, 0000.785833, 0000.054292, -000.648992, 0000.465488, -000.601772, 0000.867046,   080,  1,  0000.732254, -000.525457, 0000.433243, -000.156967, -000.616350, -000.781914, 0000.093394, 0000.016447, 0000.289684, -000.335417, -000.896425, 0000.824135,   087,  1,  0000.643819, 0000.765031, -000.014980, 0000.087387, 0000.180259, -000.132614, 0000.974639, -000.019303, 0000.743642, -000.630191, -000.223283, 0000.680850, 
0000000023, 1570660426.044982474,   019,  1,  0000.986521, -000.132962, 0000.095381, -000.055682, -000.093568, -000.936556, -000.337798, 0000.178833, 0000.134244, 0000.324320, -000.936373, 0000.926006,   051,  1,  0000.741229, -000.555062, 0000.377472, 0000.000051, -000.414747, 0000.063447, 0000.907722, -000.042781, -000.527792, -000.829385, -000.183182, 0000.567711,   073,  1,  -000.660833, -000.736878, 0000.142518, 0000.102552, -000.377166, 0000.490217, 0000.785769, 0000.054263, -000.648880, 0000.465509, -000.601877, 0000.867070,   080,  1,  0000.732217, -000.525424, 0000.433345, -000.156928, -000.616346, -000.781921, 0000.093363, 0000.016442, 0000.289786, -000.335453, -000.896379, 0000.824003,   087,  1,  0000.643854, 0000.765002, -000.014950, 0000.087371, 0000.180234, -000.132645, 0000.974639, -000.019214, 0000.743618, -000.630220, -000.223283, 0000.680842, 
0000000024, 1570660426.056218733,   019,  1,  0000.986588, -000.132128, 0000.095842, -000.055718, -000.092592, -000.936573, -000.338021, 0000.178955, 0000.134425, 0000.324613, -000.936246, 0000.926695,   051,  1,  0000.741316, -000.554881, 0000.377569, 0000.000027, -000.414784, 0000.063498, 0000.907702, -000.043104, -000.527641, -000.829503, -000.183084, 0000.567746,   073,  1,  -000.661056, -000.736688, 0000.142462, 0000.102515, -000.377237, 0000.490429, 0000.785603, 0000.054464, -000.648612, 0000.465586, -000.602107, 0000.866964,   080,  1,  0000.732171, -000.525322, 0000.433547, -000.156939, -000.616320, -000.781941, 0000.093371, 0000.016436, 0000.289958, -000.335567, -000.896281, 0000.824139,   087,  1,  0000.643806, 0000.765043, -000.014968, 0000.087370, 0000.180139, -000.132523, 0000.974673, -000.019319, 0000.743683, -000.630196, -000.223133, 0000.680879, 
0000000025, 1570660426.067454463,   019,  1,  0000.986561, -000.132455, 0000.095673, -000.055683, -000.092966, -000.936553, -000.337974, 0000.178868, 0000.134369, 0000.324538, -000.936280, 0000.926362,   051,  1,  0000.741182, -000.555132, 0000.377462, 0000.000021, -000.414819, 0000.063346, 0000.907696, -000.043000, -000.527802, -000.829346, -000.183329, 0000.567749,   073,  1,  -000.661067, -000.736676, 0000.142476, 0000.102510, -000.377258, 0000.490470, 0000.785567, 0000.054333, -000.648588, 0000.465562, -000.602150, 0000.867052,   080,  1,  0000.731897, -000.525544, 0000.433740, -000.156931, -000.616608, -000.781724, 0000.093288, 0000.016437, 0000.290038, -000.335725, -000.896196, 0000.824151,   087,  1,  0000.643869, 0000.764989, -000.014982, 0000.087355, 0000.180165, -000.132551, 0000.974664, -000.019268, 0000.743621, -000.630256, -000.223170, 0000.680878, 
0000000026, 1570660426.078690695,   019,  1,  0000.986617, -000.131995, 0000.095731, -000.055627, -000.092538, -000.936667, -000.337774, 0000.178686, 0000.134252, 0000.324395, -000.936346, 0000.925434,   051,  1,  0000.741085, -000.555340, 0000.377347, 0000.000021, -000.414655, 0000.063469, 0000.907763, -000.043048, -000.528066, -000.829198, -000.183238, 0000.567762,   073,  1,  -000.661310, -000.736482, 0000.142347, 0000.102478, -000.377147, 0000.490494, 0000.785605, 0000.054451, -000.648405, 0000.465843, -000.602131, 0000.867001,   080,  1,  0000.731629, -000.525667, 0000.434043, -000.156892, -000.616898, -000.781481, 0000.093404, 0000.016417, 0000.290097, -000.336097, -000.896037, 0000.824017,   087,  1,  0000.643902, 0000.764963, -000.014892, 0000.087350, 0000.180183, -000.132693, 0000.974642, -000.019182, 0000.743589, -000.630257, -000.223275, 0000.680868, 
0000000027, 1570660426.089926226,   019,  1,  0000.986526, -000.132843, 0000.095492, -000.055668, -000.093436, -000.936612, -000.337679, 0000.178863, 0000.134298, 0000.324207, -000.936405, 0000.926454,   051,  1,  0000.741293, -000.555035, 0000.377387, 0000.000014, -000.414639, 0000.063442, 0000.907772, -000.043094, -000.527787, -000.829404, -000.183111, 0000.567775,   073,  1,  -000.661233, -000.736572, 0000.142245, 0000.102482, -000.377293, 0000.490413, 0000.785586, 0000.054354, -000.648399, 0000.465787, -000.602180, 0000.867065,   080,  1,  0000.731875, -000.525161, 0000.434241, -000.156947, -000.616475, -000.781801, 0000.093523, 0000.016403, 0000.290375, -000.336146, -000.895929, 0000.824422,   087,  1,  0000.643658, 0000.765169, -000.014897, 0000.087358, 0000.180156, -000.132571, 0000.974663, -000.019293, 0000.743807, -000.630033, -000.223180, 0000.680903, 
0000000028, 1570660426.101162490,   019,  1,  0000.986703, -000.131256, 0000.095857, -000.055616, -000.091782, -000.936709, -000.337863, 0000.178739, 0000.134137, 0000.324573, -000.936301, 0000.925925,   051,  1,  0000.741279, -000.555009, 0000.377453, 0000.000029, -000.414591, 0000.063634, 0000.907780, -000.042903, -000.527845, -000.829407, -000.182931, 0000.567767,   073,  1,  -000.661315, -000.736491, 0000.142279, 0000.102496, -000.377099, 0000.490391, 0000.785693, 0000.054317, -000.648428, 0000.465938, -000.602033, 0000.867097,   080,  1,  0000.731523, -000.525491, 0000.434435, -000.156947, -000.616822, -000.781557, 0000.093266, 0000.016384, 0000.290526, -000.336195, -000.895861, 0000.824495,   087,  1,  0000.643617, 0000.765202, -000.014941, 0000.087357, 0000.180219, -000.132553, 0000.974654, -000.019256, 0000.743827, -000.629997, -000.223217, 0000.680903, 
0000000029, 1570660426.112398285,   019,  1,  0000.986502, -000.132953, 0000.095588, -000.055646, -000.093492, -000.936567, -000.337789, 0000.178921, 0000.134435, 0000.324293, -000.936355, 0000.926917,   051,  1,  0000.741201, -000.555161, 0000.377382, 0000.000015, -000.414637, 0000.063489, 0000.907769, -000.043314, -000.527918, -000.829316, -000.183132, 0000.567804,   073,  1,  -000.661230, -000.736552, 0000.142356, 0000.102522, -000.377047, 0000.490352, 0000.785742, 0000.054203, -000.648545, 0000.465882, -000.601950, 0000.867174,   080,  1,  0000.731624, -000.525237, 0000.434572, -000.156847, -000.616621, -000.781711, 0000.093312, 0000.016360, 0000.290698, -000.336235, -000.895790, 0000.824041,   087,  1,  0000.643687, 0000.765145, -000.014848, 0000.087349, 0000.180091, -000.132589, 0000.974673, -000.019132, 0000.743798, -000.630058, -000.223141, 0000.680880, 
0000000030, 1570660426.123634232,   019,  1,  0000.986376, -000.133864, 0000.095614, -000.055593, -000.094343, -000.936466, -000.337833, 0000.178715, 0000.134763, 0000.324210, -000.936337, 0000.925985,   051,  1,  0000.741376, -000.554855, 0000.377489, 0000.000023, -000.414751, 0000.063385, 0000.907725, -000.043170, -000.527583, -000.829529, -000.183134, 0000.567796,   073,  1,  -000.661038, -000.736710, 0000.142432, 0000.102525, -000.377059, 0000.490251, 0000.785799, 0000.054360, -000.648734, 0000.465738, -000.601858, 0000.867095,   080,  1,  0000.731415, -000.525456, 0000.434659, -000.156889, -000.616890, -000.781498, 0000.093314, 0000.016356, 0000.290652, -000.336388, -000.895748, 0000.824335,   087,  1,  0000.643823, 0000.765029, -000.014898, 0000.087354, 0000.180031, -000.132528, 0000.974692, -000.019169, 0000.743694, -000.630212, -000.223053, 0000.680889, 
0000000031, 1570660426.134870172,   019,  1,  0000.986512, -000.132653, 0000.095899, -000.055565, -000.093117, -000.936631, -000.337715, 0000.178715, 0000.134621, 0000.324230, -000.936350, 0000.925967,   051,  1,  0000.741221, -000.555091, 0000.377446, 0000.000030, -000.414679, 0000.063516, 0000.907748, -000.043072, -000.527856, -000.829361, -000.183105, 0000.567785,   073,  1,  -000.661109, -000.736639, 0000.142470, 0000.102537, -000.376915, 0000.490260, 0000.785863, 0000.054375, -000.648744, 0000.465842, -000.601766, 0000.867103,   080,  1,  0000.731464, -000.525295, 0000.434770, -000.156886, -000.616786, -000.781572, 0000.093385, 0000.016346, 0000.290749, -000.336468, -000.895687, 0000.824332,   087,  1,  0000.643591, 0000.765226, -000.014842, 0000.087374, 0000.180029, -000.132508, 0000.974695, -000.019335, 0000.743896, -000.629977, -000.223044, 0000.680934, 
0000000032, 1570660426.146106224,   019,  2,  0000.986472, -000.132887, 0000.095989, -000.055578, -000.093315, -000.936627, -000.337672, 0000.178806, 0000.134778, 0000.324147, -000.936357, 0000.926438,   051,  1,  0000.741224, -000.555247, 0000.377210, 0000.000040, -000.414513, 0000.063388, 0000.907833, -000.043019, -000.527983, -000.829266, -000.183172, 0000.567780,   073,  1,  -000.660873, -000.736839, 0000.142531, 0000.102542, -000.376972, 0000.490131, 0000.785916, 0000.054452, -000.648952, 0000.465661, -000.601682, 0000.867067,   080,  1,  0000.731580, -000.525136, 0000.434767, -000.156869, -000.616579, -000.781749, 0000.093273, 0000.016336, 0000.290897, -000.336305, -000.895700, 0000.824316,   087,  1,  0000.643647, 0000.765177, -000.014931, 0000.087375, 0000.180017, -000.132406, 0000.974712, -000.019248, 0000.743850, -000.630058, -000.222967, 0000.680908, 
0000000033, 1570660426.157342098,   019,  1,  0000.986432, -000.133120, 0000.096080, -000.055590, -000.093513, -000.936623, -000.337629, 0000.178896, 0000.134935, 0000.324063, -000.936363, 0000.926909,   051,  1,  0000.741570, -000.554727, 0000.377295, 0000.000041, -000.414536, 0000.063295, 0000.907829, -000.043159, -000.527478, -000.829621, -000.183016, 0000.567783,   073,  1,  -000.661181, -000.736573, 0000.142479, 0000.102565, -000.376874, 0000.490310, 0000.785851, 0000.054328, -000.648696, 0000.465893, -000.601779, 0000.867145,   080,  1,  0000.731470, -000.525184, 0000.434895, -000.156850, -000.616616, -000.781743, 0000.093074, 0000.016327, 0000.291095, -000.336244, -000.895658, 0000.824216,   087,  1,  0000.643717, 0000.765120, -000.014816, 0000.087386, 0000.179984, -000.132551, 0000.974698, -000.019281, 0000.743797, -000.630097, -000.223035, 0000.680913, 
0000000034, 1570660426.168578116,   019,  1,  0000.986460, -000.133105, 0000.095809, -000.055526, -000.093567, -000.936567, -000.337769, 0000.178656, 0000.134690, 0000.324231, -000.936340, 0000.925695,   051,  1,  0000.741143, -000.555323, 0000.377257, 0000.000062, -000.414583, 0000.063401, 0000.907800, -000.043027, -000.528041, -000.829214, -000.183238, 0000.567765,   073,  1,  -000.661016, -000.736714, 0000.142512, 0000.102573, -000.376991, 0000.490267, 0000.785822, 0000.054296, -000.648795, 0000.465716, -000.601809, 0000.867163,   080,  1,  0000.731277, -000.525328, 0000.435045, -000.156816, -000.616808, -000.781600, 0000.093005, 0000.016329, 0000.291173, -000.336351, -000.895593, 0000.824111,   087,  1,  0000.643797, 0000.765051, -000.014910, 0000.087398, 0000.180019, -000.132492, 0000.974700, -000.019314, 0000.743720, -000.630193, -000.223021, 0000.680913, 
0000000035, 1570660426.179813761,   019,  1,  0000.986458, -000.133056, 0000.095904, -000.055571, -000.093510, -000.936625, -000.337623, 0000.178868, 0000.134749, 0000.324083, -000.936383, 0000.926746,   051,  1,  0000.741346, -000.554983, 0000.377358, 0000.000072, -000.414636, 0000.063369, 0000.907778, -000.042975, -000.527715, -000.829444, -000.183137, 0000.567757,   073,  1,  -000.661215, -000.736555, 0000.142413, 0000.102569, -000.376985, 0000.490353, 0000.785771, 0000.054393, -000.648596, 0000.465876, -000.601899, 0000.867105,   080,  1,  0000.731477, -000.525122, 0000.434959, -000.156829, -000.616576, -000.781775, 0000.093075, 0000.016321, 0000.291164, -000.336267, -000.895627, 0000.824220,   087,  1,  0000.643651, 0000.765173, -000.014944, 0000.087407, 0000.180078, -000.132443, 0000.974695, -000.019358, 0000.743831, -000.630055, -000.223038, 0000.680917, 
0000000036, 1570660426.191050157,   019,  1,  0000.986499, -000.132579, 0000.096139, -000.055512, -000.093003, -000.936733, -000.337463, 0000.178731, 0000.134797, 0000.323965, -000.936417, 0000.925967,   051,  1,  0000.741274, -000.555165, 0000.377233, 0000.000070, -000.414456, 0000.063489, 0000.907852, -000.043196, -000.527958, -000.829314, -000.183028, 0000.567761,   073,  1,  -000.661371, -000.736418, 0000.142400, 0000.102581, -000.376969, 0000.490482, 0000.785698, 0000.054286, -000.648447, 0000.465957, -000.601997, 0000.867165,   080,  1,  0000.731461, -000.525112, 0000.434997, -000.156865, -000.616550, -000.781806, 0000.092980, 0000.016328, 0000.291258, -000.336209, -000.895618, 0000.824427,   087,  1,  0000.643634, 0000.765188, -000.014941, 0000.087413, 0000.180085, -000.132446, 0000.974693, -000.019303, 0000.743845, -000.630036, -000.223046, 0000.680897, 
0000000037, 1570660426.202285893,   019,  1,  0000.986458, -000.132818, 0000.096228, -000.055555, -000.093214, -000.936744, -000.337376, 0000.178883, 0000.134951, 0000.323838, -000.936439, 0000.926835,   051,  1,  0000.741350, -000.555022, 0000.377294, 0000.000081, -000.414509, 0000.063461, 0000.907830, -000.043142, -000.527809, -000.829411, -000.183015, 0000.567759,   073,  1,  -000.661166, -000.736607, 0000.142369, 0000.102564, -000.377164, 0000.490386, 0000.785664, 0000.054426, -000.648542, 0000.465758, -000.602049, 0000.867088,   080,  1,  0000.731354, -000.525203, 0000.435068, -000.156860, -000.616663, -000.781721, 0000.092944, 0000.016330, 0000.291287, -000.336266, -000.895588, 0000.824428,   087,  1,  0000.643542, 0000.765263, -000.015082, 0000.087412, 0000.180221, -000.132346, 0000.974682, -000.019278, 0000.743892, -000.629967, -000.223086, 0000.680893, 
0000000038, 1570660426.213521928,   019,  1,  0000.986431, -000.133478, 0000.095595, -000.055539, -000.093997, -000.936537, -000.337731, 0000.178852, 0000.134608, 0000.324163, -000.936376, 0000.926634,   051,  1,  0000.741434, -000.554899, 0000.377310, 0000.000084, -000.414526, 0000.063413, 0000.907825, -000.042946, -000.527677, -000.829498, -000.183004, 0000.567738,   073,  1,  -000.661334, -000.736484, 0000.142224, 0000.102570, -000.377144, 0000.490384, 0000.785675, 0000.054302, -000.648382, 0000.465955, -000.602069, 0000.867170,   080,  1,  0000.731355, -000.525140, 0000.435141, -000.156865, -000.616628, -000.781748, 0000.092950, 0000.016318, 0000.291359, -000.336300, -000.895551, 0000.824480,   087,  1,  0000.643633, 0000.765189, -000.014914, 0000.087409, 0000.180062, -000.132461, 0000.974696, -000.019328, 0000.743851, -000.630032, -000.223037, 0000.680897, 
0000000039, 1570660426.224757605,   019,  1,  0000.986416, -000.133488, 0000.095736, -000.055503, -000.093957, -000.936532, -000.337756, 0000.178714, 0000.134746, 0000.324173, -000.936352, 0000.925924,   051,  1,  0000.741560, -000.554749, 0000.377283, 0000.000075, -000.414492, 0000.063350, 0000.907845, -000.043113, -000.527527, -000.829603, -000.182961, 0000.567748,   073,  1,  -000.661256, -000.736556, 0000.142218, 0000.102552, -000.377128, 0000.490289, 0000.785743, 0000.054377, -000.648471, 0000.465943, -000.601982, 0000.867138,   080,  1,  0000.731314, -000.525003, 0000.435376, -000.156816, -000.616583, -000.781781, 0000.092973, 0000.016308, 0000.291558, -000.336437, -000.895435, 0000.824262,   087,  1,  0000.643676, 0000.765153, -000.014917, 0000.087399, 0000.180012, -000.132431, 0000.974709, -000.019285, 0000.743826, -000.630082, -000.222979, 0000.680889, 
0000000040, 1570660426.235993716,   019,  2,  0000.986415, -000.133368, 0000.095914, -000.055492, -000.093796, -000.936577, -000.337678, 0000.178682, 0000.134866, 0000.324094, -000.936362, 0000.925810,   051,  1,  0000.741251, -000.555241, 0000.377167, 0000.000066, -000.414415, 0000.063458, 0000.907873, -000.043105, -000.528022, -000.829265, -000.183062, 0000.567746,   073,  1,  -000.661360, -000.736457, 0000.142245, 0000.102535, -000.376910, 0000.490264, 0000.785863, 0000.054492, -000.648492, 0000.466125, -000.601819, 0000.867084,   080,  1,  0000.731082, -000.525366, 0000.435327, -000.156848, -000.616887, -000.781564, 0000.092775, 0000.016304, 0000.291495, -000.336374, -000.895479, 0000.824438,   087,  1,  0000.643561, 0000.765249, -000.014968, 0000.087397, 0000.180087, -000.132386, 0000.974701, -000.019401, 0000.743907, -000.629975, -000.223010, 0000.680915, 
0000000041, 1570660426.247229778,   019,  2,  0000.986413, -000.133247, 0000.096091, -000.055480, -000.093634, -000.936621, -000.337599, 0000.178650, 0000.134985, 0000.324015, -000.936372, 0000.925697,   051,  1,  0000.741263, -000.555209, 0000.377190, 0000.000074, -000.414498, 0000.063357, 0000.907842, -000.042966, -000.527940, -000.829294, -000.183169, 0000.567736,   073,  1,  -000.661052, -000.736725, 0000.142289, 0000.102545, -000.376879, 0000.489984, 0000.786052, 0000.054314, -000.648824, 0000.465996, -000.601561, 0000.867198,   080,  1,  0000.731444, -000.524891, 0000.435292, -000.156823, -000.616406, -000.781929, 0000.092901, 0000.016286, 0000.291605, -000.336269, -000.895483, 0000.824366,   087,  1,  0000.643695, 0000.765135, -000.014967, 0000.087380, 0000.180106, -000.132454, 0000.974689, -000.019276, 0000.743786, -000.630098, -000.223065, 0000.680886, 
0000000042, 1570660426.258466102,   019,  1,  0000.986412, -000.133127, 0000.096269, -000.055469, -000.093473, -000.936666, -000.337520, 0000.178618, 0000.135105, 0000.323936, -000.936383, 0000.925583,   051,  1,  0000.741442, -000.554917, 0000.377267, 0000.000068, -000.414548, 0000.063304, 0000.907823, -000.043169, -000.527649, -000.829494, -000.183103, 0000.567746,   073,  1,  -000.661366, -000.736438, 0000.142316, 0000.102551, -000.376758, 0000.490236, 0000.785953, 0000.054263, -000.648574, 0000.466184, -000.601684, 0000.867240,   080,  1,  0000.731511, -000.524751, 0000.435349, -000.156855, -000.616280, -000.782028, 0000.092903, 0000.016273, 0000.291704, -000.336256, -000.895456, 0000.824560,   087,  1,  0000.643497, 0000.765299, -000.015094, 0000.087388, 0000.180177, -000.132276, 0000.974700, -000.019344, 0000.743940, -000.629936, -000.223009, 0000.680898, 
0000000043, 1570660426.269701631,   019,  1,  0000.986290, -000.134158, 0000.096096, -000.055473, -000.094499, -000.936538, -000.337589, 0000.178616, 0000.135288, 0000.323879, -000.936376, 0000.925669,   051,  1,  0000.741438, -000.554964, 0000.377205, 0000.000069, -000.414464, 0000.063337, 0000.907859, -000.043180, -000.527720, -000.829460, -000.183052, 0000.567746,   073,  1,  -000.661245, -000.736522, 0000.142446, 0000.102543, -000.376744, 0000.490245, 0000.785954, 0000.054375, -000.648706, 0000.466043, -000.601652, 0000.867183,   080,  1,  0000.731426, -000.524882, 0000.435333, -000.156772, -000.616428, -000.781906, 0000.092948, 0000.016249, 0000.291603, -000.336336, -000.895458, 0000.824123,   087,  1,  0000.643687, 0000.765142, -000.015006, 0000.087377, 0000.180106, -000.132402, 0000.974696, -000.019228, 0000.743794, -000.630101, -000.223032, 0000.680875, 
