% Measurements merged on 10/09/19 17:23:18 Central Daylight Time
% Original files:
%    1: C:\Users\Al\Desktop\Nayo\KACEY\STROKE\RTIS2001\RTIS2001_REAL_trunkfree\2001tf_final_00000002_Series2s24.hts  (Series2s24)
%    2: C:\Users\Al\Desktop\Nayo\KACEY\STROKE\RTIS2001\RTIS2001_REAL_trunkfree\2001tf_final_00000002_Series2s25.hts  (Series2s25)
% Merge host: Al-PC
% System: MERGED
% nSharedImages: 1000
%
% Interpolated markers have status set to 2
%
% EMB001 (Marker properties) Series:2031, ID:019, Size:35, Thickness:001.846, tPu:[+000.000 +000.000 +000.000]
% EMB001 (Marker properties) Series:2031, ID:051, Size:35, Thickness:001.844, tPu:[+000.000 +000.000 +000.000]
% EMB001 (Marker properties) Series:2032, ID:073, Size:44, Thickness:002.200, tPu:[+000.000 +000.000 +000.000]
% EMB001 (Marker properties) Series:2032, ID:080, Size:44, Thickness:002.203, tPu:[+000.000 +000.000 +000.000]
% EMB001 (Marker properties) Series:2032, ID:087, Size:44, Thickness:002.251, tPu:[+000.000 +000.000 +000.000]
%
% ImageNumber,             FrameTime,           Marker,  ST, HT(1, 1),    HT(1, 2),    HT(1, 3),    HT(1, 4),    HT(2, 1),    HT(2, 2),    HT(2, 3),    HT(2, 4),    HT(3, 1),    HT(3, 2),    HT(3, 3),    HT(3, 4)
%
0000000000, 1570660191.651724318,   019,  1,  0000.985429, -000.135973, 0000.102177, -000.061271, -000.104976, -000.958894, -000.263632, 0000.189895, 0000.133824, 0000.249065, -000.959196, 0000.906365,   051,  1,  0000.775671, -000.521029, 0000.356177, 0000.002852, -000.386644, 0000.053758, 0000.920661, -000.040281, -000.498839, -000.851844, -000.159754, 0000.580779,   073,  1,  -000.564600, -000.785359, 0000.253846, 0000.106827, -000.327493, 0000.495476, 0000.804520, 0000.062197, -000.757611, 0000.371099, -000.536945, 0000.859063,   080,  1,  0000.748410, -000.555769, 0000.361944, -000.167974, -000.634584, -000.758718, 0000.147141, 0000.034995, 0000.192837, -000.339806, -000.920514, 0000.794140,   087,  1,  0000.655375, 0000.755092, -000.017876, 0000.092252, 0000.183276, -000.136023, 0000.973606, -000.015090, 0000.732731, -000.641353, -000.227536, 0000.694477, 
0000000001, 1570660191.662960153,   019,  1,  0000.985508, -000.135236, 0000.102394, -000.061216, -000.104198, -000.958967, -000.263674, 0000.189768, 0000.133851, 0000.249184, -000.959162, 0000.905689,   051,  1,  0000.775625, -000.521085, 0000.356197, 0000.002877, -000.386735, 0000.053663, 0000.920628, -000.039939, -000.498840, -000.851816, -000.159899, 0000.580751,   073,  1,  -000.565004, -000.785051, 0000.253901, 0000.106835, -000.327223, 0000.495693, 0000.804496, 0000.062143, -000.757427, 0000.371461, -000.536955, 0000.859104,   080,  1,  0000.748568, -000.555600, 0000.361876, -000.167874, -000.634401, -000.758858, 0000.147207, 0000.034979, 0000.192824, -000.339769, -000.920530, 0000.793723,   087,  1,  0000.655373, 0000.755096, -000.017788, 0000.092250, 0000.183246, -000.136111, 0000.973599, -000.015012, 0000.732739, -000.641330, -000.227572, 0000.694466, 
0000000002, 1570660191.674196158,   019,  2,  0000.985454, -000.135578, 0000.102462, -000.061237, -000.104506, -000.958917, -000.263737, 0000.189842, 0000.134009, 0000.249193, -000.959137, 0000.906057,   051,  1,  0000.775700, -000.521067, 0000.356059, 0000.002872, -000.386590, 0000.053626, 0000.920691, -000.040165, -000.498836, -000.851829, -000.159841, 0000.580780,   073,  1,  -000.564966, -000.785093, 0000.253855, 0000.106825, -000.327225, 0000.495620, 0000.804540, 0000.062241, -000.757455, 0000.371470, -000.536910, 0000.859061,   080,  1,  0000.748404, -000.555814, 0000.361888, -000.167933, -000.634581, -000.758746, 0000.147010, 0000.035001, 0000.192871, -000.339670, -000.920557, 0000.794030,   087,  1,  0000.655454, 0000.755025, -000.017836, 0000.092253, 0000.183282, -000.136112, 0000.973592, -000.015025, 0000.732658, -000.641414, -000.227597, 0000.694476, 
0000000003, 1570660191.685431872,   019,  1,  0000.985400, -000.135921, 0000.102529, -000.061257, -000.104813, -000.958866, -000.263799, 0000.189916, 0000.134167, 0000.249201, -000.959113, 0000.906424,   051,  1,  0000.775552, -000.521143, 0000.356272, 0000.002879, -000.386725, 0000.053856, 0000.920621, -000.040139, -000.498962, -000.851769, -000.159771, 0000.580785,   073,  1,  -000.564958, -000.785096, 0000.253863, 0000.106835, -000.327222, 0000.495621, 0000.804541, 0000.062201, -000.757462, 0000.371463, -000.536905, 0000.859102,   080,  1,  0000.748218, -000.556025, 0000.361948, -000.167916, -000.634799, -000.758580, 0000.146924, 0000.035002, 0000.192874, -000.339695, -000.920547, 0000.793941,   087,  1,  0000.655268, 0000.755186, -000.017852, 0000.092257, 0000.183299, -000.136032, 0000.973600, -000.014985, 0000.732820, -000.641241, -000.227562, 0000.694477, 
0000000004, 1570660191.696668124,   019,  1,  0000.985408, -000.136095, 0000.102219, -000.061271, -000.105108, -000.958925, -000.263468, 0000.189911, 0000.133877, 0000.248879, -000.959237, 0000.906358,   051,  1,  0000.775849, -000.520804, 0000.356119, 0000.002883, -000.386474, 0000.053845, 0000.920727, -000.040100, -000.498694, -000.851976, -000.159501, 0000.580795,   073,  1,  -000.564884, -000.785168, 0000.253804, 0000.106843, -000.327358, 0000.495573, 0000.804515, 0000.062144, -000.757458, 0000.371373, -000.536973, 0000.859155,   080,  1,  0000.748284, -000.555938, 0000.361946, -000.167937, -000.634684, -000.758700, 0000.146801, 0000.035002, 0000.192996, -000.339570, -000.920568, 0000.794071,   087,  1,  0000.655338, 0000.755123, -000.017929, 0000.092269, 0000.183369, -000.136021, 0000.973588, -000.015062, 0000.732740, -000.641317, -000.227606, 0000.694504, 
0000000005, 1570660191.707903979,   019,  1,  0000.985465, -000.135626, 0000.102291, -000.061275, -000.104604, -000.958925, -000.263668, 0000.189948, 0000.133850, 0000.249135, -000.959175, 0000.906518,   051,  1,  0000.775582, -000.521156, 0000.356187, 0000.002893, -000.386716, 0000.053704, 0000.920634, -000.040097, -000.498922, -000.851770, -000.159888, 0000.580801,   073,  1,  -000.564880, -000.785145, 0000.253885, 0000.106815, -000.327338, 0000.495643, 0000.804480, 0000.062378, -000.757470, 0000.371328, -000.536987, 0000.859038,   080,  1,  0000.748236, -000.555964, 0000.362003, -000.167926, -000.634700, -000.758717, 0000.146646, 0000.034994, 0000.193128, -000.339489, -000.920570, 0000.794053,   087,  1,  0000.655388, 0000.755080, -000.017902, 0000.092272, 0000.183211, -000.135939, 0000.973629, -000.015077, 0000.732735, -000.641385, -000.227432, 0000.694520, 
0000000006, 1570660191.719139993,   019,  2,  0000.985461, -000.135588, 0000.102380, -000.061301, -000.104545, -000.958930, -000.263672, 0000.190015, 0000.133926, 0000.249136, -000.959164, 0000.906869,   051,  1,  0000.775801, -000.520910, 0000.356071, 0000.002890, -000.386563, 0000.053636, 0000.920702, -000.039890, -000.498701, -000.851925, -000.159754, 0000.580796,   073,  1,  -000.564892, -000.785154, 0000.253831, 0000.106823, -000.327370, 0000.495612, 0000.804486, 0000.062271, -000.757447, 0000.371351, -000.537003, 0000.859112,   080,  1,  0000.748303, -000.555872, 0000.362007, -000.167939, -000.634608, -000.758794, 0000.146645, 0000.034996, 0000.193173, -000.339467, -000.920568, 0000.794154,   087,  1,  0000.655329, 0000.755131, -000.017899, 0000.092250, 0000.183293, -000.135990, 0000.973607, -000.014967, 0000.732767, -000.641314, -000.227529, 0000.694505, 
0000000007, 1570660191.730375848,   019,  1,  0000.985457, -000.135550, 0000.102468, -000.061327, -000.104485, -000.958936, -000.263677, 0000.190082, 0000.134002, 0000.249136, -000.959153, 0000.907220,   051,  1,  0000.775460, -000.521367, 0000.356142, 0000.002882, -000.386643, 0000.053818, 0000.920658, -000.039900, -000.499168, -000.851634, -000.159849, 0000.580804,   073,  1,  -000.564673, -000.785306, 0000.253850, 0000.106818, -000.327323, 0000.495449, 0000.804606, 0000.062321, -000.757631, 0000.371248, -000.536815, 0000.859099,   080,  1,  0000.748498, -000.555685, 0000.361890, -000.167907, -000.634388, -000.758966, 0000.146708, 0000.034986, 0000.193138, -000.339389, -000.920604, 0000.794007,   087,  1,  0000.655437, 0000.755040, -000.017821, 0000.092246, 0000.183208, -000.136060, 0000.973613, -000.014970, 0000.732692, -000.641407, -000.227508, 0000.694517, 
0000000008, 1570660191.741611937,   019,  1,  0000.985400, -000.136033, 0000.102377, -000.061291, -000.105009, -000.958938, -000.263458, 0000.189948, 0000.134013, 0000.248861, -000.959223, 0000.906636,   051,  1,  0000.775685, -000.521088, 0000.356063, 0000.002877, -000.386531, 0000.053741, 0000.920709, -000.039790, -000.498906, -000.851809, -000.159731, 0000.580806,   073,  1,  -000.564828, -000.785182, 0000.253885, 0000.106819, -000.327234, 0000.495555, 0000.804576, 0000.062254, -000.757553, 0000.371367, -000.536842, 0000.859150,   080,  1,  0000.748497, -000.555682, 0000.361897, -000.167895, -000.634372, -000.758993, 0000.146635, 0000.034966, 0000.193195, -000.339333, -000.920613, 0000.793960,   087,  1,  0000.655526, 0000.754962, -000.017824, 0000.092251, 0000.183196, -000.136080, 0000.973613, -000.015124, 0000.732615, -000.641494, -000.227510, 0000.694568, 
0000000009, 1570660191.752847847,   019,  1,  0000.985309, -000.136497, 0000.102640, -000.061218, -000.105367, -000.958847, -000.263648, 0000.189756, 0000.134403, 0000.248960, -000.959143, 0000.905699,   051,  1,  0000.775751, -000.520942, 0000.356133, 0000.002873, -000.386507, 0000.053870, 0000.920712, -000.039779, -000.498822, -000.851891, -000.159558, 0000.580816,   073,  1,  -000.564999, -000.785052, 0000.253909, 0000.106812, -000.327164, 0000.495670, 0000.804534, 0000.062205, -000.757456, 0000.371491, -000.536894, 0000.859178,   080,  1,  0000.748528, -000.555676, 0000.361843, -000.167897, -000.634371, -000.758971, 0000.146754, 0000.034968, 0000.193080, -000.339392, -000.920616, 0000.793992,   087,  1,  0000.655441, 0000.755034, -000.017924, 0000.092220, 0000.183236, -000.135952, 0000.973623, -000.014878, 0000.732681, -000.641437, -000.227458, 0000.694511, 
0000000010, 1570660191.764083908,   019,  1,  0000.985483, -000.135173, 0000.102721, -000.061310, -000.104082, -000.959035, -000.263476, 0000.189999, 0000.134128, 0000.248960, -000.959181, 0000.906915,   051,  1,  0000.775544, -000.521336, 0000.356005, 0000.002859, -000.386552, 0000.053684, 0000.920704, -000.039811, -000.499108, -000.851661, -000.159889, 0000.580824,   073,  1,  -000.564881, -000.785136, 0000.253910, 0000.106804, -000.327261, 0000.495632, 0000.804518, 0000.062149, -000.757502, 0000.371362, -000.536917, 0000.859215,   080,  1,  0000.748294, -000.555943, 0000.361916, -000.167939, -000.634636, -000.758780, 0000.146598, 0000.034968, 0000.193114, -000.339383, -000.920612, 0000.794194,   087,  1,  0000.655423, 0000.755051, -000.017841, 0000.092219, 0000.183220, -000.136039, 0000.973614, -000.014995, 0000.732701, -000.641398, -000.227503, 0000.694547, 
0000000011, 1570660191.775319446,   019,  1,  0000.985437, -000.135569, 0000.102637, -000.061245, -000.104468, -000.958951, -000.263627, 0000.189800, 0000.134163, 0000.249066, -000.959149, 0000.905953,   051,  1,  0000.775829, -000.521011, 0000.355862, 0000.002839, -000.386372, 0000.053577, 0000.920786, -000.040073, -000.498806, -000.851867, -000.159737, 0000.580852,   073,  1,  -000.565096, -000.785043, 0000.253720, 0000.106789, -000.327233, 0000.495580, 0000.804561, 0000.062245, -000.757354, 0000.371629, -000.536942, 0000.859170,   080,  1,  0000.748334, -000.555828, 0000.362011, -000.167882, -000.634580, -000.758804, 0000.146716, 0000.034960, 0000.193146, -000.339517, -000.920556, 0000.793934,   087,  1,  0000.655328, 0000.755134, -000.017845, 0000.092219, 0000.183231, -000.136006, 0000.973616, -000.015071, 0000.732784, -000.641307, -000.227492, 0000.694572, 
0000000012, 1570660191.786555656,   019,  1,  0000.985394, -000.135996, 0000.102483, -000.061272, -000.104924, -000.958905, -000.263615, 0000.189863, 0000.134122, 0000.249012, -000.959169, 0000.906281,   051,  1,  0000.775917, -000.520793, 0000.355988, 0000.002843, -000.386418, 0000.053672, 0000.920761, -000.040003, -000.498633, -000.851994, -000.159599, 0000.580850,   073,  1,  -000.564983, -000.785098, 0000.253800, 0000.106799, -000.327281, 0000.495603, 0000.804528, 0000.062077, -000.757417, 0000.371481, -000.536955, 0000.859272,   080,  1,  0000.748261, -000.555919, 0000.362022, -000.167896, -000.634639, -000.758788, 0000.146541, 0000.034965, 0000.193233, -000.339404, -000.920579, 0000.794017,   087,  1,  0000.655360, 0000.755104, -000.017927, 0000.092215, 0000.183307, -000.135979, 0000.973606, -000.015062, 0000.732736, -000.641348, -000.227531, 0000.694574, 
0000000013, 1570660191.797792150,   019,  1,  0000.985479, -000.135358, 0000.102518, -000.061293, -000.104336, -000.959051, -000.263314, 0000.189966, 0000.133961, 0000.248794, -000.959248, 0000.906766,   051,  1,  0000.775831, -000.520918, 0000.355992, 0000.002846, -000.386471, 0000.053636, 0000.920741, -000.039956, -000.498724, -000.851920, -000.159707, 0000.580841,   073,  1,  -000.565173, -000.784979, 0000.253745, 0000.106802, -000.327307, 0000.495698, 0000.804459, 0000.062068, -000.757264, 0000.371606, -000.537084, 0000.859283,   080,  1,  0000.748588, -000.555648, 0000.361761, -000.167902, -000.634305, -000.759031, 0000.146726, 0000.034969, 0000.193060, -000.339304, -000.920652, 0000.794066,   087,  1,  0000.655349, 0000.755115, -000.017860, 0000.092204, 0000.183235, -000.135997, 0000.973617, -000.014941, 0000.732764, -000.641331, -000.227489, 0000.694543, 
0000000014, 1570660191.809027630,   019,  1,  0000.985416, -000.135780, 0000.102560, -000.061258, -000.104742, -000.959018, -000.263274, 0000.189810, 0000.134105, 0000.248692, -000.959254, 0000.906029,   051,  1,  0000.775983, -000.520643, 0000.356064, 0000.002836, -000.386584, 0000.053484, 0000.920702, -000.040123, -000.498401, -000.852097, -000.159770, 0000.580860,   073,  1,  -000.564927, -000.785097, 0000.253930, 0000.106799, -000.327147, 0000.495630, 0000.804566, 0000.062045, -000.757517, 0000.371449, -000.536837, 0000.859312,   080,  1,  0000.748557, -000.555743, 0000.361680, -000.167927, -000.634371, -000.758978, 0000.146720, 0000.034983, 0000.192968, -000.339267, -000.920685, 0000.794167,   087,  1,  0000.655400, 0000.755073, -000.017752, 0000.092210, 0000.183189, -000.136118, 0000.973609, -000.015041, 0000.732729, -000.641355, -000.227533, 0000.694574, 
0000000015, 1570660191.820263608,   019,  2,  0000.985448, -000.135632, 0000.102454, -000.061297, -000.104634, -000.959048, -000.263208, 0000.189914, 0000.133958, 0000.248657, -000.959283, 0000.906504,   051,  1,  0000.775887, -000.520747, 0000.356121, 0000.002845, -000.386567, 0000.053669, 0000.920698, -000.040035, -000.498564, -000.852022, -000.159663, 0000.580849,   073,  1,  -000.564929, -000.785112, 0000.253879, 0000.106783, -000.327009, 0000.495512, 0000.804694, 0000.062243, -000.757575, 0000.371574, -000.536668, 0000.859217,   080,  1,  0000.748239, -000.556026, 0000.361903, -000.167925, -000.634727, -000.758692, 0000.146657, 0000.034985, 0000.193027, -000.339444, -000.920608, 0000.794116,   087,  1,  0000.655379, 0000.755091, -000.017763, 0000.092201, 0000.183202, -000.136106, 0000.973608, -000.014895, 0000.732745, -000.641337, -000.227536, 0000.694540, 
0000000016, 1570660191.831499435,   019,  1,  0000.985479, -000.135485, 0000.102348, -000.061335, -000.104526, -000.959078, -000.263142, 0000.190017, 0000.133811, 0000.248623, -000.959313, 0000.906978,   051,  1,  0000.775634, -000.521188, 0000.356027, 0000.002842, -000.386614, 0000.053564, 0000.920685, -000.040228, -000.498920, -000.851759, -000.159952, 0000.580876,   073,  1,  -000.564938, -000.785090, 0000.253927, 0000.106787, -000.326870, 0000.495499, 0000.804759, 0000.062205, -000.757628, 0000.371638, -000.536549, 0000.859250,   080,  1,  0000.748517, -000.555749, 0000.361754, -000.167892, -000.634415, -000.758931, 0000.146770, 0000.034986, 0000.192979, -000.339362, -000.920648, 0000.793962,   087,  1,  0000.655257, 0000.755197, -000.017778, 0000.092210, 0000.183288, -000.136113, 0000.973591, -000.014971, 0000.732832, -000.641211, -000.227608, 0000.694568, 
0000000017, 1570660191.842735572,   019,  1,  0000.985417, -000.135874, 0000.102431, -000.061312, -000.104897, -000.959063, -000.263048, 0000.189947, 0000.133980, 0000.248468, -000.959330, 0000.906574,   051,  1,  0000.775874, -000.520749, 0000.356145, 0000.002848, -000.386551, 0000.053746, 0000.920701, -000.040265, -000.498596, -000.852016, -000.159596, 0000.580880,   073,  1,  -000.564832, -000.785161, 0000.253944, 0000.106774, -000.327045, 0000.495525, 0000.804672, 0000.062329, -000.757632, 0000.371453, -000.536671, 0000.859184,   080,  1,  0000.748371, -000.555839, 0000.361916, -000.167902, -000.634557, -000.758821, 0000.146724, 0000.034988, 0000.193075, -000.339460, -000.920592, 0000.793996,   087,  1,  0000.655396, 0000.755074, -000.017864, 0000.092223, 0000.183274, -000.136045, 0000.973603, -000.015014, 0000.732712, -000.641369, -000.227548, 0000.694578, 
0000000018, 1570660191.853971468,   019,  1,  0000.985388, -000.136171, 0000.102314, -000.061320, -000.105218, -000.959032, -000.263034, 0000.190010, 0000.133940, 0000.248425, -000.959346, 0000.906934,   051,  1,  0000.775915, -000.520726, 0000.356091, 0000.002852, -000.386525, 0000.053671, 0000.920716, -000.040293, -000.498552, -000.852035, -000.159629, 0000.580892,   073,  1,  -000.564712, -000.785251, 0000.253931, 0000.106812, -000.327102, 0000.495453, 0000.804693, 0000.062081, -000.757697, 0000.371358, -000.536645, 0000.859330,   080,  1,  0000.748467, -000.555755, 0000.361846, -000.167975, -000.634434, -000.758936, 0000.146665, 0000.035001, 0000.193108, -000.339341, -000.920629, 0000.794305,   087,  1,  0000.655405, 0000.755068, -000.017781, 0000.092231, 0000.183243, -000.136129, 0000.973597, -000.015056, 0000.732712, -000.641358, -000.227581, 0000.694596, 
0000000019, 1570660191.865207455,   019,  1,  0000.985324, -000.136482, 0000.102519, -000.061320, -000.105404, -000.958884, -000.263499, 0000.189973, 0000.134267, 0000.248826, -000.959197, 0000.906751,   051,  1,  0000.776005, -000.520676, 0000.355968, 0000.002870, -000.386389, 0000.053635, 0000.920775, -000.040080, -000.498518, -000.852068, -000.159563, 0000.580872,   073,  1,  -000.564746, -000.785227, 0000.253932, 0000.106804, -000.327042, 0000.495449, 0000.804720, 0000.062200, -000.757698, 0000.371415, -000.536605, 0000.859264,   080,  1,  0000.748303, -000.555917, 0000.361938, -000.167996, -000.634597, -000.758830, 0000.146502, 0000.035005, 0000.193207, -000.339313, -000.920618, 0000.794355,   087,  1,  0000.655325, 0000.755135, -000.017899, 0000.092236, 0000.183348, -000.136037, 0000.973590, -000.014971, 0000.732757, -000.641300, -000.227601, 0000.694582, 
0000000020, 1570660191.876443408,   019,  1,  0000.985373, -000.136049, 0000.102622, -000.061384, -000.104977, -000.958972, -000.263350, 0000.190159, 0000.134240, 0000.248725, -000.959226, 0000.907654,   051,  1,  0000.775756, -000.520982, 0000.356062, 0000.002872, -000.386565, 0000.053642, 0000.920701, -000.040022, -000.498769, -000.851880, -000.159780, 0000.580875,   073,  1,  -000.564864, -000.785143, 0000.253927, 0000.106806, -000.327059, 0000.495538, 0000.804658, 0000.062189, -000.757602, 0000.371473, -000.536700, 0000.859266,   080,  1,  0000.748545, -000.555736, 0000.361715, -000.167951, -000.634392, -000.758945, 0000.146797, 0000.034979, 0000.192941, -000.339353, -000.920659, 0000.794120,   087,  1,  0000.655382, 0000.755088, -000.017787, 0000.092242, 0000.183220, -000.136092, 0000.973606, -000.015065, 0000.732738, -000.641343, -000.227539, 0000.694610, 
0000000021, 1570660191.887679439,   019,  1,  0000.985519, -000.134881, 0000.102757, -000.061385, -000.103837, -000.959156, -000.263131, 0000.190158, 0000.134051, 0000.248651, -000.959272, 0000.907724,   051,  1,  0000.776082, -000.520539, 0000.355999, 0000.002862, -000.386364, 0000.053689, 0000.920782, -000.040195, -000.498417, -000.852148, -000.159450, 0000.580893,   073,  1,  -000.564837, -000.785174, 0000.253890, 0000.106796, -000.327205, 0000.495553, 0000.804589, 0000.062283, -000.757559, 0000.371388, -000.536820, 0000.859215,   080,  1,  0000.748320, -000.555894, 0000.361938, -000.167994, -000.634576, -000.758847, 0000.146508, 0000.034985, 0000.193213, -000.339312, -000.920617, 0000.794270,   087,  1,  0000.655376, 0000.755094, -000.017739, 0000.092231, 0000.183209, -000.136143, 0000.973601, -000.014948, 0000.732746, -000.641325, -000.227565, 0000.694579, 
0000000022, 1570660191.898918981,   019,  1,  0000.985409, -000.136207, 0000.102066, -000.061355, -000.105233, -000.958868, -000.263624, 0000.190068, 0000.133775, 0000.249037, -000.959211, 0000.907269,   051,  1,  0000.775821, -000.520893, 0000.356051, 0000.002856, -000.386517, 0000.053668, 0000.920719, -000.040093, -000.498705, -000.851933, -000.159697, 0000.580889,   073,  1,  -000.564887, -000.785132, 0000.253911, 0000.106799, -000.327238, 0000.495625, 0000.804531, 0000.062176, -000.757508, 0000.371380, -000.536897, 0000.859276,   080,  1,  0000.748259, -000.556076, 0000.361785, -000.167988, -000.634715, -000.758720, 0000.146566, 0000.034982, 0000.192991, -000.339299, -000.920668, 0000.794230,   087,  1,  0000.655302, 0000.755158, -000.017765, 0000.092231, 0000.183204, -000.136074, 0000.973612, -000.015060, 0000.732814, -000.641264, -000.227518, 0000.694616, 
0000000023, 1570660191.910151195,   019,  1,  0000.985464, -000.135475, 0000.102505, -000.061332, -000.104431, -000.958998, -000.263470, 0000.189950, 0000.133996, 0000.248936, -000.959206, 0000.906716,   051,  1,  0000.775715, -000.521083, 0000.356004, 0000.002850, -000.386525, 0000.053631, 0000.920718, -000.040010, -000.498864, -000.851819, -000.159810, 0000.580886,   073,  1,  -000.564983, -000.785126, 0000.253715, 0000.106783, -000.327380, 0000.495565, 0000.804511, 0000.062255, -000.757375, 0000.371473, -000.537020, 0000.859224,   080,  1,  0000.748219, -000.556170, 0000.361723, -000.168005, -000.634785, -000.758664, 0000.146554, 0000.034988, 0000.192917, -000.339271, -000.920695, 0000.794305,   087,  1,  0000.655557, 0000.754937, -000.017734, 0000.092224, 0000.183191, -000.136204, 0000.973596, -000.015094, 0000.732589, -000.641497, -000.227587, 0000.694624, 
0000000024, 1570660191.921386949,   019,  1,  0000.985281, -000.136914, 0000.102352, -000.061334, -000.105885, -000.958868, -000.263363, 0000.189970, 0000.134201, 0000.248649, -000.959252, 0000.906745,   051,  1,  0000.775813, -000.521046, 0000.355845, 0000.002829, -000.386347, 0000.053597, 0000.920795, -000.040125, -000.498849, -000.851844, -000.159723, 0000.580900,   073,  1,  -000.564851, -000.785232, 0000.253680, 0000.106771, -000.327486, 0000.495485, 0000.804517, 0000.062196, -000.757427, 0000.371356, -000.537028, 0000.859258,   080,  1,  0000.748272, -000.556085, 0000.361742, -000.167920, -000.634688, -000.758761, 0000.146467, 0000.034967, 0000.193028, -000.339191, -000.920701, 0000.793915,   087,  1,  0000.655283, 0000.755171, -000.017906, 0000.092209, 0000.183303, -000.135971, 0000.973608, -000.015088, 0000.732806, -000.641271, -000.227525, 0000.694627, 
0000000025, 1570660191.932623177,   019,  1,  0000.985429, -000.135866, 0000.102319, -000.061333, -000.104810, -000.958861, -000.263817, 0000.189940, 0000.133954, 0000.249249, -000.959130, 0000.906597,   051,  1,  0000.775834, -000.520881, 0000.356041, 0000.002823, -000.386539, 0000.053605, 0000.920714, -000.040194, -000.498668, -000.851944, -000.159753, 0000.580904,   073,  1,  -000.565084, -000.785074, 0000.253650, 0000.106776, -000.327453, 0000.495607, 0000.804455, 0000.062118, -000.757268, 0000.371526, -000.537135, 0000.859288,   080,  1,  0000.748434, -000.555888, 0000.361712, -000.167979, -000.634475, -000.758941, 0000.146460, 0000.034978, 0000.193103, -000.339113, -000.920714, 0000.794204,   087,  1,  0000.655379, 0000.755089, -000.017845, 0000.092207, 0000.183249, -000.136042, 0000.973608, -000.015089, 0000.732733, -000.641353, -000.227528, 0000.694618, 
0000000026, 1570660191.943859087,   019,  1,  0000.985419, -000.135831, 0000.102467, -000.061321, -000.104769, -000.958924, -000.263606, 0000.189942, 0000.134064, 0000.249027, -000.959173, 0000.906600,   051,  1,  0000.775869, -000.520955, 0000.355856, 0000.002823, -000.386271, 0000.053717, 0000.920820, -000.040091, -000.498821, -000.851892, -000.159552, 0000.580898,   073,  1,  -000.565219, -000.784965, 0000.253688, 0000.106740, -000.327422, 0000.495729, 0000.804393, 0000.062395, -000.757181, 0000.371595, -000.537210, 0000.859127,   080,  1,  0000.748110, -000.556333, 0000.361696, -000.167984, -000.634914, -000.758580, 0000.146426, 0000.034975, 0000.192914, -000.339189, -000.920725, 0000.794244,   087,  1,  0000.655388, 0000.755082, -000.017839, 0000.092200, 0000.183333, -000.136127, 0000.973580, -000.015028, 0000.732704, -000.641343, -000.227648, 0000.694603, 
0000000027, 1570660191.955095043,   019,  1,  0000.985392, -000.136346, 0000.102040, -000.061333, -000.105395, -000.958890, -000.263480, 0000.189975, 0000.133770, 0000.248877, -000.959253, 0000.906809,   051,  1,  0000.775950, -000.520810, 0000.355892, 0000.002818, -000.386368, 0000.053568, 0000.920788, -000.040294, -000.498620, -000.851990, -000.159658, 0000.580918,   073,  1,  -000.565042, -000.785058, 0000.253796, 0000.106774, -000.327315, 0000.495658, 0000.804480, 0000.062149, -000.757359, 0000.371494, -000.537028, 0000.859257,   080,  1,  0000.748557, -000.555723, 0000.361710, -000.167961, -000.634323, -000.759053, 0000.146535, 0000.034966, 0000.193124, -000.339131, -000.920703, 0000.794116,   087,  1,  0000.655452, 0000.755028, -000.017772, 0000.092207, 0000.183204, -000.136126, 0000.973605, -000.015060, 0000.732679, -000.641407, -000.227548, 0000.694609, 
0000000028, 1570660191.966331057,   019,  1,  0000.985408, -000.136090, 0000.102229, -000.061310, -000.105103, -000.958930, -000.263451, 0000.189917, 0000.133884, 0000.248862, -000.959241, 0000.906507,   051,  1,  0000.775920, -000.520777, 0000.356005, 0000.002844, -000.386503, 0000.053553, 0000.920732, -000.039911, -000.498561, -000.852011, -000.159729, 0000.580878,   073,  1,  -000.565111, -000.785042, 0000.253690, 0000.106773, -000.327382, 0000.495633, 0000.804468, 0000.062179, -000.757279, 0000.371560, -000.537096, 0000.859237,   080,  1,  0000.748337, -000.555963, 0000.361798, -000.167954, -000.634590, -000.758839, 0000.146492, 0000.034950, 0000.193102, -000.339218, -000.920675, 0000.794060,   087,  1,  0000.655309, 0000.755150, -000.017865, 0000.092218, 0000.183284, -000.136018, 0000.973605, -000.015086, 0000.732787, -000.641286, -000.227541, 0000.694618, 
0000000029, 1570660191.977566683,   019,  1,  0000.985411, -000.135813, 0000.102567, -000.061379, -000.104716, -000.958911, -000.263673, 0000.190106, 0000.134163, 0000.249086, -000.959144, 0000.907498,   051,  1,  0000.775781, -000.520929, 0000.356085, 0000.002850, -000.386600, 0000.053610, 0000.920688, -000.040006, -000.498703, -000.851915, -000.159802, 0000.580878,   073,  1,  -000.565032, -000.785059, 0000.253811, 0000.106792, -000.327390, 0000.495704, 0000.804421, 0000.062142, -000.757334, 0000.371429, -000.537109, 0000.859250,   080,  1,  0000.748261, -000.556035, 0000.361843, -000.167949, -000.634682, -000.758759, 0000.146503, 0000.034944, 0000.193091, -000.339278, -000.920655, 0000.794038,   087,  1,  0000.655516, 0000.754971, -000.017821, 0000.092221, 0000.183262, -000.136139, 0000.973592, -000.015048, 0000.732607, -000.641471, -000.227599, 0000.694603, 
0000000030, 1570660191.988803784,   019,  1,  0000.985284, -000.136884, 0000.102364, -000.061271, -000.105809, -000.958790, -000.263679, 0000.189796, 0000.134239, 0000.248967, -000.959164, 0000.905999,   051,  1,  0000.775661, -000.521076, 0000.356131, 0000.002843, -000.386697, 0000.053593, 0000.920648, -000.040050, -000.498814, -000.851826, -000.159929, 0000.580888,   073,  1,  -000.564819, -000.785221, 0000.253786, 0000.106782, -000.327478, 0000.495566, 0000.804470, 0000.062282, -000.757455, 0000.371271, -000.537047, 0000.859178,   080,  1,  0000.748332, -000.555854, 0000.361974, -000.167919, -000.634560, -000.758850, 0000.146562, 0000.034929, 0000.193217, -000.339372, -000.920594, 0000.793895,   087,  1,  0000.655421, 0000.755056, -000.017690, 0000.092221, 0000.183201, -000.136216, 0000.973593, -000.014978, 0000.732708, -000.641354, -000.227606, 0000.694588, 
0000000031, 1570660192.000038556,   019,  1,  0000.985348, -000.136419, 0000.102372, -000.061305, -000.105352, -000.958835, -000.263696, 0000.189888, 0000.134131, 0000.249047, -000.959158, 0000.906380,   051,  1,  0000.775859, -000.520852, 0000.356027, 0000.002845, -000.386417, 0000.053775, 0000.920755, -000.040186, -000.498723, -000.851951, -000.159544, 0000.580899,   073,  1,  -000.564606, -000.785347, 0000.253872, 0000.106807, -000.327424, 0000.495473, 0000.804550, 0000.062198, -000.757637, 0000.371130, -000.536888, 0000.859228,   080,  1,  0000.748401, -000.555797, 0000.361920, -000.167975, -000.634442, -000.758985, 0000.146373, 0000.034939, 0000.193338, -000.339163, -000.920646, 0000.794142,   087,  1,  0000.655483, 0000.755001, -000.017758, 0000.092234, 0000.183201, -000.136153, 0000.973601, -000.015064, 0000.732652, -000.641433, -000.227563, 0000.694608, 
0000000032, 1570660192.011274792,   019,  1,  0000.985471, -000.135375, 0000.102565, -000.061313, -000.104306, -000.958985, -000.263566, 0000.189899, 0000.134039, 0000.249039, -000.959173, 0000.906421,   051,  1,  0000.775869, -000.520734, 0000.356178, 0000.002860, -000.386602, 0000.053719, 0000.920681, -000.039816, -000.498563, -000.852027, -000.159638, 0000.580863,   073,  1,  -000.564748, -000.785322, 0000.253634, 0000.106800, -000.327528, 0000.495383, 0000.804563, 0000.062299, -000.757486, 0000.371303, -000.536981, 0000.859178,   080,  1,  0000.748198, -000.556006, 0000.362018, -000.168004, -000.634717, -000.758730, 0000.146500, 0000.034936, 0000.193219, -000.339390, -000.920587, 0000.794272,   087,  1,  0000.655419, 0000.755056, -000.017774, 0000.092233, 0000.183271, -000.136168, 0000.973586, -000.015051, 0000.732692, -000.641364, -000.227627, 0000.694607, 
0000000033, 1570660192.022510780,   019,  1,  0000.985401, -000.136028, 0000.102380, -000.061342, -000.104970, -000.958878, -000.263695, 0000.189930, 0000.134040, 0000.249098, -000.959158, 0000.906668,   051,  1,  0000.775692, -000.521074, 0000.356068, 0000.002848, -000.386575, 0000.053673, 0000.920695, -000.040008, -000.498861, -000.851822, -000.159800, 0000.580890,   073,  1,  -000.564684, -000.785354, 0000.253675, 0000.106800, -000.327556, 0000.495393, 0000.804545, 0000.062270, -000.757522, 0000.371221, -000.536988, 0000.859186,   080,  1,  0000.748145, -000.556026, 0000.362098, -000.167914, -000.634747, -000.758723, 0000.146406, 0000.034912, 0000.193327, -000.339374, -000.920571, 0000.793858,   087,  1,  0000.655565, 0000.754931, -000.017738, 0000.092230, 0000.183196, -000.136207, 0000.973595, -000.014986, 0000.732581, -000.641504, -000.227593, 0000.694585, 
0000000034, 1570660192.033747235,   019,  1,  0000.985383, -000.135908, 0000.102706, -000.061298, -000.104789, -000.958933, -000.263564, 0000.189820, 0000.134309, 0000.248949, -000.959159, 0000.906098,   051,  1,  0000.775510, -000.521402, 0000.355983, 0000.002836, -000.386578, 0000.053619, 0000.920697, -000.039997, -000.499140, -000.851625, -000.159981, 0000.580894,   073,  1,  -000.564926, -000.785165, 0000.253722, 0000.106784, -000.327589, 0000.495632, 0000.804384, 0000.062359, -000.757327, 0000.371301, -000.537207, 0000.859120,   080,  1,  0000.748161, -000.556041, 0000.362040, -000.167976, -000.634736, -000.758737, 0000.146382, 0000.034922, 0000.193299, -000.339318, -000.920597, 0000.794165,   087,  1,  0000.655534, 0000.754956, -000.017771, 0000.092229, 0000.183197, -000.136154, 0000.973602, -000.015072, 0000.732608, -000.641485, -000.227559, 0000.694613, 
0000000035, 1570660192.044982632,   019,  1,  0000.985430, -000.135814, 0000.102382, -000.061261, -000.104771, -000.958921, -000.263617, 0000.189683, 0000.133979, 0000.249049, -000.959179, 0000.905351,   051,  1,  0000.775610, -000.521357, 0000.355832, 0000.002831, -000.386375, 0000.053643, 0000.920781, -000.040134, -000.499143, -000.851651, -000.159833, 0000.580913,   073,  1,  -000.564957, -000.785149, 0000.253702, 0000.106801, -000.327665, 0000.495672, 0000.804329, 0000.062192, -000.757271, 0000.371282, -000.537299, 0000.859192,   080,  1,  0000.748577, -000.555536, 0000.361955, -000.167996, -000.634200, -000.759179, 0000.146416, 0000.034919, 0000.193450, -000.339155, -000.920625, 0000.794238,   087,  1,  0000.655384, 0000.755084, -000.017895, 0000.092226, 0000.183365, -000.136081, 0000.973581, -000.015030, 0000.732700, -000.641351, -000.227641, 0000.694604, 
0000000036, 1570660192.056218497,   019,  1,  0000.985313, -000.136411, 0000.102718, -000.061355, -000.105233, -000.958802, -000.263866, 0000.190012, 0000.134480, 0000.249181, -000.959075, 0000.906952,   051,  1,  0000.775619, -000.521309, 0000.355883, 0000.002813, -000.386368, 0000.053739, 0000.920778, -000.040256, -000.499134, -000.851674, -000.159737, 0000.580930,   073,  1,  -000.564943, -000.785221, 0000.253512, 0000.106782, -000.327921, 0000.495592, 0000.804274, 0000.062225, -000.757171, 0000.371237, -000.537471, 0000.859168,   080,  1,  0000.748259, -000.555935, 0000.362001, -000.167945, -000.634570, -000.758917, 0000.146170, 0000.034901, 0000.193467, -000.339088, -000.920646, 0000.794011,   087,  1,  0000.655491, 0000.754994, -000.017796, 0000.092217, 0000.183234, -000.136136, 0000.973598, -000.014974, 0000.732637, -000.641445, -000.227576, 0000.694595, 
0000000037, 1570660192.067454631,   019,  1,  0000.985436, -000.135694, 0000.102486, -000.061300, -000.104594, -000.958872, -000.263866, 0000.189818, 0000.134076, 0000.249304, -000.959099, 0000.906092,   051,  1,  0000.775875, -000.520990, 0000.355791, 0000.002816, -000.386380, 0000.053412, 0000.920792, -000.040181, -000.498727, -000.851890, -000.159859, 0000.580926,   073,  1,  -000.565013, -000.785163, 0000.253535, 0000.106776, -000.327954, 0000.495683, 0000.804204, 0000.062255, -000.757104, 0000.371238, -000.537565, 0000.859140,   080,  1,  0000.748038, -000.556163, 0000.362106, -000.167994, -000.634853, -000.758668, 0000.146232, 0000.034904, 0000.193390, -000.339272, -000.920595, 0000.794276,   087,  1,  0000.655496, 0000.754989, -000.017801, 0000.092218, 0000.183171, -000.136077, 0000.973618, -000.015010, 0000.732648, -000.641463, -000.227490, 0000.694608, 
0000000038, 1570660192.078690304,   019,  1,  0000.985481, -000.135617, 0000.102149, -000.061269, -000.104593, -000.958848, -000.263951, 0000.189729, 0000.133742, 0000.249435, -000.959112, 0000.905569,   051,  1,  0000.775711, -000.521133, 0000.355939, 0000.002808, -000.386500, 0000.053560, 0000.920733, -000.040221, -000.498888, -000.851793, -000.159871, 0000.580939,   073,  1,  -000.565135, -000.785115, 0000.253410, 0000.106773, -000.328022, 0000.495678, 0000.804180, 0000.062263, -000.756984, 0000.371346, -000.537660, 0000.859131,   080,  1,  0000.748297, -000.555830, 0000.362084, -000.168002, -000.634505, -000.758961, 0000.146222, 0000.034900, 0000.193533, -000.339162, -000.920605, 0000.794254,   087,  1,  0000.655548, 0000.754942, -000.017850, 0000.092217, 0000.183252, -000.136105, 0000.973599, -000.015088, 0000.732581, -000.641512, -000.227568, 0000.694634, 
0000000039, 1570660192.089926427,   019,  1,  0000.985460, -000.135470, 0000.102549, -000.061324, -000.104337, -000.958854, -000.264031, 0000.189927, 0000.134097, 0000.249492, -000.959047, 0000.906510,   051,  1,  0000.775642, -000.521288, 0000.355862, 0000.002798, -000.386429, 0000.053585, 0000.920761, -000.040234, -000.499051, -000.851697, -000.159878, 0000.580938,   073,  1,  -000.564855, -000.785307, 0000.253439, 0000.106783, -000.328015, 0000.495500, 0000.804292, 0000.062208, -000.757195, 0000.371177, -000.537478, 0000.859166,   080,  1,  0000.748339, -000.555786, 0000.362064, -000.167939, -000.634470, -000.758975, 0000.146302, 0000.034891, 0000.193486, -000.339202, -000.920600, 0000.793978,   087,  1,  0000.655581, 0000.754914, -000.017841, 0000.092206, 0000.183239, -000.136120, 0000.973599, -000.014964, 0000.732555, -000.641542, -000.227567, 0000.694600, 
0000000040, 1570660192.101162367,   019,  2,  0000.985454, -000.135441, 0000.102641, -000.061313, -000.104291, -000.958869, -000.263994, 0000.189888, 0000.134175, 0000.249450, -000.959047, 0000.906352,   051,  1,  0000.775634, -000.521253, 0000.355931, 0000.002796, -000.386524, 0000.053550, 0000.920723, -000.040077, -000.498990, -000.851720, -000.159942, 0000.580924,   073,  1,  -000.564799, -000.785328, 0000.253500, 0000.106781, -000.327899, 0000.495465, 0000.804361, 0000.062286, -000.757287, 0000.371180, -000.537346, 0000.859124,   080,  1,  0000.748327, -000.555821, 0000.362035, -000.167986, -000.634470, -000.758998, 0000.146185, 0000.034884, 0000.193531, -000.339095, -000.920630, 0000.794208,   087,  1,  0000.655508, 0000.754978, -000.017813, 0000.092203, 0000.183259, -000.136144, 0000.973592, -000.014947, 0000.732615, -000.641462, -000.227600, 0000.694595, 
0000000041, 1570660192.112398429,   019,  2,  0000.985449, -000.135413, 0000.102734, -000.061302, -000.104245, -000.958884, -000.263958, 0000.189848, 0000.134253, 0000.249407, -000.959047, 0000.906194,   051,  1,  0000.775519, -000.521414, 0000.355947, 0000.002803, -000.386534, 0000.053625, 0000.920715, -000.040055, -000.499161, -000.851617, -000.159957, 0000.580929,   073,  1,  -000.564723, -000.785353, 0000.253591, 0000.106789, -000.327734, 0000.495423, 0000.804454, 0000.062277, -000.757415, 0000.371184, -000.537164, 0000.859129,   080,  1,  0000.748467, -000.555650, 0000.362009, -000.167936, -000.634280, -000.759163, 0000.146154, 0000.034866, 0000.193613, -000.339006, -000.920646, 0000.793977,   087,  1,  0000.655519, 0000.754971, -000.017717, 0000.092209, 0000.183154, -000.136180, 0000.973606, -000.015034, 0000.732632, -000.641462, -000.227545, 0000.694618, 
0000000042, 1570660192.123635261,   019,  1,  0000.985443, -000.135384, 0000.102827, -000.061291, -000.104199, -000.958900, -000.263921, 0000.189809, 0000.134331, 0000.249365, -000.959048, 0000.906036,   051,  1,  0000.775523, -000.521431, 0000.355913, 0000.002802, -000.386448, 0000.053711, 0000.920746, -000.040062, -000.499222, -000.851601, -000.159852, 0000.580934,   073,  1,  -000.564689, -000.785350, 0000.253674, 0000.106800, -000.327739, 0000.495485, 0000.804414, 0000.062201, -000.757438, 0000.371105, -000.537186, 0000.859171,   080,  1,  0000.748049, -000.556162, 0000.362086, -000.167901, -000.634826, -000.758708, 0000.146142, 0000.034854, 0000.193439, -000.339183, -000.920617, 0000.793797,   087,  1,  0000.655500, 0000.754986, -000.017774, 0000.092212, 0000.183210, -000.136147, 0000.973600, -000.015030, 0000.732635, -000.641451, -000.227566, 0000.694619, 
0000000043, 1570660192.134870426,   019,  1,  0000.985453, -000.135498, 0000.102581, -000.061337, -000.104351, -000.958843, -000.264068, 0000.189878, 0000.134140, 0000.249522, -000.959034, 0000.906306,   051,  1,  0000.775729, -000.521123, 0000.355916, 0000.002801, -000.386448, 0000.053599, 0000.920752, -000.040138, -000.498902, -000.851797, -000.159808, 0000.580940,   073,  1,  -000.564813, -000.785245, 0000.253726, 0000.106797, -000.327865, 0000.495690, 0000.804236, 0000.062260, -000.757292, 0000.371056, -000.537426, 0000.859131,   080,  1,  0000.748223, -000.555872, 0000.362173, -000.167935, -000.634573, -000.758911, 0000.146186, 0000.034860, 0000.193596, -000.339205, -000.920576, 0000.793940,   087,  1,  0000.655688, 0000.754821, -000.017832, 0000.092208, 0000.183216, -000.136154, 0000.973598, -000.014957, 0000.732465, -000.641644, -000.227570, 0000.694598, 
