% Measurements merged on 10/09/19 17:25:08 Central Daylight Time
% Original files:
%    1: C:\Users\Al\Desktop\Nayo\KACEY\STROKE\RTIS2001\RTIS2001_REAL_trunkfree\2001tf_final_00000007_Series2s24.hts  (Series2s24)
%    2: C:\Users\Al\Desktop\Nayo\KACEY\STROKE\RTIS2001\RTIS2001_REAL_trunkfree\2001tf_final_00000007_Series2s25.hts  (Series2s25)
% Merge host: Al-PC
% System: MERGED
% nSharedImages: 1000
%
% Interpolated markers have status set to 2
%
% EMB001 (Marker properties) Series:2031, ID:019, Size:35, Thickness:001.846, tPu:[+000.000 +000.000 +000.000]
% EMB001 (Marker properties) Series:2031, ID:051, Size:35, Thickness:001.844, tPu:[+000.000 +000.000 +000.000]
% EMB001 (Marker properties) Series:2032, ID:073, Size:44, Thickness:002.200, tPu:[+000.000 +000.000 +000.000]
% EMB001 (Marker properties) Series:2032, ID:080, Size:44, Thickness:002.203, tPu:[+000.000 +000.000 +000.000]
% EMB001 (Marker properties) Series:2032, ID:087, Size:44, Thickness:002.251, tPu:[+000.000 +000.000 +000.000]
%
% ImageNumber,             FrameTime,           Marker,  ST, HT(1, 1),    HT(1, 2),    HT(1, 3),    HT(1, 4),    HT(2, 1),    HT(2, 2),    HT(2, 3),    HT(2, 4),    HT(3, 1),    HT(3, 2),    HT(3, 3),    HT(3, 4)
%
0000000000, 1570660301.651724184,   019,  1,  0000.983298, -000.104057, 0000.149324, -000.066522, -000.059536, -000.959202, -000.276383, 0000.192641, 0000.171992, 0000.262876, -000.949376, 0000.938168,   051,  1,  0000.758888, -000.485457, 0000.434074, 0000.012990, -000.444220, 0000.101506, 0000.890149, -000.036411, -000.476190, -000.868348, -000.138619, 0000.590073,   073,  1,  -000.581338, -000.783716, 0000.218715, 0000.099661, -000.345960, 0000.481376, 0000.805350, 0000.066199, -000.736450, 0000.392513, -000.550977, 0000.888657,   080,  1,  0000.751964, -000.526268, 0000.396979, -000.163111, -000.614563, -000.777509, 0000.133386, 0000.031796, 0000.238458, -000.344270, -000.908084, 0000.825901,   087,  1,  0000.613328, 0000.789813, -000.004896, 0000.095061, 0000.187262, -000.139390, 0000.972370, -000.012834, 0000.767308, -000.597299, -000.233393, 0000.709918, 
0000000001, 1570660301.662960077,   019,  1,  0000.983274, -000.104383, 0000.149252, -000.066540, -000.059872, -000.959180, -000.276384, 0000.192716, 0000.172009, 0000.262825, -000.949387, 0000.938559,   051,  1,  0000.758723, -000.485635, 0000.434165, 0000.012973, -000.444379, 0000.101471, 0000.890073, -000.036606, -000.476306, -000.868253, -000.138818, 0000.590092,   073,  1,  -000.581392, -000.783678, 0000.218706, 0000.099650, -000.345831, 0000.481339, 0000.805428, 0000.066229, -000.736468, 0000.392634, -000.550867, 0000.888656,   080,  1,  0000.751814, -000.526330, 0000.397179, -000.163047, -000.614687, -000.777423, 0000.133313, 0000.031773, 0000.238610, -000.344368, -000.908007, 0000.825646,   087,  1,  0000.613373, 0000.789778, -000.004866, 0000.095070, 0000.187165, -000.139368, 0000.972392, -000.012982, 0000.767296, -000.597350, -000.233304, 0000.709970, 
0000000002, 1570660301.674196000,   019,  2,  0000.983274, -000.104233, 0000.149356, -000.066544, -000.059717, -000.959220, -000.276279, 0000.192753, 0000.172063, 0000.262739, -000.949401, 0000.938747,   051,  1,  0000.758663, -000.485746, 0000.434144, 0000.012972, -000.444391, 0000.101443, 0000.890071, -000.036412, -000.476389, -000.868194, -000.138900, 0000.590080,   073,  1,  -000.581408, -000.783620, 0000.218869, 0000.099628, -000.345713, 0000.481457, 0000.805408, 0000.066380, -000.736510, 0000.392605, -000.550831, 0000.888579,   080,  1,  0000.752042, -000.525969, 0000.397227, -000.163097, -000.614375, -000.777642, 0000.133475, 0000.031766, 0000.238697, -000.344426, -000.907962, 0000.825975,   087,  1,  0000.613417, 0000.789744, -000.004879, 0000.095056, 0000.187188, -000.139387, 0000.972385, -000.012953, 0000.767255, -000.597390, -000.233333, 0000.709968, 
0000000003, 1570660301.685432001,   019,  1,  0000.983274, -000.104083, 0000.149461, -000.066548, -000.059562, -000.959260, -000.276174, 0000.192791, 0000.172117, 0000.262653, -000.949415, 0000.938936,   051,  1,  0000.758672, -000.485821, 0000.434045, 0000.012965, -000.444292, 0000.101439, 0000.890121, -000.036578, -000.476468, -000.868152, -000.138888, 0000.590099,   073,  1,  -000.581430, -000.783586, 0000.218933, 0000.099626, -000.345575, 0000.481466, 0000.805462, 0000.066330, -000.736557, 0000.392662, -000.550727, 0000.888636,   080,  1,  0000.752010, -000.525898, 0000.397381, -000.163051, -000.614377, -000.777631, 0000.133531, 0000.031754, 0000.238792, -000.344559, -000.907886, 0000.825805,   087,  1,  0000.613215, 0000.789901, -000.004889, 0000.095050, 0000.187244, -000.139342, 0000.972380, -000.012989, 0000.767403, -000.597194, -000.233350, 0000.709980, 
0000000004, 1570660301.696668192,   019,  1,  0000.983202, -000.104395, 0000.149721, -000.066544, -000.059800, -000.959252, -000.276151, 0000.192763, 0000.172449, 0000.262559, -000.949381, 0000.938841,   051,  1,  0000.758703, -000.485667, 0000.434162, 0000.012958, -000.444354, 0000.101522, 0000.890080, -000.036740, -000.476360, -000.868228, -000.138783, 0000.590121,   073,  1,  -000.581528, -000.783528, 0000.218883, 0000.099624, -000.345439, 0000.481417, 0000.805549, 0000.066230, -000.736544, 0000.392839, -000.550618, 0000.888717,   080,  1,  0000.751757, -000.526109, 0000.397582, -000.163086, -000.614644, -000.777440, 0000.133418, 0000.031750, 0000.238904, -000.344669, -000.907815, 0000.826072,   087,  1,  0000.613207, 0000.789907, -000.004985, 0000.095041, 0000.187278, -000.139248, 0000.972387, -000.012958, 0000.767401, -000.597208, -000.233320, 0000.709974, 
0000000005, 1570660301.707903882,   019,  1,  0000.983278, -000.103739, 0000.149672, -000.066569, -000.059241, -000.959395, -000.275774, 0000.192876, 0000.172203, 0000.262296, -000.949498, 0000.939387,   051,  1,  0000.758730, -000.485665, 0000.434118, 0000.012961, -000.444392, 0000.101358, 0000.890080, -000.036582, -000.476282, -000.868249, -000.138922, 0000.590102,   073,  1,  -000.581385, -000.783659, 0000.218794, 0000.099616, -000.345525, 0000.481261, 0000.805605, 0000.066229, -000.736617, 0000.392768, -000.550572, 0000.888734,   080,  1,  0000.751554, -000.526167, 0000.397888, -000.163052, -000.614760, -000.777390, 0000.133173, 0000.031726, 0000.239243, -000.344693, -000.907717, 0000.825996,   087,  1,  0000.613272, 0000.789857, -000.004938, 0000.095049, 0000.187205, -000.139273, 0000.972398, -000.013052, 0000.767367, -000.597268, -000.233277, 0000.710003, 
0000000006, 1570660301.719139870,   019,  2,  0000.983266, -000.103945, 0000.149609, -000.066570, -000.059416, -000.959316, -000.276013, 0000.192858, 0000.172212, 0000.262505, -000.949439, 0000.939364,   051,  1,  0000.758850, -000.485434, 0000.434167, 0000.012973, -000.444408, 0000.101355, 0000.890072, -000.036328, -000.476077, -000.868378, -000.138817, 0000.590076,   073,  1,  -000.581337, -000.783674, 0000.218865, 0000.099596, -000.345610, 0000.481343, 0000.805520, 0000.066291, -000.736614, 0000.392637, -000.550668, 0000.888702,   080,  1,  0000.751602, -000.526034, 0000.397974, -000.163008, -000.614673, -000.777448, 0000.133238, 0000.031700, 0000.239316, -000.344766, -000.907670, 0000.825786,   087,  1,  0000.613238, 0000.789883, -000.004931, 0000.095036, 0000.187178, -000.139247, 0000.972407, -000.012962, 0000.767401, -000.597239, -000.233240, 0000.709979, 
0000000007, 1570660301.730375868,   019,  1,  0000.983254, -000.104151, 0000.149545, -000.066572, -000.059592, -000.959236, -000.276251, 0000.192839, 0000.172221, 0000.262714, -000.949380, 0000.939340,   051,  1,  0000.758939, -000.485114, 0000.434368, 0000.012967, -000.444445, 0000.101609, 0000.890025, -000.036624, -000.475899, -000.868528, -000.138492, 0000.590107,   073,  1,  -000.581386, -000.783693, 0000.218668, 0000.099604, -000.345664, 0000.481207, 0000.805579, 0000.066213, -000.736551, 0000.392767, -000.550661, 0000.888758,   080,  1,  0000.751482, -000.526056, 0000.398171, -000.163016, -000.614772, -000.777370, 0000.133235, 0000.031684, 0000.239437, -000.344908, -000.907584, 0000.825892,   087,  1,  0000.613121, 0000.789973, -000.005061, 0000.095046, 0000.187253, -000.139103, 0000.972413, -000.013057, 0000.767475, -000.597155, -000.233212, 0000.710003, 
0000000008, 1570660301.741611922,   019,  1,  0000.983343, -000.103500, 0000.149413, -000.066485, -000.059024, -000.959322, -000.276074, 0000.192604, 0000.171909, 0000.262656, -000.949452, 0000.938210,   051,  1,  0000.758891, -000.485557, 0000.433957, 0000.012970, -000.444199, 0000.101330, 0000.890180, -000.036582, -000.476206, -000.868312, -000.138786, 0000.590104,   073,  1,  -000.581440, -000.783653, 0000.218666, 0000.099587, -000.345497, 0000.481157, 0000.805680, 0000.066327, -000.736586, 0000.392906, -000.550514, 0000.888686,   080,  1,  0000.751190, -000.526317, 0000.398377, -000.163000, -000.615102, -000.777123, 0000.133153, 0000.031669, 0000.239507, -000.345066, -000.907505, 0000.825857,   087,  1,  0000.613073, 0000.790010, -000.005075, 0000.095028, 0000.187256, -000.139070, 0000.972417, -000.012829, 0000.767513, -000.597113, -000.233194, 0000.709946, 
0000000009, 1570660301.752847425,   019,  1,  0000.983213, -000.104198, 0000.149784, -000.066537, -000.059614, -000.959300, -000.276025, 0000.192722, 0000.172449, 0000.262462, -000.949408, 0000.938918,   051,  1,  0000.759106, -000.485051, 0000.434147, 0000.012984, -000.444242, 0000.101485, 0000.890140, -000.036419, -000.475823, -000.868577, -000.138442, 0000.590080,   073,  1,  -000.581507, -000.783602, 0000.218672, 0000.099595, -000.345483, 0000.481208, 0000.805655, 0000.066237, -000.736540, 0000.392947, -000.550547, 0000.888744,   080,  1,  0000.751479, -000.525935, 0000.398336, -000.163012, -000.614724, -000.777401, 0000.133279, 0000.031650, 0000.239571, -000.345023, -000.907505, 0000.825988,   087,  1,  0000.613113, 0000.789980, -000.004880, 0000.095040, 0000.187073, -000.139182, 0000.972436, -000.012932, 0000.767526, -000.597126, -000.233118, 0000.709970, 
0000000010, 1570660301.764083827,   019,  1,  0000.983199, -000.104812, 0000.149444, -000.066543, -000.060255, -000.959181, -000.276298, 0000.192747, 0000.172303, 0000.262651, -000.949382, 0000.939133,   051,  1,  0000.758993, -000.485290, 0000.434078, 0000.012984, -000.444242, 0000.101418, 0000.890148, -000.036440, -000.476003, -000.868452, -000.138611, 0000.590076,   073,  1,  -000.581603, -000.783557, 0000.218578, 0000.099580, -000.345448, 0000.481166, 0000.805695, 0000.066317, -000.736480, 0000.393088, -000.550526, 0000.888700,   080,  1,  0000.751344, -000.525963, 0000.398554, -000.162946, -000.614834, -000.777316, 0000.133263, 0000.031630, 0000.239711, -000.345171, -000.907411, 0000.825705,   087,  1,  0000.613121, 0000.789973, -000.004983, 0000.095039, 0000.187136, -000.139108, 0000.972435, -000.012939, 0000.767504, -000.597153, -000.233123, 0000.709972, 
0000000011, 1570660301.775319633,   019,  2,  0000.983190, -000.104797, 0000.149513, -000.066552, -000.060237, -000.959207, -000.276212, 0000.192736, 0000.172360, 0000.262563, -000.949396, 0000.939115,   051,  1,  0000.758895, -000.485327, 0000.434207, 0000.012989, -000.444424, 0000.101375, 0000.890062, -000.036319, -000.475989, -000.868436, -000.138758, 0000.590061,   073,  1,  -000.581183, -000.783875, 0000.218553, 0000.099590, -000.345433, 0000.480810, 0000.805914, 0000.066271, -000.736819, 0000.392889, -000.550215, 0000.888741,   080,  1,  0000.751079, -000.526231, 0000.398701, -000.162978, -000.615156, -000.777070, 0000.133214, 0000.031625, 0000.239717, -000.345317, -000.907354, 0000.825910,   087,  1,  0000.613251, 0000.789872, -000.005040, 0000.095041, 0000.187108, -000.139065, 0000.972446, -000.012963, 0000.767407, -000.597296, -000.233073, 0000.709981, 
0000000012, 1570660301.786555673,   019,  1,  0000.983182, -000.104782, 0000.149582, -000.066561, -000.060220, -000.959233, -000.276126, 0000.192725, 0000.172417, 0000.262474, -000.949410, 0000.939096,   051,  1,  0000.758983, -000.485227, 0000.434165, 0000.012986, -000.444295, 0000.101486, 0000.890114, -000.036317, -000.475969, -000.868479, -000.138558, 0000.590062,   073,  1,  -000.581401, -000.783714, 0000.218553, 0000.099584, -000.345259, 0000.480884, 0000.805944, 0000.066301, -000.736729, 0000.393119, -000.550171, 0000.888741,   080,  1,  0000.751115, -000.526116, 0000.398783, -000.162988, -000.615108, -000.777083, 0000.133359, 0000.031617, 0000.239725, -000.345462, -000.907297, 0000.825997,   087,  1,  0000.613123, 0000.789971, -000.005073, 0000.095033, 0000.187164, -000.139019, 0000.972442, -000.012862, 0000.767496, -000.597176, -000.233090, 0000.709955, 
0000000013, 1570660301.797791520,   019,  1,  0000.983210, -000.103988, 0000.149948, -000.066489, -000.059391, -000.959356, -000.275877, 0000.192534, 0000.172542, 0000.262340, -000.949425, 0000.938268,   051,  1,  0000.759037, -000.485340, 0000.433945, 0000.012976, -000.444160, 0000.101301, 0000.890202, -000.036595, -000.476009, -000.868437, -000.138678, 0000.590099,   073,  1,  -000.581400, -000.783733, 0000.218485, 0000.099600, -000.345300, 0000.480836, 0000.805956, 0000.066148, -000.736710, 0000.393140, -000.550181, 0000.888860,   080,  1,  0000.751063, -000.526086, 0000.398922, -000.162927, -000.615139, -000.777053, 0000.133388, 0000.031594, 0000.239810, -000.345576, -000.907231, 0000.825763,   087,  1,  0000.613057, 0000.790022, -000.005112, 0000.095035, 0000.187141, -000.138929, 0000.972459, -000.012889, 0000.767554, -000.597130, -000.233017, 0000.709967, 
0000000014, 1570660301.809027628,   019,  1,  0000.983146, -000.104452, 0000.150043, -000.066511, -000.059846, -000.959372, -000.275724, 0000.192602, 0000.172747, 0000.262098, -000.949454, 0000.938677,   051,  1,  0000.759021, -000.485260, 0000.434062, 0000.012982, -000.444266, 0000.101329, 0000.890146, -000.036672, -000.475935, -000.868479, -000.138674, 0000.590108,   073,  1,  -000.581526, -000.783616, 0000.218571, 0000.099587, -000.345088, 0000.480908, 0000.806003, 0000.066204, -000.736710, 0000.393286, -000.550077, 0000.888836,   080,  1,  0000.751022, -000.526020, 0000.399085, -000.162935, -000.615182, -000.776989, 0000.133565, 0000.031580, 0000.239827, -000.345820, -000.907134, 0000.825832,   087,  1,  0000.613014, 0000.790056, -000.005119, 0000.095028, 0000.187087, -000.138862, 0000.972479, -000.012807, 0000.767602, -000.597101, -000.232933, 0000.709947, 
0000000015, 1570660301.820263650,   019,  1,  0000.983107, -000.105072, 0000.149868, -000.066605, -000.060414, -000.959202, -000.276191, 0000.192832, 0000.172774, 0000.262471, -000.949346, 0000.939831,   051,  1,  0000.758885, -000.485472, 0000.434062, 0000.012992, -000.444255, 0000.101422, 0000.890141, -000.036439, -000.476162, -000.868349, -000.138706, 0000.590092,   073,  1,  -000.581431, -000.783668, 0000.218637, 0000.099570, -000.345101, 0000.480909, 0000.805998, 0000.066330, -000.736779, 0000.393181, -000.550060, 0000.888776,   080,  1,  0000.750925, -000.526024, 0000.399261, -000.162968, -000.615290, -000.776882, 0000.133692, 0000.031578, 0000.239854, -000.346054, -000.907037, 0000.825994,   087,  1,  0000.612875, 0000.790163, -000.005138, 0000.095035, 0000.187123, -000.138814, 0000.972479, -000.012912, 0000.767704, -000.596970, -000.232933, 0000.709986, 
0000000016, 1570660301.831499493,   019,  1,  0000.983124, -000.104694, 0000.150021, -000.066503, -000.060095, -000.959366, -000.275691, 0000.192553, 0000.172788, 0000.262023, -000.949467, 0000.938495,   051,  1,  0000.759019, -000.485338, 0000.433978, 0000.012995, -000.444177, 0000.101340, 0000.890189, -000.036419, -000.476022, -000.868434, -000.138657, 0000.590094,   073,  1,  -000.581400, -000.783644, 0000.218804, 0000.099566, -000.344799, 0000.480896, 0000.806134, 0000.066270, -000.736945, 0000.393243, -000.549793, 0000.888833,   080,  1,  0000.750738, -000.526243, 0000.399325, -000.162911, -000.615519, -000.776715, 0000.133607, 0000.031564, 0000.239852, -000.346096, -000.907022, 0000.825761,   087,  1,  0000.612986, 0000.790077, -000.005132, 0000.095041, 0000.187045, -000.138803, 0000.972496, -000.013069, 0000.767634, -000.597086, -000.232864, 0000.710046, 
0000000017, 1570660301.842735313,   019,  1,  0000.983091, -000.104739, 0000.150207, -000.066595, -000.060121, -000.959416, -000.275511, 0000.192787, 0000.172968, 0000.261822, -000.949490, 0000.939783,   051,  1,  0000.759056, -000.485101, 0000.434178, 0000.012985, -000.444278, 0000.101502, 0000.890120, -000.036699, -000.475869, -000.868547, -000.138474, 0000.590132,   073,  1,  -000.581497, -000.783598, 0000.218714, 0000.099550, -000.344850, 0000.480905, 0000.806107, 0000.066247, -000.736844, 0000.393325, -000.549869, 0000.888873,   080,  1,  0000.750755, -000.526203, 0000.399345, -000.162965, -000.615529, -000.776679, 0000.133771, 0000.031563, 0000.239772, -000.346237, -000.906989, 0000.826051,   087,  1,  0000.612977, 0000.790084, -000.005155, 0000.095019, 0000.187196, -000.138889, 0000.972454, -000.012890, 0000.767604, -000.597057, -000.233037, 0000.710013, 
0000000018, 1570660301.853971341,   019,  1,  0000.983106, -000.104660, 0000.150164, -000.066584, -000.059958, -000.959272, -000.276046, 0000.192689, 0000.172939, 0000.262379, -000.949342, 0000.939317,   051,  1,  0000.759100, -000.485213, 0000.433977, 0000.012988, -000.444154, 0000.101336, 0000.890201, -000.036445, -000.475915, -000.868504, -000.138585, 0000.590110,   073,  1,  -000.581363, -000.783708, 0000.218676, 0000.099534, -000.344924, 0000.480803, 0000.806137, 0000.066161, -000.736916, 0000.393231, -000.549840, 0000.888944,   080,  1,  0000.750831, -000.525923, 0000.399571, -000.162956, -000.615331, -000.776833, 0000.133782, 0000.031555, 0000.240041, -000.346316, -000.906888, 0000.825973,   087,  1,  0000.612779, 0000.790239, -000.004995, 0000.095009, 0000.187020, -000.138875, 0000.972490, -000.012903, 0000.767806, -000.596856, -000.232890, 0000.710024, 
0000000019, 1570660301.865207188,   019,  2,  0000.983070, -000.104938, 0000.150204, -000.066579, -000.060253, -000.959308, -000.275857, 0000.192645, 0000.173040, 0000.262136, -000.949390, 0000.939135,   051,  1,  0000.759017, -000.485347, 0000.433971, 0000.012982, -000.444191, 0000.101302, 0000.890187, -000.036674, -000.476012, -000.868433, -000.138697, 0000.590144,   073,  1,  -000.581322, -000.783745, 0000.218652, 0000.099505, -000.344831, 0000.480697, 0000.806240, 0000.066300, -000.736992, 0000.393287, -000.549699, 0000.888885,   080,  1,  0000.750794, -000.525915, 0000.399653, -000.162890, -000.615358, -000.776811, 0000.133792, 0000.031533, 0000.240091, -000.346380, -000.906850, 0000.825677,   087,  1,  0000.612807, 0000.790217, -000.005025, 0000.094996, 0000.186967, -000.138807, 0000.972510, -000.012799, 0000.767796, -000.596900, -000.232807, 0000.710008, 
0000000020, 1570660301.876443319,   019,  1,  0000.983034, -000.105216, 0000.150245, -000.066573, -000.060548, -000.959344, -000.275668, 0000.192601, 0000.173141, 0000.261894, -000.949439, 0000.938952,   051,  1,  0000.759337, -000.484711, 0000.434123, 0000.012991, -000.444223, 0000.101350, 0000.890165, -000.036488, -000.475471, -000.868783, -000.138361, 0000.590131,   073,  1,  -000.581640, -000.783517, 0000.218623, 0000.099477, -000.344697, 0000.480839, 0000.806212, 0000.066352, -000.736803, 0000.393566, -000.549751, 0000.888865,   080,  1,  0000.750601, -000.525971, 0000.399941, -000.162942, -000.615493, -000.776728, 0000.133652, 0000.031521, 0000.240348, -000.346480, -000.906744, 0000.825946,   087,  1,  0000.612892, 0000.790151, -000.005038, 0000.095001, 0000.186968, -000.138824, 0000.972507, -000.012916, 0000.767728, -000.596984, -000.232817, 0000.710050, 
0000000021, 1570660301.887679243,   019,  1,  0000.983052, -000.104728, 0000.150468, -000.066555, -000.060029, -000.959405, -000.275570, 0000.192559, 0000.173219, 0000.261867, -000.949432, 0000.938737,   051,  1,  0000.759261, -000.484975, 0000.433962, 0000.012994, -000.444139, 0000.101250, 0000.890219, -000.036362, -000.475672, -000.868647, -000.138521, 0000.590117,   073,  1,  -000.581449, -000.783664, 0000.218606, 0000.099476, -000.344618, 0000.480633, 0000.806369, 0000.066328, -000.736991, 0000.393526, -000.549528, 0000.888885,   080,  1,  0000.750582, -000.525806, 0000.400194, -000.162907, -000.615418, -000.776789, 0000.133640, 0000.031485, 0000.240598, -000.346594, -000.906634, 0000.825774,   087,  1,  0000.612886, 0000.790156, -000.004965, 0000.095012, 0000.186941, -000.138890, 0000.972503, -000.013037, 0000.767739, -000.596962, -000.232836, 0000.710087, 
0000000022, 1570660301.898915253,   019,  1,  0000.983061, -000.104863, 0000.150319, -000.066639, -000.060225, -000.959431, -000.275436, 0000.192776, 0000.173104, 0000.261717, -000.949494, 0000.939891,   051,  1,  0000.759244, -000.484931, 0000.434039, 0000.012991, -000.444155, 0000.101370, 0000.890197, -000.036731, -000.475683, -000.868657, -000.138420, 0000.590162,   073,  1,  -000.581279, -000.783754, 0000.218733, 0000.099487, -000.344471, 0000.480555, 0000.806478, 0000.066283, -000.737194, 0000.393441, -000.549317, 0000.888910,   080,  1,  0000.750422, -000.526082, 0000.400131, -000.162948, -000.615668, -000.776598, 0000.133598, 0000.031464, 0000.240457, -000.346603, -000.906668, 0000.826007,   087,  1,  0000.612955, 0000.790101, -000.005125, 0000.095016, 0000.186949, -000.138726, 0000.972525, -000.013005, 0000.767682, -000.597072, -000.232742, 0000.710083, 
0000000023, 1570660301.910151126,   019,  1,  0000.982983, -000.105719, 0000.150223, -000.066542, -000.061018, -000.959272, -000.275816, 0000.192489, 0000.173264, 0000.261956, -000.949399, 0000.938563,   051,  1,  0000.759078, -000.485126, 0000.434111, 0000.012994, -000.444254, 0000.101412, 0000.890143, -000.036505, -000.475856, -000.868544, -000.138539, 0000.590142,   073,  1,  -000.581409, -000.783675, 0000.218670, 0000.099496, -000.344474, 0000.480592, 0000.806455, 0000.066307, -000.737090, 0000.393554, -000.549376, 0000.888889,   080,  1,  0000.750708, -000.525597, 0000.400232, -000.162891, -000.615211, -000.776957, 0000.133616, 0000.031425, 0000.240735, -000.346533, -000.906621, 0000.825718,   087,  1,  0000.612919, 0000.790129, -000.005067, 0000.095013, 0000.186937, -000.138774, 0000.972521, -000.012892, 0000.767714, -000.597024, -000.232762, 0000.710052, 
0000000024, 1570660301.921387112,   019,  1,  0000.983035, -000.105499, 0000.150041, -000.066636, -000.060820, -000.959234, -000.275991, 0000.192742, 0000.173042, 0000.262183, -000.949377, 0000.939910,   051,  1,  0000.758908, -000.485362, 0000.434145, 0000.012988, -000.444304, 0000.101473, 0000.890111, -000.036690, -000.476080, -000.868405, -000.138639, 0000.590157,   073,  1,  -000.581083, -000.783903, 0000.218723, 0000.099518, -000.344576, 0000.480450, 0000.806495, 0000.066211, -000.737299, 0000.393274, -000.549295, 0000.888939,   080,  1,  0000.750488, -000.525807, 0000.400368, -000.163006, -000.615450, -000.776789, 0000.133494, 0000.031416, 0000.240810, -000.346592, -000.906579, 0000.826296,   087,  1,  0000.612922, 0000.790127, -000.005044, 0000.095012, 0000.186867, -000.138749, 0000.972538, -000.012847, 0000.767728, -000.597033, -000.232691, 0000.710037, 
0000000025, 1570660301.932622824,   019,  2,  0000.983029, -000.105387, 0000.150159, -000.066622, -000.060670, -000.959229, -000.276042, 0000.192733, 0000.173128, 0000.262248, -000.949343, 0000.939875,   051,  1,  0000.759208, -000.484819, 0000.434227, 0000.012997, -000.444341, 0000.101395, 0000.890101, -000.036543, -000.475566, -000.868717, -000.138445, 0000.590139,   073,  1,  -000.581264, -000.783807, 0000.218581, 0000.099520, -000.344479, 0000.480392, 0000.806571, 0000.066335, -000.737201, 0000.393534, -000.549240, 0000.888861,   080,  1,  0000.750549, -000.525646, 0000.400466, -000.162994, -000.615342, -000.776861, 0000.133572, 0000.031391, 0000.240894, -000.346676, -000.906524, 0000.826266,   087,  1,  0000.612974, 0000.790087, -000.004990, 0000.095021, 0000.186886, -000.138849, 0000.972520, -000.012901, 0000.767682, -000.597062, -000.232767, 0000.710047, 
0000000026, 1570660301.943859016,   019,  1,  0000.983023, -000.105275, 0000.150277, -000.066608, -000.060519, -000.959223, -000.276094, 0000.192724, 0000.173215, 0000.262312, -000.949310, 0000.939840,   051,  1,  0000.759248, -000.485026, 0000.433926, 0000.012995, -000.444143, 0000.101184, 0000.890224, -000.036419, -000.475688, -000.868626, -000.138597, 0000.590121,   073,  1,  -000.581288, -000.783798, 0000.218551, 0000.099532, -000.344616, 0000.480452, 0000.806477, 0000.066291, -000.737118, 0000.393479, -000.549391, 0000.888873,   080,  1,  0000.750424, -000.525668, 0000.400672, -000.162965, -000.615413, -000.776827, 0000.133445, 0000.031371, 0000.241105, -000.346719, -000.906452, 0000.826152,   087,  1,  0000.613030, 0000.790043, -000.005083, 0000.095029, 0000.186964, -000.138816, 0000.972509, -000.012973, 0000.767619, -000.597128, -000.232808, 0000.710060, 
0000000027, 1570660301.955094788,   019,  2,  0000.983014, -000.105357, 0000.150275, -000.066606, -000.060574, -000.959178, -000.276240, 0000.192677, 0000.173244, 0000.262446, -000.949268, 0000.939639,   051,  1,  0000.759145, -000.485092, 0000.434033, 0000.012991, -000.444301, 0000.101146, 0000.890149, -000.036605, -000.475705, -000.868594, -000.138743, 0000.590134,   073,  1,  -000.581325, -000.783801, 0000.218442, 0000.099532, -000.344719, 0000.480423, 0000.806451, 0000.066227, -000.737042, 0000.393509, -000.549473, 0000.888906,   080,  1,  0000.750263, -000.525908, 0000.400656, -000.162967, -000.615639, -000.776658, 0000.133382, 0000.031350, 0000.241026, -000.346731, -000.906468, 0000.826182,   087,  1,  0000.613100, 0000.789989, -000.005082, 0000.095016, 0000.187009, -000.138879, 0000.972492, -000.012841, 0000.767552, -000.597185, -000.232882, 0000.710020, 
0000000028, 1570660301.966330774,   019,  1,  0000.983006, -000.105440, 0000.150272, -000.066603, -000.060628, -000.959132, -000.276387, 0000.192630, 0000.173273, 0000.262579, -000.949225, 0000.939438,   051,  1,  0000.759244, -000.485044, 0000.433914, 0000.013003, -000.444059, 0000.101316, 0000.890251, -000.036442, -000.475773, -000.868601, -000.138464, 0000.590112,   073,  1,  -000.581287, -000.783862, 0000.218324, 0000.099525, -000.344807, 0000.480320, 0000.806474, 0000.066207, -000.737030, 0000.393514, -000.549485, 0000.888893,   080,  1,  0000.750411, -000.525596, 0000.400790, -000.162959, -000.615362, -000.776882, 0000.133357, 0000.031326, 0000.241275, -000.346703, -000.906412, 0000.826178,   087,  1,  0000.612995, 0000.790071, -000.004977, 0000.095026, 0000.187027, -000.138983, 0000.972474, -000.012891, 0000.767632, -000.597052, -000.232960, 0000.710024, 
0000000029, 1570660301.977566900,   019,  1,  0000.983031, -000.105245, 0000.150247, -000.066532, -000.060440, -000.959137, -000.276413, 0000.192461, 0000.173199, 0000.262641, -000.949222, 0000.938689,   051,  1,  0000.759287, -000.485058, 0000.433822, 0000.013000, -000.444049, 0000.101142, 0000.890275, -000.036674, -000.475713, -000.868613, -000.138594, 0000.590132,   073,  1,  -000.581365, -000.783803, 0000.218330, 0000.099510, -000.344788, 0000.480376, 0000.806449, 0000.066319, -000.736978, 0000.393563, -000.549519, 0000.888813,   080,  1,  0000.750259, -000.525665, 0000.400983, -000.162956, -000.615521, -000.776748, 0000.133401, 0000.031298, 0000.241339, -000.346899, -000.906320, 0000.826215,   087,  1,  0000.612959, 0000.790098, -000.005062, 0000.095044, 0000.186984, -000.138832, 0000.972503, -000.012965, 0000.767670, -000.597051, -000.232834, 0000.710042, 
0000000030, 1570660301.988803016,   019,  1,  0000.983033, -000.104717, 0000.150602, -000.066548, -000.059830, -000.959178, -000.276403, 0000.192487, 0000.173398, 0000.262703, -000.949168, 0000.938866,   051,  1,  0000.759430, -000.484906, 0000.433742, 0000.013019, -000.443928, 0000.101141, 0000.890336, -000.036563, -000.475598, -000.868698, -000.138453, 0000.590116,   073,  1,  -000.581415, -000.783771, 0000.218313, 0000.099521, -000.344827, 0000.480417, 0000.806408, 0000.066245, -000.736920, 0000.393577, -000.549587, 0000.888847,   080,  1,  0000.750333, -000.525390, 0000.401204, -000.162918, -000.615368, -000.776842, 0000.133563, 0000.031267, 0000.241500, -000.347105, -000.906199, 0000.826053,   087,  1,  0000.612897, 0000.790147, -000.005035, 0000.095060, 0000.186973, -000.138833, 0000.972505, -000.013058, 0000.767723, -000.596987, -000.232826, 0000.710060, 
0000000031, 1570660302.000038836,   019,  1,  0000.982993, -000.105575, 0000.150264, -000.066475, -000.060731, -000.959076, -000.276560, 0000.192220, 0000.173312, 0000.262731, -000.949176, 0000.937656,   051,  1,  0000.759070, -000.485335, 0000.433892, 0000.013019, -000.444148, 0000.101207, 0000.890219, -000.036627, -000.475967, -000.868451, -000.138738, 0000.590121,   073,  1,  -000.581274, -000.783872, 0000.218325, 0000.099540, -000.345089, 0000.480462, 0000.806269, 0000.066109, -000.736909, 0000.393321, -000.549785, 0000.888914,   080,  1,  0000.749998, -000.525668, 0000.401468, -000.162974, -000.615701, -000.776615, 0000.133343, 0000.031254, 0000.241692, -000.347191, -000.906114, 0000.826341,   087,  1,  0000.612798, 0000.790224, -000.004972, 0000.095048, 0000.186957, -000.138861, 0000.972504, -000.012835, 0000.767806, -000.596878, -000.232832, 0000.709996, 
0000000032, 1570660302.011274940,   019,  1,  0000.982945, -000.106129, 0000.150183, -000.066526, -000.061266, -000.958998, -000.276711, 0000.192438, 0000.173392, 0000.262791, -000.949145, 0000.938759,   051,  1,  0000.759194, -000.485168, 0000.433863, 0000.013018, -000.444087, 0000.101199, 0000.890250, -000.036543, -000.475827, -000.868545, -000.138627, 0000.590109,   073,  1,  -000.581301, -000.783891, 0000.218181, 0000.099534, -000.345174, 0000.480380, 0000.806282, 0000.066184, -000.736847, 0000.393382, -000.549824, 0000.888863,   080,  1,  0000.750065, -000.525549, 0000.401498, -000.162953, -000.615625, -000.776654, 0000.133473, 0000.031226, 0000.241679, -000.347286, -000.906082, 0000.826269,   087,  1,  0000.612959, 0000.790099, -000.004969, 0000.095053, 0000.186892, -000.138875, 0000.972515, -000.012921, 0000.767693, -000.597041, -000.232788, 0000.710022, 
0000000033, 1570660302.022510650,   019,  2,  0000.982956, -000.105951, 0000.150241, -000.066523, -000.061067, -000.958996, -000.276762, 0000.192428, 0000.173403, 0000.262870, -000.949121, 0000.938733,   051,  1,  0000.759171, -000.485032, 0000.434054, 0000.013012, -000.444265, 0000.101238, 0000.890157, -000.036464, -000.475697, -000.868617, -000.138626, 0000.590108,   073,  1,  -000.581050, -000.784074, 0000.218196, 0000.099530, -000.345074, 0000.480149, 0000.806462, 0000.066257, -000.737092, 0000.393301, -000.549554, 0000.888811,   080,  1,  0000.750120, -000.525352, 0000.401652, -000.162939, -000.615485, -000.776763, 0000.133483, 0000.031207, 0000.241863, -000.347339, -000.906012, 0000.826252,   087,  1,  0000.613006, 0000.790063, -000.004860, 0000.095048, 0000.186819, -000.138969, 0000.972515, -000.012876, 0000.767673, -000.597066, -000.232788, 0000.710010, 
0000000034, 1570660302.033746516,   019,  2,  0000.982966, -000.105773, 0000.150298, -000.066519, -000.060868, -000.958994, -000.276812, 0000.192417, 0000.173415, 0000.262949, -000.949097, 0000.938707,   051,  1,  0000.759160, -000.485159, 0000.433932, 0000.013007, -000.444184, 0000.101168, 0000.890206, -000.036565, -000.475791, -000.868554, -000.138697, 0000.590117,   073,  1,  -000.581122, -000.783975, 0000.218361, 0000.099544, -000.344851, 0000.480255, 0000.806494, 0000.066184, -000.737140, 0000.393369, -000.549441, 0000.888850,   080,  1,  0000.750115, -000.525221, 0000.401834, -000.162959, -000.615427, -000.776805, 0000.133506, 0000.031192, 0000.242026, -000.347445, -000.905928, 0000.826343,   087,  1,  0000.612934, 0000.790119, -000.004958, 0000.095044, 0000.186863, -000.138856, 0000.972523, -000.012828, 0000.767720, -000.597019, -000.232753, 0000.709990, 
0000000035, 1570660302.044982372,   019,  2,  0000.982977, -000.105594, 0000.150356, -000.066516, -000.060669, -000.958992, -000.276863, 0000.192407, 0000.173426, 0000.263027, -000.949073, 0000.938681,   051,  1,  0000.759059, -000.485318, 0000.433932, 0000.013003, -000.444128, 0000.101322, 0000.890216, -000.036346, -000.476004, -000.868447, -000.138634, 0000.590096,   073,  1,  -000.581143, -000.783972, 0000.218314, 0000.099549, -000.344824, 0000.480208, 0000.806534, 0000.066144, -000.737136, 0000.393431, -000.549402, 0000.888870,   080,  1,  0000.750138, -000.525208, 0000.401809, -000.162906, -000.615424, -000.776794, 0000.133584, 0000.031167, 0000.241963, -000.347489, -000.905928, 0000.826075,   087,  1,  0000.612921, 0000.790128, -000.005111, 0000.095052, 0000.186995, -000.138766, 0000.972511, -000.012978, 0000.767698, -000.597028, -000.232803, 0000.710023, 
0000000036, 1570660302.056218705,   019,  1,  0000.982987, -000.105416, 0000.150414, -000.066512, -000.060470, -000.958990, -000.276913, 0000.192396, 0000.173437, 0000.263106, -000.949049, 0000.938655,   051,  1,  0000.759131, -000.485202, 0000.433935, 0000.012991, -000.444169, 0000.101216, 0000.890208, -000.036560, -000.475851, -000.868524, -000.138675, 0000.590114,   073,  1,  -000.580896, -000.784157, 0000.218306, 0000.099555, -000.344833, 0000.480015, 0000.806645, 0000.066117, -000.737326, 0000.393298, -000.549242, 0000.888878,   080,  1,  0000.749949, -000.525266, 0000.402086, -000.162917, -000.615573, -000.776689, 0000.133504, 0000.031155, 0000.242171, -000.347635, -000.905816, 0000.826093,   087,  1,  0000.613035, 0000.790039, -000.005108, 0000.095039, 0000.187046, -000.138852, 0000.972489, -000.012898, 0000.767595, -000.597125, -000.232895, 0000.709994, 
0000000037, 1570660302.067454413,   019,  1,  0000.982997, -000.105255, 0000.150459, -000.066581, -000.060291, -000.958986, -000.276967, 0000.192579, 0000.173440, 0000.263186, -000.949027, 0000.939506,   051,  1,  0000.759265, -000.485133, 0000.433777, 0000.012988, -000.443946, 0000.101261, 0000.890314, -000.036565, -000.475845, -000.868557, -000.138489, 0000.590110,   073,  1,  -000.580888, -000.784188, 0000.218215, 0000.099549, -000.345087, 0000.480051, 0000.806515, 0000.066115, -000.737214, 0000.393192, -000.549469, 0000.888861,   080,  1,  0000.749844, -000.525294, 0000.402245, -000.162925, -000.615707, -000.776557, 0000.133658, 0000.031140, 0000.242156, -000.347888, -000.905723, 0000.826156,   087,  1,  0000.612946, 0000.790108, -000.005155, 0000.095039, 0000.187095, -000.138799, 0000.972487, -000.012881, 0000.767654, -000.597046, -000.232902, 0000.709980, 
0000000038, 1570660302.078690395,   019,  1,  0000.982952, -000.105995, 0000.150234, -000.066498, -000.061078, -000.958944, -000.276942, 0000.192293, 0000.173421, 0000.263044, -000.949069, 0000.938310,   051,  1,  0000.759244, -000.485200, 0000.433738, 0000.012992, -000.444033, 0000.101042, 0000.890295, -000.036381, -000.475797, -000.868546, -000.138729, 0000.590085,   073,  1,  -000.581071, -000.784093, 0000.218070, 0000.099529, -000.345230, 0000.480119, 0000.806413, 0000.066245, -000.737002, 0000.393299, -000.549676, 0000.888744,   080,  1,  0000.749738, -000.525342, 0000.402379, -000.162925, -000.615819, -000.776462, 0000.133692, 0000.031113, 0000.242198, -000.348027, -000.905659, 0000.826150,   087,  1,  0000.613152, 0000.789948, -000.005152, 0000.095047, 0000.187057, -000.138850, 0000.972487, -000.012933, 0000.767499, -000.597246, -000.232901, 0000.709981, 
0000000039, 1570660302.089926349,   019,  2,  0000.982975, -000.105791, 0000.150227, -000.066533, -000.060826, -000.958872, -000.277245, 0000.192393, 0000.173379, 0000.263387, -000.948982, 0000.938793,   051,  1,  0000.758826, -000.485739, 0000.433867, 0000.012991, -000.444107, 0000.101366, 0000.890221, -000.036332, -000.476395, -000.868206, -000.138801, 0000.590074,   073,  1,  -000.581126, -000.784066, 0000.218019, 0000.099544, -000.345448, 0000.480225, 0000.806257, 0000.066147, -000.736857, 0000.393223, -000.549925, 0000.888769,   080,  1,  0000.749916, -000.525070, 0000.402402, -000.162910, -000.615607, -000.776592, 0000.133915, 0000.031092, 0000.242187, -000.348146, -000.905616, 0000.826011,   087,  1,  0000.613072, 0000.790011, -000.005039, 0000.095052, 0000.186991, -000.138907, 0000.972491, -000.013017, 0000.767579, -000.597150, -000.232885, 0000.710000, 
0000000040, 1570660302.101162486,   019,  1,  0000.982998, -000.105587, 0000.150220, -000.066569, -000.060574, -000.958800, -000.277548, 0000.192493, 0000.173336, 0000.263730, -000.948895, 0000.939276,   051,  1,  0000.759080, -000.485451, 0000.433745, 0000.012983, -000.443997, 0000.101207, 0000.890294, -000.036584, -000.476092, -000.868386, -000.138714, 0000.590089,   073,  1,  -000.581196, -000.784024, 0000.217987, 0000.099547, -000.345529, 0000.480289, 0000.806184, 0000.066151, -000.736764, 0000.393230, -000.550044, 0000.888746,   080,  1,  0000.749741, -000.525188, 0000.402574, -000.162941, -000.615778, -000.776469, 0000.133842, 0000.031084, 0000.242294, -000.348243, -000.905550, 0000.826160,   087,  1,  0000.612963, 0000.790097, -000.004918, 0000.095047, 0000.186879, -000.138928, 0000.972510, -000.012908, 0000.767693, -000.597031, -000.232811, 0000.709965, 
0000000041, 1570660302.112398405,   019,  1,  0000.982965, -000.105846, 0000.150251, -000.066480, -000.060807, -000.958770, -000.277603, 0000.192226, 0000.173440, 0000.263737, -000.948874, 0000.938032,   051,  1,  0000.759038, -000.485439, 0000.433832, 0000.012993, -000.444140, 0000.101129, 0000.890232, -000.036214, -000.476026, -000.868402, -000.138842, 0000.590047,   073,  1,  -000.581240, -000.783965, 0000.218081, 0000.099556, -000.345506, 0000.480407, 0000.806123, 0000.065995, -000.736740, 0000.393203, -000.550097, 0000.888824,   080,  1,  0000.749578, -000.525141, 0000.402940, -000.162936, -000.615861, -000.776411, 0000.133794, 0000.031068, 0000.242587, -000.348444, -000.905394, 0000.826145,   087,  1,  0000.613247, 0000.789876, -000.004911, 0000.095056, 0000.186906, -000.139065, 0000.972485, -000.012953, 0000.767460, -000.597291, -000.232913, 0000.709971, 
0000000042, 1570660302.123634370,   019,  1,  0000.982879, -000.106991, 0000.150005, -000.066546, -000.062003, -000.958712, -000.277536, 0000.192368, 0000.173505, 0000.263484, -000.948932, 0000.938738,   051,  1,  0000.759216, -000.485191, 0000.433798, 0000.012982, -000.444027, 0000.101177, 0000.890283, -000.036802, -000.475848, -000.868535, -000.138623, 0000.590094,   073,  1,  -000.581098, -000.784081, 0000.218039, 0000.099549, -000.345458, 0000.480230, 0000.806249, 0000.066052, -000.736874, 0000.393187, -000.549928, 0000.888773,   080,  1,  0000.749464, -000.525205, 0000.403068, -000.162938, -000.616001, -000.776286, 0000.133876, 0000.031047, 0000.242584, -000.348626, -000.905325, 0000.826143,   087,  1,  0000.613052, 0000.790027, -000.004936, 0000.095054, 0000.186885, -000.138945, 0000.972506, -000.012961, 0000.767620, -000.597119, -000.232825, 0000.709964, 
0000000043, 1570660302.134870214,   019,  1,  0000.982979, -000.105733, 0000.150243, -000.066504, -000.060683, -000.958752, -000.277691, 0000.192187, 0000.173407, 0000.263847, -000.948849, 0000.937870,   051,  1,  0000.759102, -000.485414, 0000.433748, 0000.012997, -000.444049, 0000.101107, 0000.890280, -000.036707, -000.476010, -000.868418, -000.138797, 0000.590075,   073,  1,  -000.580749, -000.784353, 0000.217993, 0000.099538, -000.345438, 0000.479904, 0000.806452, 0000.066069, -000.737159, 0000.393043, -000.549649, 0000.888772,   080,  1,  0000.749842, -000.524596, 0000.403158, -000.162948, -000.615484, -000.776645, 0000.134168, 0000.031039, 0000.242727, -000.348742, -000.905242, 0000.826189,   087,  1,  0000.613047, 0000.790031, -000.004978, 0000.095058, 0000.187022, -000.138998, 0000.972472, -000.012925, 0000.767591, -000.597102, -000.232965, 0000.709945, 
