% Measurements merged on 10/09/19 17:26:34 Central Daylight Time
% Original files:
%    1: C:\Users\Al\Desktop\Nayo\KACEY\STROKE\RTIS2001\RTIS2001_REAL_trunkfree\2001tf_final_00000010_Series2s24.hts  (Series2s24)
%    2: C:\Users\Al\Desktop\Nayo\KACEY\STROKE\RTIS2001\RTIS2001_REAL_trunkfree\2001tf_final_00000010_Series2s25.hts  (Series2s25)
% Merge host: Al-PC
% System: MERGED
% nSharedImages: 1000
%
% Interpolated markers have status set to 2
%
% EMB001 (Marker properties) Series:2031, ID:019, Size:35, Thickness:001.846, tPu:[+000.000 +000.000 +000.000]
% EMB001 (Marker properties) Series:2031, ID:051, Size:35, Thickness:001.844, tPu:[+000.000 +000.000 +000.000]
% EMB001 (Marker properties) Series:2032, ID:073, Size:44, Thickness:002.200, tPu:[+000.000 +000.000 +000.000]
% EMB001 (Marker properties) Series:2032, ID:080, Size:44, Thickness:002.203, tPu:[+000.000 +000.000 +000.000]
% EMB001 (Marker properties) Series:2032, ID:087, Size:44, Thickness:002.251, tPu:[+000.000 +000.000 +000.000]
%
% ImageNumber,             FrameTime,           Marker,  ST, HT(1, 1),    HT(1, 2),    HT(1, 3),    HT(1, 4),    HT(2, 1),    HT(2, 2),    HT(2, 3),    HT(2, 4),    HT(3, 1),    HT(3, 2),    HT(3, 3),    HT(3, 4)
%
0000000000, 1570660388.460713071,   019,  1,  0000.977571, -000.143124, 0000.154502, -000.056124, -000.073551, -000.919420, -000.386338, 0000.181018, 0000.197346, 0000.366309, -000.909325, 0000.903256,   051,  1,  0000.761141, -000.503527, 0000.408810, 0000.021290, -000.423252, 0000.091988, 0000.901330, -000.039378, -000.491450, -000.859069, -000.143103, 0000.578559,   073,  1,  -000.547661, -000.806197, 0000.223862, 0000.112146, -000.401228, 0000.487833, 0000.775265, 0000.057599, -000.734223, 0000.334762, -000.590636, 0000.866895,   080,  1,  0000.726748, -000.522356, 0000.446073, -000.152440, -000.601853, -000.797224, 0000.046990, 0000.012720, 0000.331075, -000.302620, -000.893762, 0000.804811,   087,  1,  0000.624468, 0000.781050, -000.000162, 0000.105236, 0000.176136, -000.140622, 0000.974270, -000.015992, 0000.760931, -000.608429, -000.225385, 0000.695514, 
0000000001, 1570660388.471948902,   019,  1,  0000.977558, -000.142759, 0000.154920, -000.056123, -000.073070, -000.919500, -000.386240, 0000.181023, 0000.197588, 0000.366252, -000.909296, 0000.903269,   051,  1,  0000.761386, -000.503165, 0000.408799, 0000.021295, -000.423203, 0000.091928, 0000.901359, -000.039327, -000.491112, -000.859287, -000.142948, 0000.578567,   073,  1,  -000.547496, -000.806318, 0000.223828, 0000.112133, -000.401174, 0000.487648, 0000.775409, 0000.057600, -000.734375, 0000.334740, -000.590460, 0000.866931,   080,  1,  0000.726595, -000.522492, 0000.446163, -000.152431, -000.602045, -000.797077, 0000.047016, 0000.012715, 0000.331060, -000.302771, -000.893716, 0000.804855,   087,  1,  0000.624222, 0000.781247, -000.000109, 0000.105241, 0000.176125, -000.140590, 0000.974276, -000.016041, 0000.761135, -000.608184, -000.225357, 0000.695547, 
0000000002, 1570660388.483185009,   019,  1,  0000.977547, -000.142767, 0000.154982, -000.056140, -000.073074, -000.919538, -000.386148, 0000.181010, 0000.197641, 0000.366152, -000.909324, 0000.903204,   051,  1,  0000.761308, -000.503308, 0000.408767, 0000.021297, -000.423184, 0000.091943, 0000.901367, -000.039422, -000.491248, -000.859202, -000.142995, 0000.578594,   073,  1,  -000.547669, -000.806217, 0000.223768, 0000.112133, -000.400872, 0000.487586, 0000.775604, 0000.057496, -000.734412, 0000.335072, -000.590226, 0000.867029,   080,  1,  0000.726477, -000.522525, 0000.446318, -000.152394, -000.602105, -000.797037, 0000.046925, 0000.012718, 0000.331212, -000.302820, -000.893643, 0000.804728,   087,  1,  0000.624458, 0000.781058, -000.000118, 0000.105225, 0000.176104, -000.140649, 0000.974272, -000.015919, 0000.760946, -000.608413, -000.225377, 0000.695535, 
0000000003, 1570660388.494420737,   019,  1,  0000.977537, -000.142800, 0000.155012, -000.056160, -000.073079, -000.919508, -000.386217, 0000.181134, 0000.197687, 0000.366214, -000.909290, 0000.903884,   051,  1,  0000.761587, -000.502922, 0000.408724, 0000.021305, -000.423101, 0000.091865, 0000.901414, -000.039283, -000.490888, -000.859436, -000.142824, 0000.578588,   073,  1,  -000.547693, -000.806199, 0000.223774, 0000.112101, -000.400781, 0000.487569, 0000.775662, 0000.057625, -000.734443, 0000.335141, -000.590147, 0000.866990,   080,  1,  0000.726552, -000.522565, 0000.446148, -000.152403, -000.602132, -000.797009, 0000.047050, 0000.012712, 0000.330997, -000.302824, -000.893722, 0000.804839,   087,  1,  0000.624212, 0000.781255, -000.000097, 0000.105218, 0000.176142, -000.140614, 0000.974270, -000.015953, 0000.761140, -000.608168, -000.225384, 0000.695559, 
0000000004, 1570660388.505656921,   019,  1,  0000.977591, -000.142311, 0000.155127, -000.056150, -000.072694, -000.919768, -000.385671, 0000.181064, 0000.197566, 0000.365752, -000.909502, 0000.903611,   051,  1,  0000.761529, -000.502934, 0000.408816, 0000.021315, -000.423194, 0000.091899, 0000.901367, -000.039111, -000.490898, -000.859425, -000.142855, 0000.578580,   073,  1,  -000.547824, -000.806114, 0000.223761, 0000.112075, -000.400538, 0000.487547, 0000.775801, 0000.057704, -000.734478, 0000.335377, -000.589970, 0000.866976,   080,  1,  0000.726647, -000.522396, 0000.446191, -000.152378, -000.602011, -000.797092, 0000.047181, 0000.012708, 0000.331008, -000.302896, -000.893693, 0000.804783,   087,  1,  0000.624174, 0000.781285, -000.000086, 0000.105219, 0000.176192, -000.140653, 0000.974255, -000.015999, 0000.761159, -000.608120, -000.225448, 0000.695581, 
0000000005, 1570660388.516892744,   019,  1,  0000.977459, -000.143119, 0000.155215, -000.056121, -000.073404, -000.919679, -000.385750, 0000.180976, 0000.197956, 0000.365661, -000.909453, 0000.903236,   051,  1,  0000.761358, -000.503241, 0000.408757, 0000.021313, -000.423095, 0000.092054, 0000.901397, -000.039384, -000.491248, -000.859229, -000.142833, 0000.578610,   073,  1,  -000.547696, -000.806209, 0000.223734, 0000.112059, -000.400448, 0000.487380, 0000.775953, 0000.057758, -000.734623, 0000.335392, -000.589780, 0000.866985,   080,  1,  0000.726657, -000.522580, 0000.445960, -000.152366, -000.602114, -000.797017, 0000.047146, 0000.012710, 0000.330800, -000.302778, -000.893810, 0000.804785,   087,  1,  0000.624128, 0000.781322, -000.000044, 0000.105204, 0000.176219, -000.140710, 0000.974242, -000.015908, 0000.761190, -000.608060, -000.225505, 0000.695572, 
0000000006, 1570660388.528128676,   019,  1,  0000.977509, -000.142930, 0000.155071, -000.056113, -000.073274, -000.919676, -000.385782, 0000.180949, 0000.197754, 0000.365743, -000.909464, 0000.903139,   051,  1,  0000.761578, -000.502886, 0000.408784, 0000.021315, -000.423053, 0000.092061, 0000.901416, -000.039486, -000.490942, -000.859436, -000.142636, 0000.578622,   073,  1,  -000.547862, -000.806102, 0000.223713, 0000.112051, -000.400250, 0000.487399, 0000.776043, 0000.057706, -000.734607, 0000.335623, -000.589669, 0000.867035,   080,  1,  0000.726529, -000.522766, 0000.445950, -000.152383, -000.602223, -000.796949, 0000.046899, 0000.012704, 0000.330882, -000.302635, -000.893828, 0000.804901,   087,  1,  0000.624100, 0000.781344, -000.000119, 0000.105206, 0000.176241, -000.140625, 0000.974250, -000.015960, 0000.761208, -000.608051, -000.225469, 0000.695591, 
0000000007, 1570660388.539364748,   019,  1,  0000.977406, -000.143314, 0000.155367, -000.056109, -000.073576, -000.919754, -000.385538, 0000.180932, 0000.198152, 0000.365396, -000.909517, 0000.903092,   051,  1,  0000.761685, -000.502711, 0000.408801, 0000.021324, -000.423113, 0000.091933, 0000.901401, -000.039135, -000.490726, -000.859552, -000.142679, 0000.578592,   073,  1,  -000.547643, -000.806207, 0000.223868, 0000.112037, -000.400249, 0000.487378, 0000.776056, 0000.057710, -000.734770, 0000.335399, -000.589593, 0000.867055,   080,  1,  0000.726664, -000.522682, 0000.445828, -000.152387, -000.602113, -000.797028, 0000.046973, 0000.012697, 0000.330785, -000.302572, -000.893885, 0000.804992,   087,  1,  0000.623882, 0000.781519, 0000.000077, 0000.105206, 0000.176232, -000.140781, 0000.974229, -000.016028, 0000.761390, -000.607790, -000.225559, 0000.695618, 
0000000008, 1570660388.550600785,   019,  1,  0000.977515, -000.142820, 0000.155137, -000.056138, -000.073213, -000.919811, -000.385471, 0000.181032, 0000.197750, 0000.365445, -000.909585, 0000.903603,   051,  1,  0000.761532, -000.502886, 0000.408870, 0000.021325, -000.423268, 0000.091863, 0000.901335, -000.039270, -000.490829, -000.859457, -000.142899, 0000.578597,   073,  1,  -000.547420, -000.806322, 0000.224000, 0000.112037, -000.400200, 0000.487311, 0000.776124, 0000.057663, -000.734964, 0000.335220, -000.589454, 0000.867108,   080,  1,  0000.726468, -000.522811, 0000.445996, -000.152432, -000.602256, -000.796930, 0000.046807, 0000.012691, 0000.330956, -000.302607, -000.893810, 0000.805245,   087,  1,  0000.624037, 0000.781395, -000.000020, 0000.105208, 0000.176233, -000.140717, 0000.974239, -000.016132, 0000.761262, -000.607965, -000.225520, 0000.695646, 
0000000009, 1570660388.561836459,   019,  1,  0000.977445, -000.143127, 0000.155290, -000.056145, -000.073383, -000.919681, -000.385749, 0000.181052, 0000.198029, 0000.365653, -000.909441, 0000.903719,   051,  1,  0000.761534, -000.502900, 0000.408849, 0000.021315, -000.423159, 0000.092016, 0000.901371, -000.039603, -000.490920, -000.859433, -000.142733, 0000.578619,   073,  1,  -000.547409, -000.806351, 0000.223922, 0000.112043, -000.400102, 0000.487182, 0000.776255, 0000.057533, -000.735025, 0000.335338, -000.589311, 0000.867198,   080,  1,  0000.726496, -000.522878, 0000.445872, -000.152328, -000.602254, -000.796936, 0000.046727, 0000.012686, 0000.330899, -000.302475, -000.893876, 0000.804728,   087,  1,  0000.623989, 0000.781433, -000.000074, 0000.105183, 0000.176217, -000.140621, 0000.974255, -000.015959, 0000.761305, -000.607938, -000.225448, 0000.695598, 
0000000010, 1570660388.573072430,   019,  1,  0000.977421, -000.142986, 0000.155574, -000.056135, -000.073122, -000.919662, -000.385844, 0000.180981, 0000.198246, 0000.365756, -000.909352, 0000.903459,   051,  1,  0000.761658, -000.502744, 0000.408811, 0000.021320, -000.423108, 0000.091972, 0000.901399, -000.039080, -000.490772, -000.859529, -000.142663, 0000.578566,   073,  1,  -000.547621, -000.806227, 0000.223852, 0000.112023, -000.399889, 0000.487181, 0000.776365, 0000.057599, -000.734983, 0000.335638, -000.589192, 0000.867169,   080,  1,  0000.726422, -000.522817, 0000.446064, -000.152337, -000.602307, -000.796888, 0000.046860, 0000.012679, 0000.330964, -000.302707, -000.893774, 0000.804792,   087,  1,  0000.623976, 0000.781443, 0000.000161, 0000.105182, 0000.176064, -000.140787, 0000.974259, -000.015992, 0000.761351, -000.607886, -000.225432, 0000.695602, 
0000000011, 1570660388.584308369,   019,  1,  0000.977360, -000.143571, 0000.155419, -000.056145, -000.073781, -000.919703, -000.385619, 0000.181096, 0000.198303, 0000.365422, -000.909474, 0000.903983,   051,  1,  0000.761714, -000.502636, 0000.408838, 0000.021317, -000.423196, 0000.091837, 0000.901372, -000.039256, -000.490608, -000.859606, -000.142760, 0000.578573,   073,  1,  -000.547531, -000.806294, 0000.223830, 0000.112008, -000.399626, 0000.486971, 0000.776633, 0000.057680, -000.735193, 0000.335782, -000.588848, 0000.867131,   080,  1,  0000.726434, -000.522610, 0000.446288, -000.152358, -000.602162, -000.796997, 0000.046859, 0000.012667, 0000.331201, -000.302778, -000.893662, 0000.804981,   087,  1,  0000.623969, 0000.781449, 0000.000004, 0000.105171, 0000.176203, -000.140699, 0000.974246, -000.015865, 0000.761324, -000.607899, -000.225486, 0000.695566, 
0000000012, 1570660388.595544669,   019,  1,  0000.977403, -000.143353, 0000.155350, -000.056083, -000.073579, -000.919675, -000.385725, 0000.180898, 0000.198166, 0000.365578, -000.909441, 0000.903108,   051,  1,  0000.761775, -000.502644, 0000.408714, 0000.021321, -000.423066, 0000.091810, 0000.901435, -000.039335, -000.490625, -000.859604, -000.142713, 0000.578580,   073,  1,  -000.547395, -000.806389, 0000.223819, 0000.112032, -000.399505, 0000.486800, 0000.776802, 0000.057544, -000.735360, 0000.335801, -000.588629, 0000.867208,   080,  1,  0000.726349, -000.522722, 0000.446294, -000.152338, -000.602255, -000.796933, 0000.046769, 0000.012649, 0000.331220, -000.302753, -000.893663, 0000.804949,   087,  1,  0000.623901, 0000.781504, -000.000040, 0000.105200, 0000.176206, -000.140621, 0000.974257, -000.016118, 0000.761380, -000.607847, -000.225439, 0000.695617, 
0000000013, 1570660388.606780245,   019,  1,  0000.977427, -000.142870, 0000.155643, -000.056104, -000.073073, -000.919829, -000.385454, 0000.181030, 0000.198235, 0000.365380, -000.909506, 0000.903765,   051,  1,  0000.761749, -000.502663, 0000.408740, 0000.021319, -000.423064, 0000.091875, 0000.901430, -000.039370, -000.490668, -000.859587, -000.142673, 0000.578573,   073,  1,  -000.547664, -000.806196, 0000.223857, 0000.112029, -000.399353, 0000.486974, 0000.776771, 0000.057631, -000.735243, 0000.336012, -000.588655, 0000.867155,   080,  1,  0000.726196, -000.522750, 0000.446512, -000.152353, -000.602292, -000.796916, 0000.046570, 0000.012632, 0000.331488, -000.302749, -000.893565, 0000.805056,   087,  1,  0000.624052, 0000.781383, -000.000076, 0000.105189, 0000.176160, -000.140596, 0000.974269, -000.015998, 0000.761267, -000.608008, -000.225388, 0000.695581, 
0000000014, 1570660388.618016223,   019,  1,  0000.977376, -000.143187, 0000.155674, -000.056101, -000.073308, -000.919713, -000.385687, 0000.181001, 0000.198400, 0000.365549, -000.909402, 0000.903782,   051,  1,  0000.761757, -000.502653, 0000.408737, 0000.021326, -000.423129, 0000.091750, 0000.901412, -000.038975, -000.490599, -000.859606, -000.142796, 0000.578534,   073,  1,  -000.547683, -000.806195, 0000.223816, 0000.112013, -000.399381, 0000.486962, 0000.776764, 0000.057899, -000.735213, 0000.336032, -000.588680, 0000.866991,   080,  1,  0000.726159, -000.522780, 0000.446536, -000.152347, -000.602287, -000.796928, 0000.046441, 0000.012610, 0000.331578, -000.302666, -000.893560, 0000.805082,   087,  1,  0000.623907, 0000.781499, -000.000053, 0000.105183, 0000.176232, -000.140628, 0000.974251, -000.015900, 0000.761369, -000.607851, -000.225464, 0000.695550, 
0000000015, 1570660388.629252171,   019,  1,  0000.977325, -000.143365, 0000.155830, -000.056124, -000.073450, -000.919765, -000.385535, 0000.181144, 0000.198599, 0000.365348, -000.909439, 0000.904498,   051,  1,  0000.761875, -000.502568, 0000.408621, 0000.021321, -000.423017, 0000.091678, 0000.901472, -000.039333, -000.490513, -000.859663, -000.142747, 0000.578562,   073,  1,  -000.547383, -000.806391, 0000.223841, 0000.112060, -000.399469, 0000.486795, 0000.776823, 0000.057617, -000.735388, 0000.335803, -000.588592, 0000.867146,   080,  1,  0000.726190, -000.522825, 0000.446433, -000.152297, -000.602294, -000.796923, 0000.046432, 0000.012591, 0000.331496, -000.302603, -000.893612, 0000.804866,   087,  1,  0000.623954, 0000.781461, 0000.000059, 0000.105189, 0000.176158, -000.140726, 0000.974251, -000.015952, 0000.761347, -000.607877, -000.225467, 0000.695561, 
0000000016, 1570660388.640488536,   019,  1,  0000.977411, -000.143165, 0000.155470, -000.056070, -000.073353, -000.919687, -000.385740, 0000.180963, 0000.198209, 0000.365622, -000.909414, 0000.903668,   051,  1,  0000.761638, -000.502785, 0000.408796, 0000.021321, -000.423101, 0000.091968, 0000.901403, -000.039327, -000.490808, -000.859505, -000.142683, 0000.578560,   073,  1,  -000.547415, -000.806400, 0000.223733, 0000.112064, -000.399512, 0000.486736, 0000.776839, 0000.057620, -000.735341, 0000.335869, -000.588613, 0000.867138,   080,  1,  0000.726154, -000.522853, 0000.446458, -000.152332, -000.602290, -000.796933, 0000.046311, 0000.012570, 0000.331583, -000.302526, -000.893605, 0000.805063,   087,  1,  0000.624011, 0000.781415, 0000.000028, 0000.105199, 0000.176197, -000.140741, 0000.974242, -000.016016, 0000.761291, -000.607933, -000.225507, 0000.695570, 
0000000017, 1570660388.651724130,   019,  2,  0000.977444, -000.142898, 0000.155507, -000.056046, -000.073086, -000.919704, -000.385750, 0000.180901, 0000.198143, 0000.365683, -000.909404, 0000.903344,   051,  1,  0000.761743, -000.502772, 0000.408618, 0000.021321, -000.423013, 0000.091748, 0000.901467, -000.039139, -000.490722, -000.859536, -000.142791, 0000.578541,   073,  1,  -000.547593, -000.806306, 0000.223636, 0000.112063, -000.399587, 0000.486814, 0000.776751, 0000.057671, -000.735168, 0000.335981, -000.588766, 0000.867095,   080,  1,  0000.726036, -000.523045, 0000.446425, -000.152317, -000.602427, -000.796839, 0000.046147, 0000.012559, 0000.331592, -000.302443, -000.893630, 0000.805009,   087,  1,  0000.624027, 0000.781403, -000.000111, 0000.105201, 0000.176272, -000.140633, 0000.974244, -000.016031, 0000.761261, -000.607974, -000.225498, 0000.695570, 
0000000018, 1570660388.662960371,   019,  1,  0000.977478, -000.142631, 0000.155544, -000.056021, -000.072818, -000.919721, -000.385759, 0000.180839, 0000.198078, 0000.365745, -000.909393, 0000.903019,   051,  1,  0000.761644, -000.502892, 0000.408653, 0000.021312, -000.423066, 0000.091771, 0000.901440, -000.039595, -000.490829, -000.859464, -000.142859, 0000.578581,   073,  1,  -000.547556, -000.806365, 0000.223514, 0000.112085, -000.399700, 0000.486719, 0000.776753, 0000.057529, -000.735134, 0000.335977, -000.588810, 0000.867158,   080,  1,  0000.726124, -000.522961, 0000.446381, -000.152317, -000.602249, -000.796984, 0000.045961, 0000.012541, 0000.331723, -000.302206, -000.893662, 0000.804933,   087,  1,  0000.624035, 0000.781396, -000.000102, 0000.105207, 0000.176262, -000.140638, 0000.974245, -000.016084, 0000.761257, -000.607981, -000.225493, 0000.695581, 
0000000019, 1570660388.674196051,   019,  1,  0000.977451, -000.142787, 0000.155570, -000.056064, -000.072970, -000.919739, -000.385689, 0000.180976, 0000.198155, 0000.365640, -000.909419, 0000.903618,   051,  1,  0000.761762, -000.502739, 0000.408621, 0000.021313, -000.423061, 0000.091660, 0000.901453, -000.039531, -000.490650, -000.859565, -000.142866, 0000.578575,   073,  1,  -000.547368, -000.806534, 0000.223365, 0000.112068, -000.399764, 0000.486460, 0000.776882, 0000.057612, -000.735240, 0000.335947, -000.588695, 0000.867103,   080,  1,  0000.726310, -000.522770, 0000.446302, -000.152330, -000.602020, -000.797155, 0000.045988, 0000.012536, 0000.331731, -000.302085, -000.893700, 0000.805010,   087,  1,  0000.624120, 0000.781328, 0000.000040, 0000.105200, 0000.176248, -000.140836, 0000.974219, -000.016018, 0000.761190, -000.608022, -000.225606, 0000.695564, 
0000000020, 1570660388.685432068,   019,  1,  0000.977364, -000.143128, 0000.155798, -000.056039, -000.073182, -000.919677, -000.385797, 0000.180943, 0000.198502, 0000.365663, -000.909334, 0000.903359,   051,  1,  0000.761438, -000.503099, 0000.408783, 0000.021311, -000.423240, 0000.091806, 0000.901354, -000.039231, -000.491000, -000.859338, -000.143027, 0000.578548,   073,  1,  -000.547525, -000.806434, 0000.223340, 0000.112076, -000.399780, 0000.486564, 0000.776808, 0000.057559, -000.735114, 0000.336035, -000.588802, 0000.867122,   080,  1,  0000.726415, -000.522714, 0000.446196, -000.152390, -000.601879, -000.797268, 0000.045879, 0000.012531, 0000.331756, -000.301883, -000.893759, 0000.805334,   087,  1,  0000.624029, 0000.781401, 0000.000048, 0000.105194, 0000.176269, -000.140829, 0000.974216, -000.015962, 0000.761260, -000.607931, -000.225618, 0000.695543, 
0000000021, 1570660388.696667979,   019,  1,  0000.977357, -000.143232, 0000.155749, -000.056025, -000.073300, -000.919671, -000.385788, 0000.180844, 0000.198495, 0000.365636, -000.909346, 0000.902827,   051,  1,  0000.761632, -000.502886, 0000.408684, 0000.021313, -000.423056, 0000.091849, 0000.901436, -000.039306, -000.490857, -000.859459, -000.142794, 0000.578547,   073,  1,  -000.547537, -000.806465, 0000.223200, 0000.112042, -000.399854, 0000.486473, 0000.776828, 0000.057740, -000.735065, 0000.336094, -000.588830, 0000.867009,   080,  1,  0000.726304, -000.522838, 0000.446232, -000.152355, -000.601950, -000.797227, 0000.045668, 0000.012518, 0000.331871, -000.301778, -000.893751, 0000.805103,   087,  1,  0000.624021, 0000.781408, -000.000070, 0000.105190, 0000.176384, -000.140770, 0000.974204, -000.015943, 0000.761240, -000.607936, -000.225671, 0000.695539, 
0000000022, 1570660388.707904126,   019,  1,  0000.977416, -000.142687, 0000.155877, -000.056051, -000.072749, -000.919735, -000.385739, 0000.180964, 0000.198405, 0000.365688, -000.909345, 0000.903318,   051,  1,  0000.761487, -000.502964, 0000.408858, 0000.021317, -000.423284, 0000.091839, 0000.901330, -000.039139, -000.490886, -000.859414, -000.142962, 0000.578535,   073,  1,  -000.547605, -000.806431, 0000.223155, 0000.112040, -000.399811, 0000.486462, 0000.776856, 0000.057740, -000.735037, 0000.336191, -000.588809, 0000.867011,   080,  1,  0000.726218, -000.522996, 0000.446187, -000.152343, -000.602048, -000.797162, 0000.045510, 0000.012514, 0000.331881, -000.301677, -000.893782, 0000.805024,   087,  1,  0000.623998, 0000.781426, 0000.000035, 0000.105192, 0000.176249, -000.140785, 0000.974226, -000.015978, 0000.761290, -000.607909, -000.225575, 0000.695542, 
0000000023, 1570660388.719139765,   019,  2,  0000.977437, -000.142838, 0000.155611, -000.056094, -000.072970, -000.919675, -000.385842, 0000.181064, 0000.198224, 0000.365781, -000.909347, 0000.903779,   051,  1,  0000.761689, -000.502731, 0000.408768, 0000.021317, -000.423155, 0000.091797, 0000.901395, -000.039337, -000.490683, -000.859555, -000.142812, 0000.578551,   073,  1,  -000.547354, -000.806599, 0000.223164, 0000.112044, -000.399903, 0000.486319, 0000.776898, 0000.057666, -000.735174, 0000.335994, -000.588750, 0000.867052,   080,  1,  0000.726309, -000.522996, 0000.446039, -000.152342, -000.601957, -000.797236, 0000.045412, 0000.012501, 0000.331848, -000.301479, -000.893861, 0000.804953,   087,  1,  0000.624010, 0000.781417, 0000.000033, 0000.105188, 0000.176348, -000.140866, 0000.974196, -000.015945, 0000.761258, -000.607902, -000.225703, 0000.695538, 
0000000024, 1570660388.730376024,   019,  1,  0000.977457, -000.142989, 0000.155345, -000.056137, -000.073190, -000.919614, -000.385944, 0000.181164, 0000.198043, 0000.365874, -000.909349, 0000.904241,   051,  1,  0000.761573, -000.502707, 0000.409014, 0000.021326, -000.423406, 0000.091859, 0000.901271, -000.039158, -000.490647, -000.859562, -000.142892, 0000.578535,   073,  1,  -000.547441, -000.806503, 0000.223294, 0000.112044, -000.399760, 0000.486447, 0000.776892, 0000.057645, -000.735187, 0000.336039, -000.588709, 0000.867068,   080,  1,  0000.726540, -000.522700, 0000.446009, -000.152419, -000.601633, -000.797479, 0000.045444, 0000.012491, 0000.331929, -000.301351, -000.893874, 0000.805352,   087,  1,  0000.623928, 0000.781482, -000.000008, 0000.105195, 0000.176370, -000.140802, 0000.974201, -000.015987, 0000.761320, -000.607833, -000.225680, 0000.695548, 
0000000025, 1570660388.741611696,   019,  1,  0000.977340, -000.143442, 0000.155666, -000.056068, -000.073486, -000.919575, -000.385982, 0000.180952, 0000.198512, 0000.365796, -000.909278, 0000.903158,   051,  1,  0000.761467, -000.502982, 0000.408873, 0000.021323, -000.423284, 0000.091875, 0000.901327, -000.039353, -000.490916, -000.859400, -000.142944, 0000.578553,   073,  1,  -000.547348, -000.806576, 0000.223262, 0000.112026, -000.399722, 0000.486326, 0000.776987, 0000.057771, -000.735277, 0000.336039, -000.588596, 0000.867002,   080,  1,  0000.726323, -000.522893, 0000.446137, -000.152405, -000.601809, -000.797359, 0000.045220, 0000.012481, 0000.332087, -000.301333, -000.893821, 0000.805257,   087,  1,  0000.624117, 0000.781331, -000.000144, 0000.105196, 0000.176504, -000.140810, 0000.974176, -000.015965, 0000.761133, -000.608025, -000.225790, 0000.695545, 
0000000026, 1570660388.752848207,   019,  1,  0000.977638, -000.141368, 0000.155686, -000.056111, -000.071511, -000.919698, -000.386060, 0000.181040, 0000.197760, 0000.366294, -000.909241, 0000.903568,   051,  1,  0000.761584, -000.502728, 0000.408968, 0000.021330, -000.423331, 0000.091902, 0000.901302, -000.039750, -000.490695, -000.859545, -000.142829, 0000.578589,   073,  1,  -000.547093, -000.806727, 0000.223338, 0000.112043, -000.399696, 0000.486191, 0000.777085, 0000.057627, -000.735481, 0000.335871, -000.588438, 0000.867088,   080,  1,  0000.726457, -000.522682, 0000.446165, -000.152358, -000.601592, -000.797522, 0000.045230, 0000.012462, 0000.332185, -000.301267, -000.893807, 0000.804951,   087,  1,  0000.623990, 0000.781432, -000.000120, 0000.105210, 0000.176508, -000.140795, 0000.974177, -000.016057, 0000.761236, -000.607899, -000.225784, 0000.695571, 
0000000027, 1570660388.764083662,   019,  1,  0000.977359, -000.143278, 0000.155697, -000.056111, -000.073309, -000.919568, -000.386033, 0000.180995, 0000.198483, 0000.365878, -000.909251, 0000.903391,   051,  1,  0000.761509, -000.502769, 0000.409057, 0000.021341, -000.423425, 0000.091936, 0000.901254, -000.039278, -000.490729, -000.859518, -000.142875, 0000.578552,   073,  1,  -000.547272, -000.806615, 0000.223305, 0000.112030, -000.399519, 0000.486216, 0000.777160, 0000.057693, -000.735444, 0000.336103, -000.588351, 0000.867063,   080,  1,  0000.726481, -000.522606, 0000.446216, -000.152390, -000.601519, -000.797578, 0000.045209, 0000.012449, 0000.332266, -000.301251, -000.893783, 0000.805098,   087,  1,  0000.623887, 0000.781514, 0000.000035, 0000.105203, 0000.176502, -000.140946, 0000.974157, -000.015968, 0000.761322, -000.607758, -000.225873, 0000.695557, 
0000000028, 1570660388.775319753,   019,  1,  0000.977334, -000.143357, 0000.155781, -000.056109, -000.073279, -000.919429, -000.386369, 0000.180966, 0000.198618, 0000.366196, -000.909094, 0000.903218,   051,  1,  0000.761602, -000.502716, 0000.408948, 0000.021340, -000.423220, 0000.092051, 0000.901339, -000.039529, -000.490761, -000.859537, -000.142653, 0000.578581,   073,  1,  -000.547242, -000.806622, 0000.223355, 0000.112019, -000.399466, 0000.486217, 0000.777187, 0000.057767, -000.735495, 0000.336087, -000.588296, 0000.867029,   080,  1,  0000.726538, -000.522556, 0000.446181, -000.152430, -000.601405, -000.797671, 0000.045085, 0000.012444, 0000.332346, -000.301092, -000.893806, 0000.805326,   087,  1,  0000.624049, 0000.781385, -000.000044, 0000.105211, 0000.176493, -000.140900, 0000.974165, -000.016028, 0000.761192, -000.607935, -000.225837, 0000.695579, 
0000000029, 1570660388.786555644,   019,  1,  0000.977363, -000.143529, 0000.155438, -000.056145, -000.073597, -000.919455, -000.386245, 0000.181045, 0000.198356, 0000.366062, -000.909205, 0000.903623,   051,  1,  0000.761527, -000.502860, 0000.408912, 0000.021357, -000.423343, 0000.091810, 0000.901306, -000.039250, -000.490772, -000.859478, -000.142966, 0000.578565,   073,  1,  -000.547002, -000.806761, 0000.223440, 0000.112007, -000.399540, 0000.486147, 0000.777193, 0000.057815, -000.735634, 0000.335853, -000.588257, 0000.867023,   080,  1,  0000.726674, -000.522248, 0000.446320, -000.152421, -000.601200, -000.797813, 0000.045303, 0000.012433, 0000.332421, -000.301248, -000.893726, 0000.805251,   087,  1,  0000.623858, 0000.781538, 0000.000030, 0000.105215, 0000.176404, -000.140851, 0000.974188, -000.016040, 0000.761369, -000.607750, -000.225738, 0000.695595, 
0000000030, 1570660388.797792167,   019,  1,  0000.977321, -000.143312, 0000.155899, -000.056152, -000.073179, -000.919413, -000.386425, 0000.181024, 0000.198715, 0000.366253, -000.909050, 0000.903488,   051,  1,  0000.761494, -000.502941, 0000.408874, 0000.021358, -000.423311, 0000.091815, 0000.901320, -000.039302, -000.490851, -000.859430, -000.142984, 0000.578572,   073,  1,  -000.547095, -000.806735, 0000.223305, 0000.112016, -000.399530, 0000.486085, 0000.777237, 0000.057682, -000.735570, 0000.336005, -000.588250, 0000.867108,   080,  1,  0000.726231, -000.522852, 0000.446335, -000.152441, -000.601734, -000.797431, 0000.044941, 0000.012428, 0000.332424, -000.301212, -000.893737, 0000.805317,   087,  1,  0000.623936, 0000.781476, 0000.000014, 0000.105207, 0000.176503, -000.140939, 0000.974157, -000.015970, 0000.761282, -000.607809, -000.225870, 0000.695588, 
0000000031, 1570660388.809027492,   019,  1,  0000.977315, -000.143209, 0000.156034, -000.056191, -000.073015, -000.919395, -000.386500, 0000.181074, 0000.198807, 0000.366339, -000.908995, 0000.903744,   051,  1,  0000.761467, -000.502980, 0000.408876, 0000.021359, -000.423287, 0000.091875, 0000.901325, -000.039380, -000.490913, -000.859401, -000.142945, 0000.578590,   073,  1,  -000.546984, -000.806812, 0000.223300, 0000.112002, -000.399515, 0000.485988, 0000.777305, 0000.057698, -000.735660, 0000.335962, -000.588161, 0000.867120,   080,  1,  0000.726696, -000.522321, 0000.446200, -000.152453, -000.601201, -000.797818, 0000.045210, 0000.012413, 0000.332372, -000.301110, -000.893791, 0000.805354,   087,  1,  0000.623764, 0000.781613, 0000.000047, 0000.105206, 0000.176475, -000.140893, 0000.974169, -000.015996, 0000.761429, -000.607644, -000.225819, 0000.695609, 
0000000032, 1570660388.820263638,   019,  1,  0000.977513, -000.142230, 0000.155686, -000.056190, -000.072286, -000.919568, -000.386224, 0000.180989, 0000.198097, 0000.366285, -000.909172, 0000.903357,   051,  1,  0000.761731, -000.502626, 0000.408819, 0000.021377, -000.423232, 0000.091731, 0000.901366, -000.039101, -000.490551, -000.859624, -000.142853, 0000.578579,   073,  1,  -000.546715, -000.806987, 0000.223325, 0000.111974, -000.399569, 0000.485829, 0000.777376, 0000.057814, -000.735831, 0000.335769, -000.588058, 0000.867078,   080,  1,  0000.726419, -000.522462, 0000.446485, -000.152404, -000.601358, -000.797715, 0000.044934, 0000.012400, 0000.332692, -000.301138, -000.893662, 0000.805090,   087,  1,  0000.623729, 0000.781641, 0000.000166, 0000.105212, 0000.176436, -000.140999, 0000.974161, -000.016020, 0000.761467, -000.607583, -000.225854, 0000.695633, 
0000000033, 1570660388.831499420,   019,  1,  0000.977378, -000.142457, 0000.156326, -000.056267, -000.072236, -000.919532, -000.386319, 0000.181190, 0000.198781, 0000.366287, -000.909021, 0000.904328,   051,  1,  0000.762005, -000.502092, 0000.408964, 0000.021385, -000.423272, 0000.091779, 0000.901342, -000.039079, -000.490091, -000.859930, -000.142585, 0000.578584,   073,  1,  -000.546831, -000.806915, 0000.223300, 0000.111941, -000.399493, 0000.485860, 0000.777397, 0000.057918, -000.735786, 0000.335898, -000.588041, 0000.867042,   080,  1,  0000.726546, -000.522349, 0000.446410, -000.152434, -000.601204, -000.797832, 0000.044926, 0000.012396, 0000.332693, -000.301024, -000.893700, 0000.805207,   087,  1,  0000.623642, 0000.781710, 0000.000031, 0000.105202, 0000.176528, -000.140871, 0000.974163, -000.015966, 0000.761517, -000.607524, -000.225847, 0000.695639, 
0000000034, 1570660388.842735774,   019,  1,  0000.977287, -000.143315, 0000.156112, -000.056214, -000.073063, -000.919348, -000.386601, 0000.180900, 0000.198927, 0000.366414, -000.908938, 0000.902945,   051,  1,  0000.761897, -000.502285, 0000.408929, 0000.021376, -000.423317, 0000.091692, 0000.901330, -000.039587, -000.490220, -000.859827, -000.142766, 0000.578633,   073,  1,  -000.546993, -000.806814, 0000.223270, 0000.111932, -000.399352, 0000.485891, 0000.777450, 0000.057815, -000.735742, 0000.336096, -000.587982, 0000.867119,   080,  1,  0000.726586, -000.522206, 0000.446514, -000.152413, -000.601075, -000.797930, 0000.044901, 0000.012396, 0000.332839, -000.301013, -000.893650, 0000.805061,   087,  1,  0000.623684, 0000.781677, -000.000039, 0000.105196, 0000.176575, -000.140837, 0000.974159, -000.015965, 0000.761472, -000.607574, -000.225862, 0000.695651, 
0000000035, 1570660388.853971181,   019,  1,  0000.977316, -000.142968, 0000.156246, -000.056212, -000.072724, -000.919450, -000.386422, 0000.180868, 0000.198907, 0000.366294, -000.908991, 0000.902742,   051,  1,  0000.761779, -000.502423, 0000.408979, 0000.021378, -000.423311, 0000.091855, 0000.901316, -000.039558, -000.490409, -000.859729, -000.142708, 0000.578644,   073,  1,  -000.546659, -000.807041, 0000.223267, 0000.111925, -000.399341, 0000.485627, 0000.777620, 0000.057699, -000.735996, 0000.335933, -000.587757, 0000.867213,   080,  1,  0000.726150, -000.522741, 0000.446596, -000.152485, -000.601628, -000.797523, 0000.044727, 0000.012394, 0000.332790, -000.301164, -000.893617, 0000.805440,   087,  1,  0000.623534, 0000.781796, -000.000046, 0000.105175, 0000.176581, -000.140778, 0000.974167, -000.015844, 0000.761593, -000.607434, -000.225830, 0000.695641, 
0000000036, 1570660388.865207305,   019,  1,  0000.977386, -000.142512, 0000.156228, -000.056261, -000.072344, -000.919559, -000.386235, 0000.180989, 0000.198704, 0000.366198, -000.909074, 0000.903373,   051,  1,  0000.762066, -000.502066, 0000.408882, 0000.021399, -000.423129, 0000.091849, 0000.901402, -000.039289, -000.490119, -000.859938, -000.142444, 0000.578628,   073,  1,  -000.546694, -000.806963, 0000.223464, 0000.111886, -000.399109, 0000.485737, 0000.777671, 0000.057871, -000.736096, 0000.335961, -000.587616, 0000.867143,   080,  1,  0000.726271, -000.522392, 0000.446808, -000.152535, -000.601319, -000.797757, 0000.044716, 0000.012385, 0000.333085, -000.301150, -000.893512, 0000.805681,   087,  1,  0000.623517, 0000.781810, 0000.000017, 0000.105191, 0000.176483, -000.140771, 0000.974185, -000.015997, 0000.761630, -000.607418, -000.225750, 0000.695690, 
0000000037, 1570660388.876443136,   019,  1,  0000.977393, -000.142338, 0000.156344, -000.056242, -000.072123, -000.919551, -000.386296, 0000.180912, 0000.198751, 0000.366287, -000.909028, 0000.903047,   051,  1,  0000.762287, -000.501705, 0000.408915, 0000.021398, -000.423076, 0000.091887, 0000.901423, -000.039371, -000.489822, -000.860145, -000.142215, 0000.578641,   073,  1,  -000.546771, -000.806931, 0000.223391, 0000.111876, -000.399148, 0000.485744, 0000.777646, 0000.057845, -000.736018, 0000.336029, -000.587676, 0000.867179,   080,  1,  0000.726179, -000.522423, 0000.446921, -000.152440, -000.601377, -000.797716, 0000.044666, 0000.012376, 0000.333181, -000.301204, -000.893458, 0000.805158,   087,  1,  0000.623447, 0000.781866, 0000.000080, 0000.105189, 0000.176422, -000.140776, 0000.974196, -000.016041, 0000.761701, -000.607345, -000.225705, 0000.695714, 
0000000038, 1570660388.887679364,   019,  1,  0000.977190, -000.144050, 0000.156041, -000.056300, -000.073781, -000.919292, -000.386599, 0000.181092, 0000.199137, 0000.366268, -000.908951, 0000.903903,   051,  1,  0000.762157, -000.501760, 0000.409089, 0000.021405, -000.423343, 0000.091799, 0000.901307, -000.039379, -000.489794, -000.860122, -000.142451, 0000.578641,   073,  1,  -000.546719, -000.806923, 0000.223547, 0000.111858, -000.399114, 0000.485839, 0000.777604, 0000.057905, -000.736075, 0000.335910, -000.587672, 0000.867167,   080,  1,  0000.725874, -000.522617, 0000.447190, -000.152509, -000.601618, -000.797545, 0000.044474, 0000.012379, 0000.333411, -000.301319, -000.893333, 0000.805484,   087,  1,  0000.623296, 0000.781986, 0000.000059, 0000.105174, 0000.176529, -000.140779, 0000.974176, -000.015939, 0000.761800, -000.607189, -000.225790, 0000.695699, 
0000000039, 1570660388.898915090,   019,  1,  0000.977265, -000.143200, 0000.156356, -000.056254, -000.072900, -000.919434, -000.386428, 0000.180888, 0000.199096, 0000.366244, -000.908970, 0000.902963,   051,  1,  0000.762130, -000.501926, 0000.408936, 0000.021406, -000.423251, 0000.091699, 0000.901360, -000.039205, -000.489915, -000.860036, -000.142554, 0000.578633,   073,  1,  -000.546660, -000.806993, 0000.223440, 0000.111857, -000.399031, 0000.485652, 0000.777764, 0000.057812, -000.736164, 0000.336013, -000.587501, 0000.867240,   080,  1,  0000.726039, -000.522454, 0000.447112, -000.152510, -000.601423, -000.797690, 0000.044509, 0000.012377, 0000.333402, -000.301219, -000.893370, 0000.805440,   087,  1,  0000.623391, 0000.781910, 0000.000104, 0000.105170, 0000.176562, -000.140897, 0000.974153, -000.015942, 0000.761715, -000.607260, -000.225889, 0000.695708, 
0000000040, 1570660388.910151404,   019,  1,  0000.977218, -000.143423, 0000.156446, -000.056278, -000.073021, -000.919320, -000.386678, 0000.180927, 0000.199282, 0000.366444, -000.908848, 0000.903166,   051,  1,  0000.762105, -000.501901, 0000.409012, 0000.021405, -000.423208, 0000.091924, 0000.901357, -000.039425, -000.489991, -000.860026, -000.142353, 0000.578652,   073,  1,  -000.546575, -000.807041, 0000.223475, 0000.111856, -000.398938, 0000.485578, 0000.777857, 0000.057705, -000.736277, 0000.336005, -000.587364, 0000.867323,   080,  1,  0000.725959, -000.522520, 0000.447165, -000.152511, -000.601479, -000.797653, 0000.044413, 0000.012367, 0000.333476, -000.301202, -000.893348, 0000.805436,   087,  1,  0000.623282, 0000.781997, 0000.000206, 0000.105168, 0000.176531, -000.140959, 0000.974150, -000.016002, 0000.761811, -000.607134, -000.225904, 0000.695731, 
0000000041, 1570660388.921387077,   019,  1,  0000.977227, -000.142949, 0000.156820, -000.056301, -000.072459, -000.919414, -000.386559, 0000.180958, 0000.199440, 0000.366393, -000.908834, 0000.903392,   051,  1,  0000.762158, -000.501839, 0000.408991, 0000.021398, -000.423220, 0000.091839, 0000.901361, -000.039485, -000.489899, -000.860072, -000.142392, 0000.578652,   073,  1,  -000.546546, -000.807081, 0000.223399, 0000.111808, -000.398930, 0000.485479, 0000.777923, 0000.057952, -000.736303, 0000.336051, -000.587306, 0000.867195,   080,  1,  0000.725910, -000.522562, 0000.447195, -000.152527, -000.601521, -000.797624, 0000.044371, 0000.012367, 0000.333507, -000.301206, -000.893335, 0000.805510,   087,  1,  0000.623231, 0000.782038, 0000.000158, 0000.105162, 0000.176495, -000.140851, 0000.974172, -000.016021, 0000.761862, -000.607106, -000.225808, 0000.695738, 
0000000042, 1570660388.932623152,   019,  1,  0000.977369, -000.142230, 0000.156587, -000.056309, -000.071877, -000.919471, -000.386531, 0000.180964, 0000.198954, 0000.366528, -000.908886, 0000.903415,   051,  1,  0000.762282, -000.501644, 0000.408998, 0000.021404, -000.423202, 0000.091818, 0000.901371, -000.039213, -000.489721, -000.860188, -000.142305, 0000.578631,   073,  1,  -000.546606, -000.807039, 0000.223404, 0000.111827, -000.398817, 0000.485478, 0000.777982, 0000.057710, -000.736320, 0000.336152, -000.587226, 0000.867339,   080,  1,  0000.726095, -000.522398, 0000.447086, -000.152504, -000.601278, -000.797811, 0000.044308, 0000.012358, 0000.333543, -000.300995, -000.893393, 0000.805336,   087,  1,  0000.623117, 0000.782128, 0000.000173, 0000.105142, 0000.176485, -000.140820, 0000.974178, -000.015914, 0000.761957, -000.606997, -000.225781, 0000.695711, 
0000000043, 1570660388.943858743,   019,  1,  0000.977260, -000.142860, 0000.156695, -000.056351, -000.072486, -000.919532, -000.386272, 0000.181030, 0000.199269, 0000.366130, -000.908978, 0000.903851,   051,  1,  0000.762527, -000.501342, 0000.408912, 0000.021399, -000.423100, 0000.091714, 0000.901429, -000.039507, -000.489427, -000.860375, -000.142183, 0000.578654,   073,  1,  -000.546752, -000.806924, 0000.223461, 0000.111795, -000.398695, 0000.485590, 0000.777975, 0000.057872, -000.736277, 0000.336267, -000.587214, 0000.867249,   080,  1,  0000.726028, -000.522345, 0000.447258, -000.152535, -000.601310, -000.797782, 0000.044382, 0000.012363, 0000.333632, -000.301163, -000.893303, 0000.805480,   087,  1,  0000.623115, 0000.782131, 0000.000169, 0000.105142, 0000.176542, -000.140860, 0000.974162, -000.015907, 0000.761946, -000.606985, -000.225851, 0000.695712, 
