% Measurements merged on 10/09/19 17:22:51 Central Daylight Time
% Original files:
%    1: C:\Users\Al\Desktop\Nayo\KACEY\STROKE\RTIS2001\RTIS2001_REAL_trunkfree\2001tf_final_00000001_Series2s24.hts  (Series2s24)
%    2: C:\Users\Al\Desktop\Nayo\KACEY\STROKE\RTIS2001\RTIS2001_REAL_trunkfree\2001tf_final_00000001_Series2s25.hts  (Series2s25)
% Merge host: Al-PC
% System: MERGED
% nSharedImages: 1000
%
% Interpolated markers have status set to 2
%
% EMB001 (Marker properties) Series:2031, ID:019, Size:35, Thickness:001.846, tPu:[+000.000 +000.000 +000.000]
% EMB001 (Marker properties) Series:2031, ID:051, Size:35, Thickness:001.844, tPu:[+000.000 +000.000 +000.000]
% EMB001 (Marker properties) Series:2032, ID:073, Size:44, Thickness:002.200, tPu:[+000.000 +000.000 +000.000]
% EMB001 (Marker properties) Series:2032, ID:080, Size:44, Thickness:002.203, tPu:[+000.000 +000.000 +000.000]
% EMB001 (Marker properties) Series:2032, ID:087, Size:44, Thickness:002.251, tPu:[+000.000 +000.000 +000.000]
%
% ImageNumber,             FrameTime,           Marker,  ST, HT(1, 1),    HT(1, 2),    HT(1, 3),    HT(1, 4),    HT(2, 1),    HT(2, 2),    HT(2, 3),    HT(2, 4),    HT(3, 1),    HT(3, 2),    HT(3, 3),    HT(3, 4)
%
0000000000, 1570660164.775319553,   019,  0,  0000.000000, 0000.000000, 0000.000000, 0000.000000, 0000.000000, 0000.000000, 0000.000000, 0000.000000, 0000.000000, 0000.000000, 0000.000000, 0000.000000,   051,  1,  0000.788819, -000.517023, 0000.332343, 0000.000009, -000.366647, 0000.038142, 0000.929578, -000.039637, -000.493289, -000.855121, -000.159478, 0000.591737,   073,  1,  -000.550672, -000.800348, 0000.237073, 0000.097201, -000.414919, 0000.508894, 0000.754234, 0000.060294, -000.724295, 0000.316969, -000.612313, 0000.868812,   080,  1,  0000.755512, -000.529271, 0000.386101, -000.172023, -000.598738, -000.797039, 0000.079004, 0000.020716, 0000.265923, -000.290862, -000.919067, 0000.800744,   087,  1,  0000.637391, 0000.770492, -000.008652, 0000.087422, 0000.173055, -000.132200, 0000.976000, -000.013570, 0000.750856, -000.623591, -000.217601, 0000.706874, 
0000000001, 1570660164.786555633,   019,  0,  0000.000000, 0000.000000, 0000.000000, 0000.000000, 0000.000000, 0000.000000, 0000.000000, 0000.000000, 0000.000000, 0000.000000, 0000.000000, 0000.000000,   051,  1,  0000.788929, -000.516859, 0000.332337, 0000.000008, -000.366636, 0000.038088, 0000.929585, -000.039594, -000.493122, -000.855223, -000.159451, 0000.591745,   073,  1,  -000.550462, -000.800468, 0000.237155, 0000.097200, -000.414935, 0000.508812, 0000.754281, 0000.060241, -000.724445, 0000.316799, -000.612224, 0000.868849,   080,  1,  0000.755429, -000.529336, 0000.386175, -000.172007, -000.598858, -000.796940, 0000.079097, 0000.020710, 0000.265890, -000.291016, -000.919028, 0000.800704,   087,  1,  0000.637348, 0000.770528, -000.008592, 0000.087434, 0000.172982, -000.132200, 0000.976012, -000.013774, 0000.750909, -000.623546, -000.217545, 0000.706939, 
0000000002, 1570660164.797791678,   019,  0,  0000.000000, 0000.000000, 0000.000000, 0000.000000, 0000.000000, 0000.000000, 0000.000000, 0000.000000, 0000.000000, 0000.000000, 0000.000000, 0000.000000,   051,  1,  0000.788806, -000.516999, 0000.332411, -000.000008, -000.366718, 0000.038149, 0000.929550, -000.039710, -000.493258, -000.855135, -000.159501, 0000.591760,   073,  1,  -000.550307, -000.800552, 0000.237231, 0000.097194, -000.414851, 0000.508723, 0000.754387, 0000.060268, -000.724611, 0000.316729, -000.612063, 0000.868839,   080,  1,  0000.755280, -000.529451, 0000.386309, -000.172028, -000.599021, -000.796818, 0000.079088, 0000.020702, 0000.265944, -000.291141, -000.918973, 0000.800777,   087,  1,  0000.637478, 0000.770421, -000.008564, 0000.087414, 0000.172934, -000.132243, 0000.976015, -000.013634, 0000.750810, -000.623669, -000.217534, 0000.706904, 
0000000003, 1570660164.809027968,   019,  1,  0000.981905, -000.118274, 0000.147895, -000.074441, -000.062519, -000.939651, -000.336373, 0000.190081, 0000.178754, 0000.321040, -000.930043, 0000.903821,   051,  1,  0000.788935, -000.516855, 0000.332329, -000.000003, -000.366644, 0000.038055, 0000.929583, -000.039556, -000.493106, -000.855227, -000.159479, 0000.591745,   073,  1,  -000.550167, -000.800626, 0000.237306, 0000.097187, -000.414859, 0000.508686, 0000.754408, 0000.060275, -000.724713, 0000.316601, -000.612009, 0000.868850,   080,  1,  0000.755274, -000.529385, 0000.386410, -000.171991, -000.599045, -000.796780, 0000.079292, 0000.020699, 0000.265908, -000.291364, -000.918912, 0000.800678,   087,  1,  0000.637385, 0000.770498, -000.008587, 0000.087419, 0000.172986, -000.132224, 0000.976009, -000.013716, 0000.750877, -000.623578, -000.217563, 0000.706933, 
0000000004, 1570660164.820263445,   019,  1,  0000.981932, -000.118154, 0000.147813, -000.074373, -000.062447, -000.939684, -000.336296, 0000.189905, 0000.178633, 0000.320990, -000.930084, 0000.903024,   051,  1,  0000.789024, -000.516744, 0000.332290, -000.000013, -000.366581, 0000.038042, 0000.929608, -000.039644, -000.493010, -000.855295, -000.159412, 0000.591765,   073,  1,  -000.550441, -000.800459, 0000.237234, 0000.097189, -000.414694, 0000.508764, 0000.754446, 0000.060230, -000.724599, 0000.316898, -000.611990, 0000.868885,   080,  1,  0000.755362, -000.529219, 0000.386466, -000.172022, -000.598916, -000.796867, 0000.079389, 0000.020706, 0000.265948, -000.291428, -000.918880, 0000.800822,   087,  1,  0000.637294, 0000.770572, -000.008634, 0000.087411, 0000.173032, -000.132169, 0000.976008, -000.013733, 0000.750943, -000.623498, -000.217564, 0000.706943, 
0000000005, 1570660164.831499633,   019,  2,  0000.981860, -000.118590, 0000.147946, -000.074364, -000.062849, -000.939710, -000.336148, 0000.189890, 0000.178890, 0000.320752, -000.930116, 0000.902933,   051,  1,  0000.788884, -000.516934, 0000.332326, -000.000008, -000.366600, 0000.038156, 0000.929596, -000.039507, -000.493220, -000.855174, -000.159407, 0000.591751,   073,  1,  -000.550494, -000.800430, 0000.237210, 0000.097196, -000.414605, 0000.508745, 0000.754507, 0000.060163, -000.724610, 0000.317003, -000.611923, 0000.868929,   080,  1,  0000.755354, -000.529020, 0000.386753, -000.172019, -000.598856, -000.796894, 0000.079574, 0000.020705, 0000.266105, -000.291716, -000.918744, 0000.800825,   087,  1,  0000.637381, 0000.770500, -000.008677, 0000.087411, 0000.173050, -000.132161, 0000.976006, -000.013733, 0000.750865, -000.623589, -000.217572, 0000.706946, 
0000000006, 1570660164.842735420,   019,  1,  0000.981787, -000.119027, 0000.148079, -000.074356, -000.063251, -000.939736, -000.335999, 0000.189875, 0000.179148, 0000.320514, -000.930149, 0000.902843,   051,  1,  0000.788753, -000.517101, 0000.332377, -000.000029, -000.366788, 0000.037999, 0000.929528, -000.039892, -000.493290, -000.855081, -000.159695, 0000.591802,   073,  1,  -000.550301, -000.800519, 0000.237356, 0000.097205, -000.414550, 0000.508704, 0000.754565, 0000.060072, -000.724787, 0000.316842, -000.611796, 0000.868992,   080,  1,  0000.755095, -000.529371, 0000.386780, -000.171985, -000.599220, -000.796625, 0000.079524, 0000.020709, 0000.266021, -000.291814, -000.918737, 0000.800693,   087,  1,  0000.637315, 0000.770556, -000.008586, 0000.087412, 0000.172951, -000.132170, 0000.976022, -000.013742, 0000.750945, -000.623518, -000.217502, 0000.706957, 
0000000007, 1570660164.853971304,   019,  1,  0000.981915, -000.118027, 0000.148029, -000.074451, -000.062289, -000.939759, -000.336115, 0000.190117, 0000.178782, 0000.320816, -000.930115, 0000.904094,   051,  1,  0000.789172, -000.516530, 0000.332271, -000.000014, -000.366548, 0000.037978, 0000.929624, -000.039686, -000.492798, -000.855426, -000.159362, 0000.591783,   073,  1,  -000.550401, -000.800483, 0000.237245, 0000.097196, -000.414570, 0000.508688, 0000.754565, 0000.060153, -000.724700, 0000.316959, -000.611839, 0000.868955,   080,  1,  0000.755042, -000.529367, 0000.386888, -000.172019, -000.599279, -000.796571, 0000.079616, 0000.020711, 0000.266038, -000.291967, -000.918683, 0000.800891,   087,  1,  0000.637240, 0000.770616, -000.008690, 0000.087407, 0000.173066, -000.132106, 0000.976010, -000.013623, 0000.750981, -000.623457, -000.217551, 0000.706930, 
0000000008, 1570660164.865207041,   019,  1,  0000.981716, -000.119789, 0000.147936, -000.074299, -000.063963, -000.939566, -000.336339, 0000.189752, 0000.179285, 0000.320727, -000.930049, 0000.902445,   051,  1,  0000.789054, -000.516726, 0000.332248, 0000.000002, -000.366582, 0000.037949, 0000.929612, -000.039487, -000.492963, -000.855309, -000.159479, 0000.591764,   073,  1,  -000.550162, -000.800630, 0000.237306, 0000.097194, -000.414626, 0000.508580, 0000.754607, 0000.060156, -000.724850, 0000.316762, -000.611763, 0000.868960,   080,  1,  0000.754967, -000.529269, 0000.387168, -000.171943, -000.599261, -000.796587, 0000.079587, 0000.020696, 0000.266290, -000.292101, -000.918568, 0000.800566,   087,  1,  0000.637330, 0000.770542, -000.008708, 0000.087424, 0000.173005, -000.132065, 0000.976027, -000.013831, 0000.750919, -000.623558, -000.217477, 0000.706995, 
0000000009, 1570660164.876443358,   019,  1,  0000.981879, -000.118277, 0000.148071, -000.074361, -000.062493, -000.939705, -000.336227, 0000.189873, 0000.178911, 0000.320881, -000.930068, 0000.903077,   051,  1,  0000.789090, -000.516730, 0000.332155, 0000.000003, -000.366452, 0000.037985, 0000.929661, -000.039544, -000.493000, -000.855306, -000.159383, 0000.591769,   073,  1,  -000.550200, -000.800616, 0000.237265, 0000.097194, -000.414675, 0000.508593, 0000.754571, 0000.060234, -000.724793, 0000.316777, -000.611823, 0000.868925,   080,  1,  0000.755041, -000.529069, 0000.387298, -000.171967, -000.599102, -000.796705, 0000.079615, 0000.020700, 0000.266440, -000.292144, -000.918511, 0000.800732,   087,  1,  0000.637446, 0000.770448, -000.008546, 0000.087424, 0000.172853, -000.132187, 0000.976037, -000.013698, 0000.750856, -000.623648, -000.217436, 0000.706960, 
0000000010, 1570660164.887679214,   019,  1,  0000.981808, -000.118466, 0000.148390, -000.074353, -000.062587, -000.939734, -000.336129, 0000.189862, 0000.179267, 0000.320726, -000.930053, 0000.903052,   051,  1,  0000.788851, -000.517125, 0000.332109, 0000.000010, -000.366439, 0000.038063, 0000.929663, -000.039499, -000.493393, -000.855063, -000.159469, 0000.591768,   073,  1,  -000.550198, -000.800641, 0000.237184, 0000.097211, -000.414622, 0000.508492, 0000.754668, 0000.060060, -000.724824, 0000.316876, -000.611735, 0000.869030,   080,  1,  0000.754893, -000.529176, 0000.387439, -000.171942, -000.599295, -000.796548, 0000.079727, 0000.020690, 0000.266424, -000.292376, -000.918441, 0000.800642,   087,  1,  0000.637232, 0000.770623, -000.008672, 0000.087437, 0000.172956, -000.132035, 0000.976039, -000.013817, 0000.751014, -000.623463, -000.217421, 0000.706999, 
0000000011, 1570660164.898914855,   019,  1,  0000.981769, -000.119115, 0000.148125, -000.074399, -000.063299, -000.939693, -000.336110, 0000.190035, 0000.179228, 0000.320606, -000.930102, 0000.903924,   051,  1,  0000.788985, -000.516833, 0000.332245, 0000.000004, -000.366589, 0000.037971, 0000.929608, -000.039604, -000.493068, -000.855244, -000.159506, 0000.591783,   073,  1,  -000.550369, -000.800555, 0000.237078, 0000.097199, -000.414557, 0000.508500, 0000.754699, 0000.060199, -000.724732, 0000.317080, -000.611738, 0000.868962,   080,  1,  0000.754711, -000.529423, 0000.387458, -000.171994, -000.599553, -000.796357, 0000.079698, 0000.020694, 0000.266361, -000.292450, -000.918436, 0000.800951,   087,  1,  0000.637298, 0000.770569, -000.008669, 0000.087427, 0000.172965, -000.132070, 0000.976033, -000.013669, 0000.750956, -000.623523, -000.217449, 0000.706962, 
0000000012, 1570660164.910151162,   019,  2,  0000.981772, -000.119052, 0000.148159, -000.074342, -000.063237, -000.939714, -000.336063, 0000.189881, 0000.179235, 0000.320568, -000.930113, 0000.903253,   051,  1,  0000.789078, -000.516712, 0000.332210, 0000.000006, -000.366445, 0000.038103, 0000.929659, -000.039467, -000.493025, -000.855311, -000.159280, 0000.591776,   073,  1,  -000.550508, -000.800474, 0000.237026, 0000.097211, -000.414557, 0000.508562, 0000.754657, 0000.060076, -000.724626, 0000.317184, -000.611810, 0000.869041,   080,  1,  0000.754731, -000.529180, 0000.387749, -000.172007, -000.599432, -000.796435, 0000.079827, 0000.020693, 0000.266574, -000.292677, -000.918302, 0000.801058,   087,  1,  0000.637432, 0000.770458, -000.008645, 0000.087424, 0000.173032, -000.132206, 0000.976003, -000.013680, 0000.750826, -000.623631, -000.217586, 0000.706973, 
0000000013, 1570660164.921387042,   019,  1,  0000.981774, -000.118988, 0000.148192, -000.074286, -000.063174, -000.939735, -000.336016, 0000.189728, 0000.179243, 0000.320530, -000.930125, 0000.902582,   051,  1,  0000.788781, -000.517161, 0000.332220, 0000.000005, -000.366499, 0000.038200, 0000.929634, -000.039436, -000.493461, -000.855035, -000.159408, 0000.591780,   073,  1,  -000.550523, -000.800484, 0000.236962, 0000.097191, -000.414499, 0000.508487, 0000.754740, 0000.060256, -000.724649, 0000.317281, -000.611733, 0000.868948,   080,  1,  0000.754491, -000.529543, 0000.387721, -000.171930, -000.599776, -000.796186, 0000.079723, 0000.020686, 0000.266481, -000.292696, -000.918323, 0000.800743,   087,  1,  0000.637350, 0000.770527, -000.008619, 0000.087413, 0000.172885, -000.132086, 0000.976045, -000.013578, 0000.750930, -000.623572, -000.217398, 0000.706948, 
0000000014, 1570660164.932623082,   019,  1,  0000.981717, -000.119361, 0000.148275, -000.074340, -000.063500, -000.939707, -000.336033, 0000.189859, 0000.179444, 0000.320473, -000.930106, 0000.903265,   051,  1,  0000.789133, -000.516748, 0000.332024, -000.000023, -000.366350, 0000.037900, 0000.929705, -000.039934, -000.493007, -000.855298, -000.159402, 0000.591836,   073,  1,  -000.550335, -000.800617, 0000.236948, 0000.097184, -000.414366, 0000.508267, 0000.754961, 0000.060234, -000.724867, 0000.317298, -000.611465, 0000.868972,   080,  1,  0000.754499, -000.529390, 0000.387914, -000.171986, -000.599732, -000.796202, 0000.079904, 0000.020691, 0000.266558, -000.292932, -000.918225, 0000.801070,   087,  1,  0000.637260, 0000.770601, -000.008632, 0000.087420, 0000.172979, -000.132114, 0000.976025, -000.013746, 0000.750985, -000.623475, -000.217489, 0000.707002, 
0000000015, 1570660164.943859006,   019,  1,  0000.981654, -000.120093, 0000.148100, -000.074309, -000.064266, -000.939669, -000.335994, 0000.189822, 0000.179515, 0000.320312, -000.930148, 0000.903155,   051,  1,  0000.788876, -000.517112, 0000.332068, 0000.000004, -000.366442, 0000.037971, 0000.929666, -000.039297, -000.493350, -000.855075, -000.159537, 0000.591775,   073,  1,  -000.550571, -000.800463, 0000.236918, 0000.097199, -000.414314, 0000.508404, 0000.754897, 0000.060081, -000.724717, 0000.317466, -000.611556, 0000.869078,   080,  1,  0000.754359, -000.529583, 0000.387923, -000.171950, -000.599910, -000.796077, 0000.079807, 0000.020689, 0000.266552, -000.292922, -000.918230, 0000.800978,   087,  1,  0000.637295, 0000.770571, -000.008655, 0000.087401, 0000.172914, -000.132045, 0000.976046, -000.013565, 0000.750970, -000.623526, -000.217394, 0000.706961, 
0000000016, 1570660164.955094892,   019,  1,  0000.981632, -000.119973, 0000.148343, -000.074301, -000.064062, -000.939666, -000.336041, 0000.189803, 0000.179709, 0000.320365, -000.930092, 0000.903110,   051,  1,  0000.788880, -000.517126, 0000.332038, -000.000018, -000.366414, 0000.037964, 0000.929677, -000.039635, -000.493366, -000.855067, -000.159533, 0000.591822,   073,  1,  -000.550659, -000.800394, 0000.236947, 0000.097178, -000.414260, 0000.508477, 0000.754877, 0000.060215, -000.724681, 0000.317522, -000.611569, 0000.869006,   080,  1,  0000.754580, -000.529274, 0000.387915, -000.171889, -000.599619, -000.796283, 0000.079936, 0000.020677, 0000.266582, -000.292920, -000.918222, 0000.800759,   087,  1,  0000.637461, 0000.770434, -000.008630, 0000.087405, 0000.172799, -000.132042, 0000.976066, -000.013668, 0000.750856, -000.623695, -000.217302, 0000.706993, 
0000000017, 1570660164.966330848,   019,  1,  0000.981611, -000.119765, 0000.148648, -000.074317, -000.063812, -000.939774, -000.335786, 0000.189873, 0000.179911, 0000.320126, -000.930135, 0000.903452,   051,  1,  0000.788898, -000.517089, 0000.332053, -000.000007, -000.366441, 0000.037933, 0000.929668, -000.039444, -000.493317, -000.855091, -000.159557, 0000.591809,   073,  1,  -000.550617, -000.800401, 0000.237022, 0000.097169, -000.414209, 0000.508492, 0000.754895, 0000.060258, -000.724743, 0000.317482, -000.611517, 0000.868996,   080,  1,  0000.754481, -000.529379, 0000.387965, -000.171921, -000.599649, -000.796294, 0000.079601, 0000.020679, 0000.266795, -000.292700, -000.918230, 0000.800993,   087,  1,  0000.637470, 0000.770427, -000.008599, 0000.087404, 0000.172876, -000.132148, 0000.976038, -000.013679, 0000.750830, -000.623682, -000.217428, 0000.707003, 
0000000018, 1570660164.977566823,   019,  2,  0000.981622, -000.119723, 0000.148609, -000.074288, -000.063772, -000.939755, -000.335849, 0000.189826, 0000.179865, 0000.320200, -000.930119, 0000.903246,   051,  1,  0000.789021, -000.516878, 0000.332088, -000.000023, -000.366403, 0000.037989, 0000.929680, -000.039637, -000.493147, -000.855216, -000.159412, 0000.591839,   073,  1,  -000.550462, -000.800481, 0000.237111, 0000.097183, -000.414250, 0000.508470, 0000.754888, 0000.060178, -000.724837, 0000.317314, -000.611493, 0000.869057,   080,  1,  0000.754260, -000.529590, 0000.388106, -000.171910, -000.599953, -000.796054, 0000.079715, 0000.020679, 0000.266737, -000.292971, -000.918161, 0000.801022,   087,  1,  0000.637376, 0000.770503, -000.008703, 0000.087417, 0000.172913, -000.132013, 0000.976050, -000.013871, 0000.750901, -000.623616, -000.217372, 0000.707069, 
0000000019, 1570660164.988802795,   019,  1,  0000.981633, -000.119680, 0000.148570, -000.074259, -000.063732, -000.939735, -000.335912, 0000.189780, 0000.179818, 0000.320273, -000.930102, 0000.903041,   051,  1,  0000.788872, -000.517192, 0000.331954, -000.000017, -000.366291, 0000.038029, 0000.929723, -000.039492, -000.493469, -000.855024, -000.159443, 0000.591830,   073,  1,  -000.550580, -000.800364, 0000.237234, 0000.097173, -000.414065, 0000.508599, 0000.754902, 0000.060311, -000.724853, 0000.317404, -000.611427, 0000.868991,   080,  1,  0000.754314, -000.529385, 0000.388280, -000.171840, -000.599786, -000.796183, 0000.079684, 0000.020674, 0000.266958, -000.292992, -000.918090, 0000.800753,   087,  1,  0000.637347, 0000.770529, -000.008597, 0000.087402, 0000.172834, -000.132070, 0000.976056, -000.013724, 0000.750944, -000.623573, -000.217348, 0000.707036, 
0000000020, 1570660165.000038469,   019,  1,  0000.981669, -000.119612, 0000.148390, -000.074257, -000.063738, -000.939757, -000.335850, 0000.189785, 0000.179622, 0000.320235, -000.930153, 0000.903144,   051,  1,  0000.789039, -000.516795, 0000.332176, -000.000007, -000.366455, 0000.038048, 0000.929658, -000.039447, -000.493081, -000.855263, -000.159361, 0000.591833,   073,  1,  -000.550645, -000.800365, 0000.237078, 0000.097195, -000.414016, 0000.508482, 0000.755008, 0000.060139, -000.724832, 0000.317587, -000.611357, 0000.869095,   080,  1,  0000.754150, -000.529443, 0000.388520, -000.171891, -000.599960, -000.796041, 0000.079794, 0000.020679, 0000.267031, -000.293273, -000.917979, 0000.801110,   087,  1,  0000.637526, 0000.770380, -000.008645, 0000.087410, 0000.172791, -000.132040, 0000.976068, -000.013732, 0000.750802, -000.623762, -000.217293, 0000.707043, 
0000000021, 1570660165.011274790,   019,  1,  0000.981597, -000.120258, 0000.148345, -000.074259, -000.064356, -000.939687, -000.335927, 0000.189813, 0000.179796, 0000.320198, -000.930133, 0000.903208,   051,  1,  0000.788798, -000.517249, 0000.332041, -000.000007, -000.366407, 0000.038029, 0000.929677, -000.039519, -000.493502, -000.854989, -000.159527, 0000.591843,   073,  1,  -000.550412, -000.800465, 0000.237281, 0000.097214, -000.413921, 0000.508446, 0000.755084, 0000.059979, -000.725063, 0000.317392, -000.611184, 0000.869204,   080,  1,  0000.754120, -000.529257, 0000.388831, -000.171819, -000.599879, -000.796099, 0000.079828, 0000.020671, 0000.267298, -000.293452, -000.917844, 0000.800823,   087,  1,  0000.637264, 0000.770596, -000.008685, 0000.087421, 0000.172854, -000.131945, 0000.976070, -000.013817, 0000.751010, -000.623516, -000.217285, 0000.707077, 
0000000022, 1570660165.022510730,   019,  1,  0000.981693, -000.118952, 0000.148760, -000.074205, -000.063015, -000.939862, -000.335690, 0000.189681, 0000.179745, 0000.320170, -000.930152, 0000.902657,   051,  1,  0000.788931, -000.517086, 0000.331980, 0000.000002, -000.366429, 0000.037802, 0000.929678, -000.039429, -000.493273, -000.855098, -000.159652, 0000.591849,   073,  1,  -000.550548, -000.800405, 0000.237168, 0000.097209, -000.413939, 0000.508457, 0000.755067, 0000.060121, -000.724949, 0000.317527, -000.611249, 0000.869126,   080,  1,  0000.753988, -000.529302, 0000.389027, -000.171789, -000.599938, -000.796073, 0000.079641, 0000.020660, 0000.267540, -000.293441, -000.917777, 0000.800745,   087,  1,  0000.637326, 0000.770546, -000.008652, 0000.087426, 0000.172828, -000.131988, 0000.976068, -000.013756, 0000.750963, -000.623569, -000.217291, 0000.707065, 
0000000023, 1570660165.033746844,   019,  1,  0000.981582, -000.120127, 0000.148545, -000.074190, -000.064139, -000.939654, -000.336060, 0000.189698, 0000.179951, 0000.320343, -000.930053, 0000.902711,   051,  1,  0000.788883, -000.517073, 0000.332113, 0000.000023, -000.366415, 0000.038093, 0000.929671, -000.039082, -000.493359, -000.855093, -000.159413, 0000.591813,   073,  1,  -000.550539, -000.800416, 0000.237151, 0000.097214, -000.413927, 0000.508428, 0000.755093, 0000.060171, -000.724963, 0000.317545, -000.611223, 0000.869105,   080,  1,  0000.753760, -000.529361, 0000.389388, -000.171854, -000.600094, -000.795965, 0000.079544, 0000.020658, 0000.267832, -000.293627, -000.917633, 0000.801138,   087,  1,  0000.637393, 0000.770491, -000.008622, 0000.087425, 0000.172777, -000.132008, 0000.976075, -000.013678, 0000.750918, -000.623633, -000.217264, 0000.707052, 
0000000024, 1570660165.044982563,   019,  1,  0000.981603, -000.120162, 0000.148378, -000.074175, -000.064191, -000.939583, -000.336250, 0000.189675, 0000.179817, 0000.320539, -000.930011, 0000.902689,   051,  1,  0000.789137, -000.516770, 0000.331981, 0000.000005, -000.366267, 0000.037966, 0000.929735, -000.039570, -000.493063, -000.855282, -000.159315, 0000.591872,   073,  1,  -000.550326, -000.800550, 0000.237194, 0000.097235, -000.414027, 0000.508343, 0000.755095, 0000.060087, -000.725067, 0000.317343, -000.611204, 0000.869147,   080,  1,  0000.753710, -000.529292, 0000.389579, -000.171831, -000.600068, -000.795990, 0000.079487, 0000.020647, 0000.268029, -000.293684, -000.917557, 0000.801084,   087,  1,  0000.637508, 0000.770396, -000.008588, 0000.087436, 0000.172768, -000.132087, 0000.976066, -000.013738, 0000.750822, -000.623734, -000.217306, 0000.707077, 
0000000025, 1570660165.056218385,   019,  1,  0000.981475, -000.120643, 0000.148833, -000.074164, -000.064524, -000.939601, -000.336136, 0000.189674, 0000.180396, 0000.320306, -000.929979, 0000.902658,   051,  1,  0000.788946, -000.517128, 0000.331878, 0000.000011, -000.366299, 0000.037837, 0000.929728, -000.039564, -000.493345, -000.855072, -000.159572, 0000.591879,   073,  1,  -000.550562, -000.800410, 0000.237117, 0000.097250, -000.413962, 0000.508430, 0000.755072, 0000.060046, -000.724925, 0000.317557, -000.611262, 0000.869168,   080,  1,  0000.753445, -000.529562, 0000.389723, -000.171782, -000.600390, -000.795751, 0000.079445, 0000.020635, 0000.268051, -000.293844, -000.917499, 0000.800876,   087,  1,  0000.637521, 0000.770384, -000.008627, 0000.087444, 0000.172759, -000.132034, 0000.976074, -000.013777, 0000.750814, -000.623759, -000.217265, 0000.707089, 
0000000026, 1570660165.067454253,   019,  1,  0000.981517, -000.120386, 0000.148765, -000.074172, -000.064317, -000.939646, -000.336048, 0000.189693, 0000.180242, 0000.320269, -000.930022, 0000.902745,   051,  1,  0000.789140, -000.516777, 0000.331963, 0000.000010, -000.366229, 0000.037998, 0000.929749, -000.039528, -000.493087, -000.855276, -000.159273, 0000.591880,   073,  1,  -000.550394, -000.800522, 0000.237129, 0000.097240, -000.414097, 0000.508366, 0000.755041, 0000.060158, -000.724976, 0000.317376, -000.611296, 0000.869095,   080,  1,  0000.753691, -000.529300, 0000.389604, -000.171767, -000.600064, -000.796000, 0000.079415, 0000.020632, 0000.268090, -000.293642, -000.917552, 0000.800828,   087,  1,  0000.637402, 0000.770483, -000.008625, 0000.087442, 0000.172793, -000.132022, 0000.976070, -000.013746, 0000.750907, -000.623640, -000.217285, 0000.707086, 
0000000027, 1570660165.078690460,   019,  1,  0000.981556, -000.119792, 0000.148988, -000.074220, -000.063661, -000.939666, -000.336119, 0000.189783, 0000.180264, 0000.320435, -000.929961, 0000.903191,   051,  1,  0000.789220, -000.516712, 0000.331875, 0000.000011, -000.366240, 0000.037774, 0000.929753, -000.039586, -000.492951, -000.855326, -000.159429, 0000.591892,   073,  1,  -000.550291, -000.800621, 0000.237036, 0000.097245, -000.414207, 0000.508245, 0000.755063, 0000.060070, -000.724991, 0000.317323, -000.611305, 0000.869137,   080,  1,  0000.753705, -000.529150, 0000.389781, -000.171711, -000.599922, -000.796122, 0000.079266, 0000.020621, 0000.268370, -000.293581, -000.917490, 0000.800594,   087,  1,  0000.637344, 0000.770531, -000.008647, 0000.087438, 0000.172841, -000.132011, 0000.976063, -000.013705, 0000.750945, -000.623582, -000.217316, 0000.707079, 
0000000028, 1570660165.089926212,   019,  1,  0000.981611, -000.119545, 0000.148823, -000.074249, -000.063496, -000.939708, -000.336031, 0000.189884, 0000.180021, 0000.320402, -000.930019, 0000.903535,   051,  1,  0000.789040, -000.516865, 0000.332064, 0000.000012, -000.366373, 0000.037989, 0000.929692, -000.039522, -000.493141, -000.855223, -000.159390, 0000.591887,   073,  1,  -000.550438, -000.800531, 0000.236999, 0000.097229, -000.414355, 0000.508391, 0000.754883, 0000.060100, -000.724795, 0000.317315, -000.611541, 0000.869107,   080,  1,  0000.753763, -000.529073, 0000.389773, -000.171763, -000.599813, -000.796212, 0000.079181, 0000.020626, 0000.268449, -000.293475, -000.917501, 0000.800833,   087,  1,  0000.637387, 0000.770495, -000.008622, 0000.087438, 0000.172900, -000.132108, 0000.976039, -000.013697, 0000.750895, -000.623606, -000.217423, 0000.707078, 
0000000029, 1570660165.101162387,   019,  1,  0000.981510, -000.120480, 0000.148735, -000.074177, -000.064376, -000.939568, -000.336255, 0000.189660, 0000.180258, 0000.320463, -000.929952, 0000.902492,   051,  1,  0000.788907, -000.517176, 0000.331895, -000.000001, -000.366282, 0000.037918, 0000.929731, -000.039587, -000.493420, -000.855039, -000.159518, 0000.591895,   073,  1,  -000.550215, -000.800680, 0000.237013, 0000.097203, -000.414490, 0000.508286, 0000.754880, 0000.060240, -000.724887, 0000.317107, -000.611540, 0000.869015,   080,  1,  0000.753661, -000.529198, 0000.389801, -000.171761, -000.599927, -000.796137, 0000.079085, 0000.020622, 0000.268483, -000.293456, -000.917497, 0000.800796,   087,  1,  0000.637419, 0000.770468, -000.008729, 0000.087430, 0000.172888, -000.131974, 0000.976060, -000.013674, 0000.750871, -000.623668, -000.217327, 0000.707067, 
0000000030, 1570660165.112398284,   019,  1,  0000.981396, -000.121193, 0000.148907, -000.074229, -000.064998, -000.939517, -000.336278, 0000.189826, 0000.180655, 0000.320343, -000.929916, 0000.903142,   051,  1,  0000.789054, -000.516951, 0000.331897, 0000.000002, -000.366237, 0000.037916, 0000.929749, -000.039512, -000.493219, -000.855175, -000.159409, 0000.591883,   073,  1,  -000.550488, -000.800481, 0000.237050, 0000.097206, -000.414524, 0000.508553, 0000.754681, 0000.060149, -000.724661, 0000.317180, -000.611771, 0000.869056,   080,  1,  0000.753593, -000.529289, 0000.389808, -000.171796, -000.600016, -000.796072, 0000.079054, 0000.020634, 0000.268473, -000.293466, -000.917497, 0000.800945,   087,  1,  0000.637502, 0000.770400, -000.008682, 0000.087422, 0000.172909, -000.132082, 0000.976041, -000.013617, 0000.750795, -000.623730, -000.217412, 0000.707052, 
0000000031, 1570660165.123634299,   019,  1,  0000.981526, -000.120066, 0000.148967, -000.074263, -000.063924, -000.939637, -000.336150, 0000.189918, 0000.180335, 0000.320417, -000.929953, 0000.903522,   051,  1,  0000.788935, -000.517084, 0000.331972, 0000.000003, -000.366347, 0000.037928, 0000.929705, -000.039399, -000.493327, -000.855094, -000.159509, 0000.591864,   073,  1,  -000.550441, -000.800555, 0000.236909, 0000.097188, -000.414577, 0000.508406, 0000.754751, 0000.060219, -000.724666, 0000.317229, -000.611739, 0000.869012,   080,  1,  0000.753615, -000.529182, 0000.389911, -000.171717, -000.599925, -000.796146, 0000.079007, 0000.020623, 0000.268617, -000.293459, -000.917457, 0000.800595,   087,  1,  0000.637293, 0000.770573, -000.008715, 0000.087417, 0000.172989, -000.132029, 0000.976034, -000.013642, 0000.750955, -000.623527, -000.217442, 0000.707064, 
0000000032, 1570660165.134870186,   019,  1,  0000.981549, -000.119684, 0000.149119, -000.074228, -000.063560, -000.939756, -000.335884, 0000.189812, 0000.180335, 0000.320209, -000.930024, 0000.903001,   051,  1,  0000.789137, -000.516757, 0000.332002, -000.000007, -000.366282, 0000.037977, 0000.929729, -000.039526, -000.493052, -000.855289, -000.159310, 0000.591880,   073,  1,  -000.550536, -000.800456, 0000.237023, 0000.097184, -000.414523, 0000.508566, 0000.754673, 0000.060149, -000.724625, 0000.317223, -000.611791, 0000.869045,   080,  1,  0000.753445, -000.529288, 0000.390096, -000.171767, -000.600077, -000.796038, 0000.078933, 0000.020628, 0000.268753, -000.293559, -000.917385, 0000.800834,   087,  1,  0000.637337, 0000.770536, -000.008738, 0000.087426, 0000.172990, -000.132018, 0000.976036, -000.013808, 0000.750917, -000.623575, -000.217435, 0000.707103, 
0000000033, 1570660165.146106168,   019,  1,  0000.981473, -000.120017, 0000.149352, -000.074204, -000.063769, -000.939682, -000.336052, 0000.189737, 0000.180676, 0000.320302, -000.929926, 0000.902466,   051,  1,  0000.788903, -000.517024, 0000.332141, 0000.000007, -000.366470, 0000.038038, 0000.929652, -000.039375, -000.493287, -000.855125, -000.159465, 0000.591852,   073,  1,  -000.550239, -000.800672, 0000.236982, 0000.097156, -000.414714, 0000.508375, 0000.754697, 0000.060331, -000.724741, 0000.316984, -000.611777, 0000.868936,   080,  1,  0000.753484, -000.529227, 0000.390103, -000.171780, -000.599964, -000.796141, 0000.078758, 0000.020618, 0000.268896, -000.293390, -000.917397, 0000.800880,   087,  1,  0000.637301, 0000.770565, -000.008769, 0000.087411, 0000.173008, -000.131980, 0000.976038, -000.013689, 0000.750943, -000.623547, -000.217425, 0000.707068, 
0000000034, 1570660165.157341982,   019,  2,  0000.981428, -000.120308, 0000.149413, -000.074250, -000.064002, -000.939619, -000.336184, 0000.189822, 0000.180837, 0000.320378, -000.929869, 0000.902829,   051,  1,  0000.789119, -000.516713, 0000.332112, -000.000005, -000.366362, 0000.038047, 0000.929694, -000.039683, -000.493021, -000.855313, -000.159280, 0000.591882,   073,  1,  -000.550148, -000.800695, 0000.237116, 0000.097157, -000.414718, 0000.508431, 0000.754657, 0000.060237, -000.724807, 0000.316837, -000.611775, 0000.868986,   080,  1,  0000.753480, -000.529119, 0000.390258, -000.171751, -000.599851, -000.796243, 0000.078584, 0000.020599, 0000.269160, -000.293308, -000.917346, 0000.800744,   087,  1,  0000.637316, 0000.770553, -000.008806, 0000.087405, 0000.173076, -000.131995, 0000.976024, -000.013662, 0000.750915, -000.623559, -000.217487, 0000.707056, 
0000000035, 1570660165.168578268,   019,  1,  0000.981383, -000.120598, 0000.149474, -000.074297, -000.064234, -000.939556, -000.336315, 0000.189907, 0000.180999, 0000.320453, -000.929811, 0000.903192,   051,  1,  0000.789005, -000.516729, 0000.332359, 0000.000012, -000.366569, 0000.038199, 0000.929606, -000.039432, -000.493050, -000.855297, -000.159277, 0000.591850,   073,  1,  -000.550074, -000.800728, 0000.237176, 0000.097163, -000.414739, 0000.508437, 0000.754641, 0000.060107, -000.724852, 0000.316743, -000.611771, 0000.869050,   080,  1,  0000.753559, -000.529019, 0000.390240, -000.171806, -000.599738, -000.796329, 0000.078580, 0000.020592, 0000.269189, -000.293257, -000.917354, 0000.801003,   087,  1,  0000.637205, 0000.770644, -000.008800, 0000.087406, 0000.173119, -000.131998, 0000.976016, -000.013669, 0000.750999, -000.623446, -000.217523, 0000.707056, 
0000000036, 1570660165.179814049,   019,  1,  0000.981386, -000.120634, 0000.149429, -000.074222, -000.064247, -000.939487, -000.336505, 0000.189727, 0000.180981, 0000.320641, -000.929750, 0000.902301,   051,  1,  0000.788952, -000.516827, 0000.332331, 0000.000002, -000.366503, 0000.038295, 0000.929629, -000.039624, -000.493184, -000.855233, -000.159206, 0000.591863,   073,  1,  -000.550059, -000.800743, 0000.237160, 0000.097151, -000.414823, 0000.508447, 0000.754588, 0000.060129, -000.724815, 0000.316689, -000.611843, 0000.869029,   080,  1,  0000.753446, -000.529047, 0000.390419, -000.171714, -000.599758, -000.796338, 0000.078339, 0000.020569, 0000.269461, -000.293181, -000.917298, 0000.800607,   087,  1,  0000.637145, 0000.770694, -000.008762, 0000.087408, 0000.173020, -000.131941, 0000.976041, -000.013698, 0000.751073, -000.623396, -000.217411, 0000.707061, 
0000000037, 1570660165.191050126,   019,  1,  0000.981383, -000.120653, 0000.149431, -000.074229, -000.064250, -000.939462, -000.336575, 0000.189719, 0000.180994, 0000.320708, -000.929724, 0000.902173,   051,  1,  0000.788999, -000.516726, 0000.332378, 0000.000020, -000.366573, 0000.038230, 0000.929604, -000.039458, -000.493057, -000.855297, -000.159254, 0000.591841,   073,  1,  -000.549858, -000.800857, 0000.237241, 0000.097147, -000.414892, 0000.508394, 0000.754586, 0000.060124, -000.724928, 0000.316486, -000.611814, 0000.869017,   080,  1,  0000.753374, -000.528950, 0000.390692, -000.171729, -000.599768, -000.796323, 0000.078411, 0000.020555, 0000.269641, -000.293397, -000.917176, 0000.800673,   087,  1,  0000.637205, 0000.770645, -000.008754, 0000.087396, 0000.173043, -000.131993, 0000.976030, -000.013513, 0000.751017, -000.623445, -000.217461, 0000.707008, 
0000000038, 1570660165.202285951,   019,  1,  0000.981403, -000.120560, 0000.149377, -000.074325, -000.064215, -000.939531, -000.336390, 0000.189960, 0000.180900, 0000.320542, -000.929800, 0000.903191,   051,  1,  0000.788935, -000.516837, 0000.332357, 0000.000013, -000.366600, 0000.038181, 0000.929595, -000.039692, -000.493139, -000.855232, -000.159350, 0000.591860,   073,  1,  -000.549926, -000.800791, 0000.237307, 0000.097133, -000.414943, 0000.508532, 0000.754465, 0000.060222, -000.724847, 0000.316432, -000.611938, 0000.868945,   080,  1,  0000.753345, -000.528992, 0000.390689, -000.171744, -000.599754, -000.796352, 0000.078215, 0000.020541, 0000.269751, -000.293240, -000.917194, 0000.800716,   087,  1,  0000.637104, 0000.770728, -000.008785, 0000.087411, 0000.173100, -000.131964, 0000.976024, -000.013701, 0000.751089, -000.623349, -000.217487, 0000.707056, 
0000000039, 1570660165.213522151,   019,  1,  0000.981391, -000.120719, 0000.149327, -000.074358, -000.064350, -000.939458, -000.336567, 0000.189957, 0000.180917, 0000.320694, -000.929744, 0000.903258,   051,  1,  0000.789187, -000.516461, 0000.332344, 0000.000022, -000.366492, 0000.038199, 0000.929637, -000.039512, -000.492817, -000.855458, -000.159132, 0000.591835,   073,  1,  -000.549827, -000.800882, 0000.237229, 0000.097123, -000.415089, 0000.508444, 0000.754444, 0000.060293, -000.724839, 0000.316342, -000.611994, 0000.868901,   080,  1,  0000.753277, -000.529036, 0000.390761, -000.171757, -000.599817, -000.796308, 0000.078188, 0000.020524, 0000.269802, -000.293283, -000.917165, 0000.800801,   087,  1,  0000.637173, 0000.770671, -000.008771, 0000.087415, 0000.173079, -000.131990, 0000.976024, -000.013711, 0000.751036, -000.623414, -000.217487, 0000.707063, 
0000000040, 1570660165.224757836,   019,  1,  0000.981414, -000.120173, 0000.149619, -000.074372, -000.063756, -000.939546, -000.336436, 0000.190029, 0000.181004, 0000.320644, -000.929745, 0000.903536,   051,  1,  0000.789302, -000.516230, 0000.332429, 0000.000017, -000.366520, 0000.038237, 0000.929624, -000.039589, -000.492611, -000.855596, -000.159028, 0000.591837,   073,  1,  -000.549756, -000.800902, 0000.237327, 0000.097117, -000.415142, 0000.508502, 0000.754376, 0000.060228, -000.724863, 0000.316199, -000.612040, 0000.868922,   080,  1,  0000.753134, -000.529123, 0000.390920, -000.171692, -000.599952, -000.796210, 0000.078152, 0000.020499, 0000.269902, -000.293392, -000.917101, 0000.800503,   087,  1,  0000.637129, 0000.770706, -000.008864, 0000.087406, 0000.173122, -000.131891, 0000.976029, -000.013624, 0000.751063, -000.623391, -000.217458, 0000.707036, 
0000000041, 1570660165.235994035,   019,  1,  0000.981347, -000.120789, 0000.149560, -000.074345, -000.064324, -000.939432, -000.336646, 0000.189917, 0000.181165, 0000.320746, -000.929678, 0000.902958,   051,  1,  0000.789059, -000.516708, 0000.332264, 0000.000020, -000.366525, 0000.038072, 0000.929629, -000.039501, -000.492997, -000.855315, -000.159346, 0000.591830,   073,  1,  -000.550014, -000.800764, 0000.237196, 0000.097079, -000.415121, 0000.508575, 0000.754338, 0000.060518, -000.724678, 0000.316432, -000.612138, 0000.868746,   080,  1,  0000.753277, -000.528811, 0000.391066, -000.171701, -000.599649, -000.796446, 0000.078073, 0000.020490, 0000.270177, -000.293313, -000.917045, 0000.800586,   087,  1,  0000.637342, 0000.770531, -000.008836, 0000.087398, 0000.173142, -000.132022, 0000.976008, -000.013610, 0000.750878, -000.623581, -000.217554, 0000.707029, 
0000000042, 1570660165.247229677,   019,  2,  0000.981347, -000.120665, 0000.149661, -000.074346, -000.064172, -000.939441, -000.336648, 0000.189913, 0000.181219, 0000.320765, -000.929661, 0000.902868,   051,  1,  0000.788951, -000.516903, 0000.332217, 0000.000011, -000.366503, 0000.038089, 0000.929637, -000.039625, -000.493186, -000.855196, -000.159396, 0000.591846,   073,  1,  -000.549871, -000.800870, 0000.237170, 0000.097088, -000.415270, 0000.508502, 0000.754306, 0000.060341, -000.724702, 0000.316281, -000.612187, 0000.868848,   080,  1,  0000.753147, -000.528830, 0000.391290, -000.171690, -000.599741, -000.796377, 0000.078063, 0000.020477, 0000.270332, -000.293465, -000.916951, 0000.800506,   087,  1,  0000.637066, 0000.770758, -000.008868, 0000.087396, 0000.173234, -000.131956, 0000.976001, -000.013596, 0000.751090, -000.623314, -000.217586, 0000.707030, 
0000000043, 1570660165.258465668,   019,  1,  0000.981347, -000.120541, 0000.149761, -000.074348, -000.064019, -000.939451, -000.336651, 0000.189908, 0000.181273, 0000.320784, -000.929644, 0000.902777,   051,  1,  0000.788816, -000.517096, 0000.332236, 0000.000029, -000.366507, 0000.038195, 0000.929631, -000.039279, -000.493398, -000.855075, -000.159391, 0000.591809,   073,  1,  -000.550120, -000.800700, 0000.237165, 0000.097067, -000.415224, 0000.508674, 0000.754215, 0000.060416, -000.724540, 0000.316432, -000.612302, 0000.868804,   080,  1,  0000.753131, -000.528662, 0000.391549, -000.171721, -000.599629, -000.796469, 0000.077989, 0000.020465, 0000.270627, -000.293520, -000.916846, 0000.800683,   087,  1,  0000.637118, 0000.770716, -000.008804, 0000.087402, 0000.173179, -000.132011, 0000.976003, -000.013687, 0000.751059, -000.623354, -000.217579, 0000.707059, 
