% Measurements merged on 10/09/19 17:23:59 Central Daylight Time
% Original files:
%    1: C:\Users\Al\Desktop\Nayo\KACEY\STROKE\RTIS2001\RTIS2001_REAL_trunkfree\2001tf_final_00000004_Series2s24.hts  (Series2s24)
%    2: C:\Users\Al\Desktop\Nayo\KACEY\STROKE\RTIS2001\RTIS2001_REAL_trunkfree\2001tf_final_00000004_Series2s25.hts  (Series2s25)
% Merge host: Al-PC
% System: MERGED
% nSharedImages: 1000
%
% Interpolated markers have status set to 2
%
% EMB001 (Marker properties) Series:2031, ID:019, Size:35, Thickness:001.846, tPu:[+000.000 +000.000 +000.000]
% EMB001 (Marker properties) Series:2031, ID:051, Size:35, Thickness:001.844, tPu:[+000.000 +000.000 +000.000]
% EMB001 (Marker properties) Series:2032, ID:073, Size:44, Thickness:002.200, tPu:[+000.000 +000.000 +000.000]
% EMB001 (Marker properties) Series:2032, ID:080, Size:44, Thickness:002.203, tPu:[+000.000 +000.000 +000.000]
% EMB001 (Marker properties) Series:2032, ID:087, Size:44, Thickness:002.251, tPu:[+000.000 +000.000 +000.000]
%
% ImageNumber,             FrameTime,           Marker,  ST, HT(1, 1),    HT(1, 2),    HT(1, 3),    HT(1, 4),    HT(2, 1),    HT(2, 2),    HT(2, 3),    HT(2, 4),    HT(3, 1),    HT(3, 2),    HT(3, 3),    HT(3, 4)
%
0000000000, 1570660233.235993786,   019,  1,  0000.992157, -000.113791, 0000.051727, -000.060264, -000.087097, -000.926183, -000.366879, 0000.184407, 0000.089656, 0000.359496, -000.928830, 0000.901921,   051,  1,  0000.779798, -000.489171, 0000.390675, 0000.002595, -000.414581, 0000.064081, 0000.907753, -000.048871, -000.469081, -000.869831, -000.152830, 0000.529173,   073,  1,  -000.684843, -000.716623, 0000.132064, 0000.092706, -000.386358, 0000.510760, 0000.768018, 0000.056838, -000.617833, 0000.474948, -000.626663, 0000.839059,   080,  1,  0000.738621, -000.562359, 0000.371742, -000.165057, -000.624235, -000.778754, 0000.062229, 0000.019306, 0000.254500, -000.278018, -000.926248, 0000.806505,   087,  1,  0000.609507, 0000.792723, -000.009546, 0000.084936, 0000.189223, -000.133776, 0000.972779, -000.023655, 0000.769867, -000.594722, -000.231539, 0000.649138, 
0000000001, 1570660233.247229587,   019,  1,  0000.992160, -000.113847, 0000.051547, -000.060229, -000.087200, -000.926114, -000.367026, 0000.184275, 0000.089523, 0000.359654, -000.928781, 0000.901309,   051,  1,  0000.779927, -000.488953, 0000.390689, 0000.002575, -000.414590, 0000.064013, 0000.907754, -000.049256, -000.468858, -000.869958, -000.152790, 0000.529190,   073,  1,  -000.684938, -000.716543, 0000.132007, 0000.092701, -000.386368, 0000.510809, 0000.767980, 0000.056766, -000.617721, 0000.475015, -000.626722, 0000.839107,   080,  1,  0000.738575, -000.562397, 0000.371774, -000.165116, -000.624240, -000.778763, 0000.062065, 0000.019316, 0000.254619, -000.277916, -000.926246, 0000.806822,   087,  1,  0000.609445, 0000.792772, -000.009483, 0000.084938, 0000.189212, -000.133821, 0000.972775, -000.023736, 0000.769919, -000.594647, -000.231558, 0000.649162, 
0000000002, 1570660233.258465648,   019,  1,  0000.992244, -000.113009, 0000.051769, -000.060192, -000.086317, -000.926115, -000.367234, 0000.184108, 0000.089445, 0000.359917, -000.928687, 0000.900491,   051,  1,  0000.779961, -000.488921, 0000.390661, 0000.002595, -000.414507, 0000.064095, 0000.907786, -000.048822, -000.468875, -000.869970, -000.152670, 0000.529187,   073,  1,  -000.684994, -000.716518, 0000.131854, 0000.092691, -000.386483, 0000.510794, 0000.767933, 0000.056809, -000.617588, 0000.475070, -000.626812, 0000.839095,   080,  1,  0000.738597, -000.562310, 0000.371863, -000.165063, -000.624192, -000.778798, 0000.062121, 0000.019319, 0000.254675, -000.277996, -000.926207, 0000.806604,   087,  1,  0000.609465, 0000.792756, -000.009519, 0000.084934, 0000.189250, -000.133814, 0000.972768, -000.023683, 0000.769894, -000.594670, -000.231584, 0000.649160, 
0000000003, 1570660233.269701541,   019,  1,  0000.992150, -000.113759, 0000.051939, -000.060236, -000.086992, -000.926200, -000.366860, 0000.184253, 0000.089839, 0000.359462, -000.928825, 0000.901067,   051,  1,  0000.780003, -000.488802, 0000.390728, 0000.002600, -000.414538, 0000.064135, 0000.907769, -000.048978, -000.468779, -000.870034, -000.152601, 0000.529199,   073,  1,  -000.684917, -000.716594, 0000.131840, 0000.092689, -000.386567, 0000.510761, 0000.767913, 0000.056748, -000.617620, 0000.474992, -000.626840, 0000.839138,   080,  1,  0000.738559, -000.562335, 0000.371900, -000.165066, -000.624185, -000.778816, 0000.061955, 0000.019314, 0000.254802, -000.277892, -000.926203, 0000.806604,   087,  1,  0000.609462, 0000.792758, -000.009476, 0000.084945, 0000.189197, -000.133825, 0000.972777, -000.023791, 0000.769909, -000.594664, -000.231549, 0000.649192, 
0000000004, 1570660233.280937668,   019,  1,  0000.992128, -000.114124, 0000.051546, -000.060239, -000.087459, -000.926091, -000.367024, 0000.184219, 0000.089622, 0000.359627, -000.928782, 0000.900910,   051,  1,  0000.779934, -000.488925, 0000.390712, 0000.002608, -000.414489, 0000.064238, 0000.907784, -000.049078, -000.468937, -000.869957, -000.152553, 0000.529210,   073,  1,  -000.684798, -000.716695, 0000.131907, 0000.092695, -000.386570, 0000.510706, 0000.767947, 0000.056686, -000.617750, 0000.474897, -000.626783, 0000.839178,   080,  1,  0000.738457, -000.562428, 0000.371961, -000.165003, -000.624300, -000.778724, 0000.061948, 0000.019310, 0000.254814, -000.277962, -000.926179, 0000.806336,   087,  1,  0000.609411, 0000.792797, -000.009498, 0000.084945, 0000.189279, -000.133842, 0000.972759, -000.023693, 0000.769930, -000.594608, -000.231624, 0000.649180, 
0000000005, 1570660233.292173823,   019,  1,  0000.992270, -000.112811, 0000.051706, -000.060331, -000.086160, -000.926149, -000.367184, 0000.184489, 0000.089310, 0000.359891, -000.928710, 0000.902189,   051,  1,  0000.779891, -000.489023, 0000.390674, 0000.002604, -000.414422, 0000.064319, 0000.907809, -000.049313, -000.469067, -000.869896, -000.152500, 0000.529216,   073,  1,  -000.684912, -000.716575, 0000.131967, 0000.092667, -000.386461, 0000.510810, 0000.767933, 0000.056942, -000.617692, 0000.474966, -000.626788, 0000.839052,   080,  1,  0000.738561, -000.562238, 0000.372044, -000.165040, -000.624132, -000.778857, 0000.061973, 0000.019320, 0000.254925, -000.277976, -000.926144, 0000.806574,   087,  1,  0000.609335, 0000.792855, -000.009541, 0000.084951, 0000.189274, -000.133757, 0000.972771, -000.023790, 0000.769991, -000.594550, -000.231570, 0000.649204, 
0000000006, 1570660233.303409468,   019,  2,  0000.992284, -000.112628, 0000.051839, -000.060321, -000.085943, -000.926176, -000.367168, 0000.184437, 0000.089366, 0000.359880, -000.928709, 0000.901925,   051,  1,  0000.779935, -000.488852, 0000.390802, 0000.002621, -000.414682, 0000.064047, 0000.907710, -000.049115, -000.468765, -000.870013, -000.152765, 0000.529218,   073,  1,  -000.684974, -000.716514, 0000.131981, 0000.092688, -000.386493, 0000.510916, 0000.767846, 0000.056703, -000.617604, 0000.474945, -000.626891, 0000.839180,   080,  1,  0000.738451, -000.562394, 0000.372027, -000.165019, -000.624268, -000.778755, 0000.061889, 0000.019320, 0000.254912, -000.277946, -000.926156, 0000.806474,   087,  1,  0000.609216, 0000.792947, -000.009562, 0000.084951, 0000.189295, -000.133704, 0000.972775, -000.023722, 0000.770080, -000.594440, -000.231556, 0000.649197, 
0000000007, 1570660233.314645632,   019,  1,  0000.992298, -000.112446, 0000.051973, -000.060310, -000.085726, -000.926202, -000.367152, 0000.184385, 0000.089422, 0000.359869, -000.928708, 0000.901660,   051,  1,  0000.779940, -000.488992, 0000.390615, 0000.002622, -000.414524, 0000.063991, 0000.907786, -000.049002, -000.468896, -000.869938, -000.152790, 0000.529222,   073,  1,  -000.684870, -000.716589, 0000.132111, 0000.092679, -000.386456, 0000.510914, 0000.767866, 0000.056860, -000.617742, 0000.474834, -000.626840, 0000.839107,   080,  1,  0000.738463, -000.562309, 0000.372129, -000.165063, -000.624216, -000.778795, 0000.061905, 0000.019326, 0000.255003, -000.278003, -000.926114, 0000.806690,   087,  1,  0000.609449, 0000.792768, -000.009506, 0000.084946, 0000.189202, -000.133787, 0000.972781, -000.023682, 0000.769918, -000.594659, -000.231530, 0000.649199, 
0000000008, 1570660233.325881501,   019,  1,  0000.992250, -000.112841, 0000.052022, -000.060235, -000.086085, -000.926203, -000.367066, 0000.184204, 0000.089603, 0000.359743, -000.928739, 0000.900824,   051,  1,  0000.779925, -000.488933, 0000.390719, 0000.002614, -000.414567, 0000.064113, 0000.907758, -000.049048, -000.468883, -000.869962, -000.152692, 0000.529225,   073,  1,  -000.684975, -000.716486, 0000.132127, 0000.092689, -000.386283, 0000.510912, 0000.767955, 0000.056726, -000.617734, 0000.474991, -000.626728, 0000.839177,   080,  1,  0000.738587, -000.562168, 0000.372097, -000.165036, -000.624063, -000.778916, 0000.061926, 0000.019331, 0000.255019, -000.277950, -000.926126, 0000.806570,   087,  1,  0000.609505, 0000.792725, -000.009524, 0000.084952, 0000.189274, -000.133840, 0000.972760, -000.023786, 0000.769857, -000.594704, -000.231619, 0000.649224, 
0000000009, 1570660233.337117494,   019,  1,  0000.992208, -000.113207, 0000.052041, -000.060294, -000.086415, -000.926154, -000.367113, 0000.184384, 0000.089757, 0000.359755, -000.928720, 0000.901625,   051,  1,  0000.779975, -000.488708, 0000.390901, 0000.002614, -000.414729, 0000.064120, 0000.907683, -000.048996, -000.468656, -000.870088, -000.152669, 0000.529229,   073,  1,  -000.684978, -000.716470, 0000.132191, 0000.092667, -000.386194, 0000.510917, 0000.767996, 0000.056947, -000.617785, 0000.475009, -000.626664, 0000.839067,   080,  1,  0000.738619, -000.562163, 0000.372042, -000.165049, -000.624022, -000.778955, 0000.061860, 0000.019337, 0000.255029, -000.277853, -000.926152, 0000.806632,   087,  1,  0000.609496, 0000.792732, -000.009525, 0000.084950, 0000.189285, -000.133845, 0000.972757, -000.023766, 0000.769861, -000.594695, -000.231630, 0000.649223, 
0000000010, 1570660233.348353309,   019,  1,  0000.992270, -000.112710, 0000.051933, -000.060270, -000.086008, -000.926262, -000.366936, 0000.184330, 0000.089461, 0000.359633, -000.928795, 0000.901263,   051,  1,  0000.780096, -000.488527, 0000.390886, 0000.002614, -000.414720, 0000.064035, 0000.907693, -000.048968, -000.468463, -000.870196, -000.152649, 0000.529231,   073,  1,  -000.684793, -000.716655, 0000.132150, 0000.092671, -000.386318, 0000.510767, 0000.768034, 0000.056903, -000.617913, 0000.474893, -000.626626, 0000.839091,   080,  1,  0000.738673, -000.562054, 0000.372098, -000.164985, -000.623916, -000.779042, 0000.061829, 0000.019342, 0000.255129, -000.277829, -000.926132, 0000.806321,   087,  1,  0000.609367, 0000.792831, -000.009482, 0000.084937, 0000.189320, -000.133877, 0000.972746, -000.023614, 0000.769954, -000.594555, -000.231679, 0000.649193, 
0000000011, 1570660233.359589723,   019,  1,  0000.992271, -000.112616, 0000.052106, -000.060279, -000.085835, -000.926186, -000.367166, 0000.184304, 0000.089609, 0000.359856, -000.928695, 0000.901078,   051,  1,  0000.779885, -000.488864, 0000.390885, 0000.002629, -000.414782, 0000.064046, 0000.907664, -000.048785, -000.468759, -000.870006, -000.152824, 0000.529226,   073,  1,  -000.684791, -000.716664, 0000.132117, 0000.092656, -000.386241, 0000.510669, 0000.768137, 0000.056996, -000.617964, 0000.474984, -000.626507, 0000.839039,   080,  1,  0000.738621, -000.562186, 0000.372002, -000.165021, -000.624071, -000.778905, 0000.061995, 0000.019359, 0000.254902, -000.277946, -000.926159, 0000.806500,   087,  1,  0000.609344, 0000.792851, -000.009363, 0000.084952, 0000.189246, -000.133957, 0000.972750, -000.023796, 0000.769991, -000.594511, -000.231669, 0000.649233, 
0000000012, 1570660233.370825253,   019,  1,  0000.992245, -000.112942, 0000.051906, -000.060281, -000.086229, -000.926223, -000.366982, 0000.184291, 0000.089524, 0000.359660, -000.928779, 0000.900961,   051,  1,  0000.780009, -000.488668, 0000.390882, 0000.002621, -000.414799, 0000.063935, 0000.907664, -000.049009, -000.468537, -000.870124, -000.152829, 0000.529228,   073,  1,  -000.684830, -000.716593, 0000.132298, 0000.092667, -000.386133, 0000.510823, 0000.768089, 0000.056776, -000.617988, 0000.474926, -000.626527, 0000.839157,   080,  1,  0000.738673, -000.562231, 0000.371832, -000.165007, -000.624030, -000.778947, 0000.061872, 0000.019367, 0000.254851, -000.277737, -000.926236, 0000.806381,   087,  1,  0000.609289, 0000.792893, -000.009348, 0000.084944, 0000.189149, -000.133880, 0000.972779, -000.023811, 0000.770058, -000.594472, -000.231546, 0000.649239, 
0000000013, 1570660233.382061284,   019,  2,  0000.992215, -000.113208, 0000.051888, -000.060307, -000.086482, -000.926187, -000.367013, 0000.184352, 0000.089607, 0000.359669, -000.928768, 0000.901191,   051,  1,  0000.779925, -000.488857, 0000.390815, 0000.002613, -000.414762, 0000.063931, 0000.907681, -000.049259, -000.468711, -000.870018, -000.152898, 0000.529235,   073,  1,  -000.684907, -000.716513, 0000.132331, 0000.092638, -000.386192, 0000.510987, 0000.767951, 0000.057010, -000.617866, 0000.474870, -000.626690, 0000.839030,   080,  1,  0000.738720, -000.562165, 0000.371838, -000.165048, -000.623995, -000.778965, 0000.061992, 0000.019387, 0000.254799, -000.277820, -000.926226, 0000.806589,   087,  1,  0000.609298, 0000.792885, -000.009451, 0000.084937, 0000.189275, -000.133855, 0000.972758, -000.023781, 0000.770020, -000.594488, -000.231631, 0000.649232, 
0000000014, 1570660233.393297164,   019,  1,  0000.992186, -000.113475, 0000.051870, -000.060332, -000.086734, -000.926151, -000.367044, 0000.184413, 0000.089690, 0000.359677, -000.928756, 0000.901420,   051,  1,  0000.779941, -000.488838, 0000.390806, 0000.002610, -000.414736, 0000.063952, 0000.907692, -000.049173, -000.468707, -000.870027, -000.152860, 0000.529230,   073,  1,  -000.685137, -000.716345, 0000.132050, 0000.092627, -000.386238, 0000.510972, 0000.767937, 0000.056945, -000.617582, 0000.475139, -000.626765, 0000.839064,   080,  1,  0000.738698, -000.562135, 0000.371926, -000.165028, -000.624010, -000.778948, 0000.062058, 0000.019407, 0000.254826, -000.277927, -000.926186, 0000.806477,   087,  1,  0000.609305, 0000.792881, -000.009321, 0000.084936, 0000.189204, -000.133962, 0000.972757, -000.023741, 0000.770032, -000.594469, -000.231640, 0000.649231, 
0000000015, 1570660233.404533225,   019,  2,  0000.992215, -000.113264, 0000.051777, -000.060343, -000.086563, -000.926136, -000.367123, 0000.184440, 0000.089535, 0000.359783, -000.928730, 0000.901516,   051,  1,  0000.780041, -000.488616, 0000.390885, 0000.002644, -000.414803, 0000.063912, 0000.907664, -000.048532, -000.468481, -000.870155, -000.152826, 0000.529223,   073,  1,  -000.685451, -000.716133, 0000.131568, 0000.092615, -000.386337, 0000.510873, 0000.767953, 0000.056867, -000.617171, 0000.475565, -000.626847, 0000.839092,   080,  1,  0000.738795, -000.562071, 0000.371830, -000.165064, -000.623932, -000.779005, 0000.062130, 0000.019423, 0000.254736, -000.277898, -000.926219, 0000.806609,   087,  1,  0000.609269, 0000.792907, -000.009485, 0000.084945, 0000.189344, -000.133856, 0000.972744, -000.023792, 0000.770026, -000.594459, -000.231687, 0000.649237, 
0000000016, 1570660233.415769115,   019,  1,  0000.992244, -000.113054, 0000.051685, -000.060354, -000.086393, -000.926120, -000.367202, 0000.184467, 0000.089380, 0000.359889, -000.928704, 0000.901611,   051,  1,  0000.779941, -000.488790, 0000.390866, 0000.002601, -000.414829, 0000.063890, 0000.907654, -000.049423, -000.468624, -000.870059, -000.152934, 0000.529250,   073,  1,  -000.685615, -000.716031, 0000.131269, 0000.092585, -000.386497, 0000.510855, 0000.767885, 0000.056973, -000.616889, 0000.475738, -000.626994, 0000.839022,   080,  1,  0000.738866, -000.561946, 0000.371880, -000.165061, -000.623840, -000.779071, 0000.062220, 0000.019426, 0000.254756, -000.277966, -000.926193, 0000.806567,   087,  1,  0000.609490, 0000.792737, -000.009463, 0000.084946, 0000.189352, -000.133970, 0000.972727, -000.023682, 0000.769849, -000.594660, -000.231759, 0000.649225, 
0000000017, 1570660233.427005143,   019,  1,  0000.992233, -000.113191, 0000.051581, -000.060332, -000.086559, -000.926109, -000.367191, 0000.184358, 0000.089332, 0000.359874, -000.928714, 0000.901096,   051,  1,  0000.780035, -000.488694, 0000.390798, 0000.002615, -000.414803, 0000.063755, 0000.907675, -000.049099, -000.468491, -000.870123, -000.152981, 0000.529259,   073,  1,  -000.685682, -000.716000, 0000.131087, 0000.092582, -000.386633, 0000.510838, 0000.767828, 0000.056902, -000.616729, 0000.475803, -000.627102, 0000.839056,   080,  1,  0000.738771, -000.562097, 0000.371838, -000.165036, -000.623994, -000.778946, 0000.062245, 0000.019438, 0000.254654, -000.278010, -000.926208, 0000.806416,   087,  1,  0000.609596, 0000.792656, -000.009462, 0000.084958, 0000.189320, -000.133986, 0000.972731, -000.023753, 0000.769773, -000.594764, -000.231743, 0000.649252, 
0000000018, 1570660233.438240925,   019,  1,  0000.992238, -000.113239, 0000.051382, -000.060391, -000.086657, -000.926021, -000.367390, 0000.184515, 0000.089184, 0000.360085, -000.928647, 0000.901779,   051,  1,  0000.780026, -000.488640, 0000.390883, 0000.002627, -000.414900, 0000.063739, 0000.907632, -000.048856, -000.468420, -000.870154, -000.153018, 0000.529268,   073,  1,  -000.685828, -000.715879, 0000.130986, 0000.092571, -000.386669, 0000.510916, 0000.767758, 0000.057037, -000.616544, 0000.475902, -000.627209, 0000.838981,   080,  1,  0000.738737, -000.562048, 0000.371980, -000.165043, -000.623979, -000.778961, 0000.062215, 0000.019447, 0000.254790, -000.278068, -000.926153, 0000.806454,   087,  1,  0000.609547, 0000.792694, -000.009403, 0000.084961, 0000.189309, -000.134031, 0000.972727, -000.023667, 0000.769815, -000.594703, -000.231762, 0000.649250, 
0000000019, 1570660233.449477053,   019,  1,  0000.992311, -000.112581, 0000.051432, -000.060296, -000.086040, -000.926140, -000.367235, 0000.184225, 0000.088977, 0000.359986, -000.928705, 0000.900332,   051,  1,  0000.779868, -000.488820, 0000.390974, 0000.002613, -000.414910, 0000.063985, 0000.907610, -000.049214, -000.468675, -000.870035, -000.152916, 0000.529296,   073,  1,  -000.685489, -000.716232, 0000.130832, 0000.092585, -000.387104, 0000.510717, 0000.767671, 0000.056978, -000.616648, 0000.475584, -000.627347, 0000.839020,   080,  1,  0000.738739, -000.562050, 0000.371974, -000.165057, -000.623986, -000.778953, 0000.062241, 0000.019464, 0000.254768, -000.278087, -000.926154, 0000.806498,   087,  1,  0000.609621, 0000.792638, -000.009350, 0000.084972, 0000.189371, -000.134172, 0000.972695, -000.023677, 0000.769741, -000.594746, -000.231897, 0000.649263, 
0000000020, 1570660233.460713044,   019,  1,  0000.992395, -000.111917, 0000.051251, -000.060379, -000.085475, -000.926147, -000.367349, 0000.184448, 0000.088578, 0000.360175, -000.928670, 0000.901382,   051,  1,  0000.779604, -000.489239, 0000.390977, 0000.002638, -000.415023, 0000.063940, 0000.907561, -000.048967, -000.469014, -000.869803, -000.153197, 0000.529316,   073,  1,  -000.685384, -000.716351, 0000.130731, 0000.092614, -000.387171, 0000.510544, 0000.767752, 0000.056793, -000.616724, 0000.475590, -000.627269, 0000.839138,   080,  1,  0000.738785, -000.561933, 0000.372059, -000.165102, -000.623913, -000.779004, 0000.062328, 0000.019486, 0000.254811, -000.278180, -000.926114, 0000.806687,   087,  1,  0000.609447, 0000.792772, -000.009292, 0000.084980, 0000.189199, -000.134046, 0000.972746, -000.023727, 0000.769921, -000.594596, -000.231685, 0000.649299, 
0000000021, 1570660233.471949311,   019,  2,  0000.992376, -000.112096, 0000.051228, -000.060361, -000.085641, -000.926096, -000.367441, 0000.184394, 0000.088631, 0000.360252, -000.928635, 0000.901107,   051,  1,  0000.779787, -000.488875, 0000.391067, 0000.002629, -000.415057, 0000.063934, 0000.907546, -000.049210, -000.468679, -000.870008, -000.153057, 0000.529345,   073,  1,  -000.685319, -000.716403, 0000.130781, 0000.092617, -000.387048, 0000.510434, 0000.767887, 0000.056911, -000.616872, 0000.475630, -000.627093, 0000.839099,   080,  1,  0000.738896, -000.561920, 0000.371858, -000.165045, -000.623815, -000.779089, 0000.062252, 0000.019481, 0000.254730, -000.277968, -000.926200, 0000.806432,   087,  1,  0000.609446, 0000.792773, -000.009260, 0000.084980, 0000.189159, -000.134055, 0000.972753, -000.023690, 0000.769931, -000.594592, -000.231659, 0000.649321, 
0000000022, 1570660233.483184608,   019,  1,  0000.992357, -000.112274, 0000.051206, -000.060343, -000.085807, -000.926044, -000.367532, 0000.184340, 0000.088683, 0000.360329, -000.928600, 0000.900833,   051,  1,  0000.779744, -000.488872, 0000.391157, 0000.002634, -000.415126, 0000.063998, 0000.907510, -000.049003, -000.468690, -000.870005, -000.153041, 0000.529372,   073,  1,  -000.685121, -000.716490, 0000.131343, 0000.092621, -000.386700, 0000.510552, 0000.767984, 0000.056993, -000.617310, 0000.475372, -000.626857, 0000.839085,   080,  1,  0000.738773, -000.562062, 0000.371888, -000.165088, -000.624032, -000.778898, 0000.062462, 0000.019505, 0000.254555, -000.278215, -000.926174, 0000.806610,   087,  1,  0000.609577, 0000.792672, -000.009342, 0000.084964, 0000.189196, -000.134030, 0000.972749, -000.023527, 0000.769819, -000.594733, -000.231672, 0000.649322, 
0000000023, 1570660233.494420888,   019,  1,  0000.992361, -000.112244, 0000.051198, -000.060382, -000.085779, -000.926036, -000.367559, 0000.184467, 0000.088667, 0000.360360, -000.928590, 0000.901393,   051,  1,  0000.779618, -000.489143, 0000.391070, 0000.002630, -000.415143, 0000.063881, 0000.907511, -000.048848, -000.468884, -000.869861, -000.153261, 0000.529394,   073,  1,  -000.684989, -000.716491, 0000.132026, 0000.092643, -000.386189, 0000.510747, 0000.768112, 0000.056912, -000.617777, 0000.475161, -000.626557, 0000.839163,   080,  1,  0000.738770, -000.562165, 0000.371739, -000.165060, -000.624061, -000.778884, 0000.062345, 0000.019509, 0000.254493, -000.278046, -000.926242, 0000.806492,   087,  1,  0000.609598, 0000.792656, -000.009295, 0000.084959, 0000.189111, -000.134030, 0000.972766, -000.023633, 0000.769823, -000.594754, -000.231605, 0000.649374, 
0000000024, 1570660233.505656635,   019,  1,  0000.992329, -000.112553, 0000.051141, -000.060318, -000.086115, -000.926114, -000.367284, 0000.184279, 0000.088701, 0000.360063, -000.928702, 0000.900404,   051,  1,  0000.780100, -000.488408, 0000.391027, 0000.002597, -000.414953, 0000.063863, 0000.907599, -000.049177, -000.468251, -000.870275, -000.152847, 0000.529438,   073,  1,  -000.684792, -000.716596, 0000.132476, 0000.092641, -000.385885, 0000.510782, 0000.768241, 0000.056971, -000.618185, 0000.474965, -000.626303, 0000.839187,   080,  1,  0000.738862, -000.562065, 0000.371707, -000.165070, -000.624024, -000.778891, 0000.062629, 0000.019523, 0000.254317, -000.278228, -000.926235, 0000.806535,   087,  1,  0000.609701, 0000.792579, -000.009167, 0000.084953, 0000.189016, -000.134152, 0000.972767, -000.023689, 0000.769765, -000.594830, -000.231602, 0000.649424, 
0000000025, 1570660233.516892793,   019,  1,  0000.992319, -000.112507, 0000.051424, -000.060371, -000.085937, -000.925999, -000.367615, 0000.184421, 0000.088978, 0000.360373, -000.928555, 0000.901122,   051,  1,  0000.779606, -000.489376, 0000.390801, 0000.002585, -000.414900, 0000.063842, 0000.907625, -000.049215, -000.469119, -000.869733, -000.153270, 0000.529472,   073,  1,  -000.684482, -000.716821, 0000.132863, 0000.092663, -000.385632, 0000.510666, 0000.768445, 0000.056819, -000.618686, 0000.474751, -000.625971, 0000.839324,   080,  1,  0000.738871, -000.562020, 0000.371757, -000.165075, -000.623955, -000.778957, 0000.062496, 0000.019539, 0000.254458, -000.278136, -000.926224, 0000.806634,   087,  1,  0000.609756, 0000.792536, -000.009189, 0000.084941, 0000.189003, -000.134135, 0000.972772, -000.023701, 0000.769725, -000.594890, -000.231581, 0000.649465, 
0000000026, 1570660233.528131981,   019,  1,  0000.992325, -000.112369, 0000.051608, -000.060416, -000.085754, -000.926067, -000.367485, 0000.184567, 0000.089087, 0000.360239, -000.928596, 0000.901719,   051,  1,  0000.779832, -000.488906, 0000.390939, 0000.002579, -000.414941, 0000.063882, 0000.907603, -000.048955, -000.468707, -000.869994, -000.153050, 0000.529514,   073,  1,  -000.684320, -000.716927, 0000.133123, 0000.092660, -000.385383, 0000.510579, 0000.768628, 0000.056912, -000.619020, 0000.474684, -000.625691, 0000.839329,   080,  1,  0000.738947, -000.561968, 0000.371685, -000.165039, -000.623857, -000.779042, 0000.062419, 0000.019541, 0000.254481, -000.278002, -000.926258, 0000.806486,   087,  1,  0000.609719, 0000.792565, -000.009091, 0000.084920, 0000.188878, -000.134146, 0000.972795, -000.023590, 0000.769784, -000.594849, -000.231489, 0000.649485, 
0000000027, 1570660233.539364725,   019,  2,  0000.992254, -000.113104, 0000.051376, -000.060413, -000.086506, -000.925921, -000.367678, 0000.184539, 0000.089156, 0000.360385, -000.928533, 0000.901531,   051,  1,  0000.779861, -000.488752, 0000.391073, 0000.002565, -000.414968, 0000.064066, 0000.907578, -000.049143, -000.468635, -000.870067, -000.152854, 0000.529568,   073,  1,  -000.684004, -000.717165, 0000.133467, 0000.092649, -000.385268, 0000.510517, 0000.768727, 0000.057084, -000.619441, 0000.474392, -000.625496, 0000.839293,   080,  1,  0000.738794, -000.562108, 0000.371778, -000.165062, -000.624021, -000.778914, 0000.062373, 0000.019549, 0000.254523, -000.278078, -000.926224, 0000.806658,   087,  1,  0000.609836, 0000.792475, -000.009174, 0000.084914, 0000.189008, -000.134187, 0000.972764, -000.023640, 0000.769660, -000.594960, -000.231616, 0000.649541, 
0000000028, 1570660233.550600566,   019,  1,  0000.992182, -000.113840, 0000.051143, -000.060409, -000.087258, -000.925774, -000.367870, 0000.184510, 0000.089226, 0000.360532, -000.928470, 0000.901342,   051,  1,  0000.779548, -000.489269, 0000.391051, 0000.002575, -000.415108, 0000.063955, 0000.907522, -000.048827, -000.469032, -000.869785, -000.153244, 0000.529608,   073,  1,  -000.684073, -000.717081, 0000.133562, 0000.092656, -000.385108, 0000.510570, 0000.768772, 0000.057046, -000.619465, 0000.474460, -000.625421, 0000.839357,   080,  1,  0000.738791, -000.561944, 0000.372030, -000.165041, -000.623920, -000.778998, 0000.062341, 0000.019538, 0000.254779, -000.278174, -000.926125, 0000.806607,   087,  1,  0000.609964, 0000.792377, -000.009118, 0000.084917, 0000.188849, -000.134179, 0000.972796, -000.023769, 0000.769598, -000.595092, -000.231484, 0000.649610, 
0000000029, 1570660233.561836367,   019,  1,  0000.992334, -000.112280, 0000.051633, -000.060387, -000.085636, -000.925969, -000.367760, 0000.184448, 0000.089102, 0000.360519, -000.928486, 0000.901064,   051,  1,  0000.779455, -000.489284, 0000.391217, 0000.002576, -000.415238, 0000.064077, 0000.907453, -000.048861, -000.469071, -000.869767, -000.153224, 0000.529657,   073,  1,  -000.683641, -000.717475, 0000.133659, 0000.092647, -000.385211, 0000.510286, 0000.768909, 0000.057112, -000.619877, 0000.474171, -000.625232, 0000.839372,   080,  1,  0000.738599, -000.562105, 0000.372170, -000.165022, -000.624113, -000.778848, 0000.062270, 0000.019537, 0000.254862, -000.278269, -000.926073, 0000.806608,   087,  1,  0000.609805, 0000.792499, -000.009095, 0000.084898, 0000.188867, -000.134163, 0000.972795, -000.023523, 0000.769719, -000.594933, -000.231490, 0000.649613, 
0000000030, 1570660233.573072765,   019,  2,  0000.992332, -000.112320, 0000.051584, -000.060376, -000.085645, -000.925780, -000.368233, 0000.184358, 0000.089115, 0000.360992, -000.928301, 0000.900622,   051,  1,  0000.779760, -000.488717, 0000.391319, 0000.002583, -000.415135, 0000.064273, 0000.907486, -000.048912, -000.468655, -000.870072, -000.152766, 0000.529718,   073,  1,  -000.683898, -000.717264, 0000.133475, 0000.092623, -000.385083, 0000.510269, 0000.768984, 0000.057143, -000.619673, 0000.474508, -000.625178, 0000.839387,   080,  1,  0000.738634, -000.561843, 0000.372495, -000.165028, -000.623925, -000.779004, 0000.062214, 0000.019537, 0000.255220, -000.278362, -000.925947, 0000.806704,   087,  1,  0000.609943, 0000.792394, -000.008985, 0000.084903, 0000.188680, -000.134205, 0000.972825, -000.023562, 0000.769655, -000.595064, -000.231366, 0000.649679, 
0000000031, 1570660233.584308402,   019,  1,  0000.992330, -000.112359, 0000.051535, -000.060366, -000.085655, -000.925591, -000.368706, 0000.184269, 0000.089128, 0000.361464, -000.928116, 0000.900180,   051,  1,  0000.779562, -000.489055, 0000.391290, 0000.002593, -000.415190, 0000.064237, 0000.907464, -000.048815, -000.468935, -000.869884, -000.152974, 0000.529770,   073,  1,  -000.683893, -000.717317, 0000.133214, 0000.092612, -000.385238, 0000.510103, 0000.769017, 0000.057084, -000.619582, 0000.474607, -000.625193, 0000.839459,   080,  1,  0000.738387, -000.561794, 0000.373057, -000.165021, -000.624025, -000.778932, 0000.062115, 0000.019515, 0000.255690, -000.278662, -000.925727, 0000.806768,   087,  1,  0000.609948, 0000.792391, -000.008999, 0000.084900, 0000.188629, -000.134149, 0000.972843, -000.023413, 0000.769664, -000.595081, -000.231292, 0000.649716, 
0000000032, 1570660233.595544403,   019,  1,  0000.992273, -000.113050, 0000.051118, -000.060432, -000.086425, -000.925416, -000.368967, 0000.184413, 0000.089017, 0000.361698, -000.928036, 0000.900947,   051,  1,  0000.779487, -000.489058, 0000.391437, 0000.002589, -000.415356, 0000.064247, 0000.907387, -000.048895, -000.468914, -000.869882, -000.153053, 0000.529854,   073,  1,  -000.683771, -000.717520, 0000.132747, 0000.092592, -000.385727, 0000.509845, 0000.768943, 0000.057102, -000.619412, 0000.474577, -000.625384, 0000.839484,   080,  1,  0000.738318, -000.561641, 0000.373424, -000.164968, -000.623980, -000.778968, 0000.062116, 0000.019484, 0000.255998, -000.278871, -000.925579, 0000.806644,   087,  1,  0000.610133, 0000.792251, -000.008707, 0000.084909, 0000.188319, -000.134337, 0000.972877, -000.023378, 0000.769593, -000.595224, -000.231160, 0000.649782, 
0000000033, 1570660233.606780423,   019,  1,  0000.992318, -000.112765, 0000.050880, -000.060469, -000.086196, -000.925226, -000.369496, 0000.184497, 0000.088742, 0000.362272, -000.927838, 0000.901443,   051,  1,  0000.779399, -000.489160, 0000.391483, 0000.002584, -000.415470, 0000.064173, 0000.907340, -000.048705, -000.468958, -000.869830, -000.153215, 0000.529941,   073,  1,  -000.683766, -000.717665, 0000.131986, 0000.092572, -000.386325, 0000.509482, 0000.768883, 0000.057181, -000.619045, 0000.474747, -000.625618, 0000.839471,   080,  1,  0000.738123, -000.561546, 0000.373953, -000.164969, -000.623990, -000.778977, 0000.061906, 0000.019443, 0000.256537, -000.279037, -000.925379, 0000.806782,   087,  1,  0000.610367, 0000.792071, -000.008672, 0000.084916, 0000.188217, -000.134387, 0000.972890, -000.023398, 0000.769433, -000.595452, -000.231106, 0000.649874, 
0000000034, 1570660233.618016266,   019,  1,  0000.992283, -000.113276, 0000.050420, -000.060466, -000.086760, -000.924841, -000.370326, 0000.184419, 0000.088579, 0000.363094, -000.927532, 0000.901141,   051,  1,  0000.779518, -000.488787, 0000.391713, 0000.002556, -000.415573, 0000.064337, 0000.907281, -000.048840, -000.468669, -000.870028, -000.152975, 0000.530047,   073,  1,  -000.683339, -000.718202, 0000.131277, 0000.092563, -000.387021, 0000.508793, 0000.768989, 0000.057140, -000.619082, 0000.474673, -000.625637, 0000.839516,   080,  1,  0000.737728, -000.561679, 0000.374532, -000.164992, -000.624225, -000.778814, 0000.061582, 0000.019416, 0000.257101, -000.279223, -000.925167, 0000.807040,   087,  1,  0000.610662, 0000.791846, -000.008447, 0000.084917, 0000.187926, -000.134547, 0000.972924, -000.023330, 0000.769270, -000.595715, -000.230971, 0000.649968, 
0000000035, 1570660233.629252526,   019,  2,  0000.992245, -000.113613, 0000.050409, -000.060466, -000.087031, -000.924617, -000.370822, 0000.184415, 0000.088739, 0000.363560, -000.927335, 0000.901211,   051,  1,  0000.779055, -000.489532, 0000.391704, 0000.002535, -000.415662, 0000.064437, 0000.907234, -000.048954, -000.469360, -000.869601, -000.153280, 0000.530180,   073,  1,  -000.683251, -000.718374, 0000.130791, 0000.092557, -000.387247, 0000.508352, 0000.769167, 0000.057143, -000.619038, 0000.474886, -000.625520, 0000.839545,   080,  1,  0000.737752, -000.561344, 0000.374987, -000.164990, -000.623958, -000.779044, 0000.061376, 0000.019375, 0000.257678, -000.279256, -000.924996, 0000.807190,   087,  1,  0000.610823, 0000.791724, -000.008302, 0000.084926, 0000.187751, -000.134650, 0000.972943, -000.023309, 0000.769184, -000.595855, -000.230894, 0000.650084, 
0000000036, 1570660233.640488184,   019,  1,  0000.992207, -000.113950, 0000.050398, -000.060466, -000.087301, -000.924392, -000.371318, 0000.184412, 0000.088899, 0000.364025, -000.927137, 0000.901281,   051,  1,  0000.779097, -000.489333, 0000.391869, 0000.002522, -000.415803, 0000.064456, 0000.907168, -000.048878, -000.469165, -000.869712, -000.153249, 0000.530347,   073,  1,  -000.682869, -000.718750, 0000.130725, 0000.092551, -000.387206, 0000.507837, 0000.769528, 0000.057367, -000.619485, 0000.474869, -000.625090, 0000.839462,   080,  1,  0000.737490, -000.561396, 0000.375425, -000.164948, -000.624072, -000.778975, 0000.061086, 0000.019323, 0000.258154, -000.279342, -000.924838, 0000.807094,   087,  1,  0000.611030, 0000.791564, -000.008313, 0000.084947, 0000.187735, -000.134699, 0000.972940, -000.023312, 0000.769024, -000.596056, -000.230909, 0000.650221, 
0000000037, 1570660233.651724375,   019,  1,  0000.992259, -000.113430, 0000.050549, -000.060460, -000.086698, -000.924182, -000.371983, 0000.184361, 0000.088910, 0000.364721, -000.926862, 0000.901082,   051,  1,  0000.778607, -000.490020, 0000.391983, 0000.002510, -000.416068, 0000.064473, 0000.907045, -000.048536, -000.469743, -000.869323, -000.153683, 0000.530531,   073,  1,  -000.682374, -000.719147, 0000.131124, 0000.092595, -000.386979, 0000.507556, 0000.769827, 0000.057236, -000.620172, 0000.474568, -000.624638, 0000.839583,   080,  1,  0000.737569, -000.561083, 0000.375737, -000.164886, -000.623756, -000.779252, 0000.060784, 0000.019273, 0000.258689, -000.279200, -000.924731, 0000.806921,   087,  1,  0000.611445, 0000.791243, -000.008336, 0000.084972, 0000.187558, -000.134687, 0000.972976, -000.023290, 0000.768738, -000.596484, -000.230758, 0000.650385, 
0000000038, 1570660233.662960073,   019,  1,  0000.992263, -000.113444, 0000.050442, -000.060449, -000.086710, -000.924012, -000.372401, 0000.184352, 0000.088856, 0000.365146, -000.926700, 0000.901046,   051,  1,  0000.778589, -000.490013, 0000.392029, 0000.002479, -000.416089, 0000.064530, 0000.907032, -000.048642, -000.469754, -000.869324, -000.153647, 0000.530775,   073,  1,  -000.681625, -000.719753, 0000.131693, 0000.092654, -000.386839, 0000.507251, 0000.770099, 0000.057187, -000.621082, 0000.473975, -000.624183, 0000.839678,   080,  1,  0000.737133, -000.561344, 0000.376202, -000.164920, -000.624036, -000.779068, 0000.060266, 0000.019233, 0000.259257, -000.279188, -000.924576, 0000.807242,   087,  1,  0000.611882, 0000.790905, -000.008337, 0000.085008, 0000.187489, -000.134794, 0000.972974, -000.023318, 0000.768406, -000.596909, -000.230764, 0000.650593, 
0000000039, 1570660233.674196239,   019,  1,  0000.992264, -000.113342, 0000.050653, -000.060465, -000.086461, -000.923715, -000.373196, 0000.184457, 0000.089088, 0000.365930, -000.926369, 0000.901549,   051,  1,  0000.778131, -000.490751, 0000.392014, 0000.002446, -000.416198, 0000.064577, 0000.906978, -000.048501, -000.470416, -000.868903, -000.154000, 0000.531053,   073,  1,  -000.680967, -000.720314, 0000.132029, 0000.092723, -000.386905, 0000.506955, 0000.770261, 0000.057332, -000.621762, 0000.473440, -000.623913, 0000.839682,   080,  1,  0000.737007, -000.561242, 0000.376602, -000.164884, -000.623955, -000.779160, 0000.059910, 0000.019197, 0000.259809, -000.279137, -000.924436, 0000.807216,   087,  1,  0000.612421, 0000.790489, -000.008278, 0000.085036, 0000.187285, -000.134907, 0000.972998, -000.023120, 0000.768027, -000.597434, -000.230667, 0000.650800, 
0000000040, 1570660233.685431950,   019,  1,  0000.992162, -000.114284, 0000.050539, -000.060441, -000.087329, -000.923419, -000.373726, 0000.184456, 0000.089379, 0000.366383, -000.926161, 0000.901557,   051,  1,  0000.777758, -000.491353, 0000.392001, 0000.002394, -000.416327, 0000.064542, 0000.906921, -000.048683, -000.470919, -000.868566, -000.154365, 0000.531393,   073,  1,  -000.680203, -000.720935, 0000.132579, 0000.092824, -000.386886, 0000.506708, 0000.770432, 0000.057271, -000.622610, 0000.472757, -000.623584, 0000.839811,   080,  1,  0000.736992, -000.561066, 0000.376892, -000.164829, -000.623792, -000.779310, 0000.059660, 0000.019160, 0000.260242, -000.279071, -000.924334, 0000.807096,   087,  1,  0000.613003, 0000.790038, -000.008249, 0000.085088, 0000.187132, -000.135039, 0000.973009, -000.023120, 0000.767600, -000.598001, -000.230620, 0000.651089, 
0000000041, 1570660233.696668044,   019,  1,  0000.992053, -000.115094, 0000.050833, -000.060402, -000.087945, -000.923235, -000.374036, 0000.184374, 0000.089980, 0000.366593, -000.926020, 0000.901249,   051,  1,  0000.777480, -000.491664, 0000.392163, 0000.002352, -000.416481, 0000.064725, 0000.906838, -000.048696, -000.471242, -000.868376, -000.154446, 0000.531771,   073,  1,  -000.679309, -000.721692, 0000.133044, 0000.092953, -000.387058, 0000.506380, 0000.770562, 0000.057180, -000.623478, 0000.471954, -000.623325, 0000.839976,   080,  1,  0000.736711, -000.561238, 0000.377185, -000.164858, -000.623913, -000.779255, 0000.059113, 0000.019126, 0000.260747, -000.278879, -000.924250, 0000.807383,   087,  1,  0000.613878, 0000.789357, -000.008304, 0000.085148, 0000.186937, -000.135144, 0000.973032, -000.023105, 0000.766947, -000.598875, -000.230522, 0000.651410, 
0000000042, 1570660233.707903914,   019,  1,  0000.992104, -000.114527, 0000.051110, -000.060350, -000.087226, -000.922935, -000.374944, 0000.184272, 0000.090113, 0000.367526, -000.925637, 0000.900749,   051,  1,  0000.777093, -000.492479, 0000.391907, 0000.002330, -000.416532, 0000.064391, 0000.906838, -000.048163, -000.471834, -000.867939, -000.155095, 0000.532186,   073,  1,  -000.678447, -000.722405, 0000.133571, 0000.093082, -000.387384, 0000.506271, 0000.770470, 0000.057309, -000.624214, 0000.470979, -000.623326, 0000.840059,   080,  1,  0000.736570, -000.561253, 0000.377437, -000.164775, -000.623885, -000.779311, 0000.058669, 0000.019085, 0000.261213, -000.278691, -000.924175, 0000.807122,   087,  1,  0000.614492, 0000.788880, -000.008311, 0000.085224, 0000.186805, -000.135260, 0000.973041, -000.023097, 0000.766488, -000.599478, -000.230483, 0000.651774, 
0000000043, 1570660233.719139965,   019,  1,  0000.992036, -000.115063, 0000.051230, -000.060319, -000.087620, -000.922645, -000.375566, 0000.184218, 0000.090481, 0000.368086, -000.925379, 0000.900608,   051,  1,  0000.776453, -000.493122, 0000.392366, 0000.002307, -000.416920, 0000.064912, 0000.906622, -000.048291, -000.472545, -000.867535, -000.155192, 0000.532641,   073,  1,  -000.677511, -000.723190, 0000.134074, 0000.093242, -000.387837, 0000.506152, 0000.770320, 0000.057315, -000.624949, 0000.469901, -000.623403, 0000.840227,   080,  1,  0000.736640, -000.560894, 0000.377836, -000.164781, -000.623521, -000.779632, 0000.058278, 0000.019050, 0000.261885, -000.278518, -000.924037, 0000.807326,   087,  1,  0000.615199, 0000.788328, -000.008315, 0000.085312, 0000.186912, -000.135600, 0000.972973, -000.023024, 0000.765894, -000.600126, -000.230769, 0000.652149, 
