% Measurements merged on 10/09/19 17:25:30 Central Daylight Time
% Original files:
%    1: C:\Users\Al\Desktop\Nayo\KACEY\STROKE\RTIS2001\RTIS2001_REAL_trunkfree\2001tf_final_00000008_Series2s24.hts  (Series2s24)
%    2: C:\Users\Al\Desktop\Nayo\KACEY\STROKE\RTIS2001\RTIS2001_REAL_trunkfree\2001tf_final_00000008_Series2s25.hts  (Series2s25)
% Merge host: Al-PC
% System: MERGED
% nSharedImages: 1000
%
% Interpolated markers have status set to 2
%
% EMB001 (Marker properties) Series:2031, ID:019, Size:35, Thickness:001.846, tPu:[+000.000 +000.000 +000.000]
% EMB001 (Marker properties) Series:2031, ID:051, Size:35, Thickness:001.844, tPu:[+000.000 +000.000 +000.000]
% EMB001 (Marker properties) Series:2032, ID:073, Size:44, Thickness:002.200, tPu:[+000.000 +000.000 +000.000]
% EMB001 (Marker properties) Series:2032, ID:080, Size:44, Thickness:002.203, tPu:[+000.000 +000.000 +000.000]
% EMB001 (Marker properties) Series:2032, ID:087, Size:44, Thickness:002.251, tPu:[+000.000 +000.000 +000.000]
%
% ImageNumber,             FrameTime,           Marker,  ST, HT(1, 1),    HT(1, 2),    HT(1, 3),    HT(1, 4),    HT(2, 1),    HT(2, 2),    HT(2, 3),    HT(2, 4),    HT(3, 1),    HT(3, 2),    HT(3, 3),    HT(3, 4)
%
0000000000, 1570660324.404533074,   019,  1,  0000.986136, -000.142977, 0000.084226, -000.054012, -000.112818, -000.949877, -000.291558, 0000.184670, 0000.121691, 0000.278014, -000.952838, 0000.930343,   051,  1,  0000.696664, -000.610126, 0000.377366, -000.004412, -000.431064, 0000.064459, 0000.900016, -000.036731, -000.573448, -000.789678, -000.218098, 0000.602462,   073,  1,  -000.583824, -000.781190, 0000.221115, 0000.109958, -000.329324, 0000.476802, 0000.814988, 0000.062782, -000.742089, 0000.402991, -000.535633, 0000.878898,   080,  1,  0000.733437, -000.569261, 0000.371500, -000.161862, -000.649297, -000.748458, 0000.134997, 0000.031047, 0000.201203, -000.340226, -000.918566, 0000.820554,   087,  1,  0000.688640, 0000.724991, -000.012771, 0000.090270, 0000.178827, -000.152740, 0000.971952, -000.013481, 0000.702706, -000.671609, -000.234831, 0000.710697, 
0000000001, 1570660324.415769226,   019,  1,  0000.986120, -000.142954, 0000.084454, -000.054062, -000.112687, -000.949786, -000.291905, 0000.184840, 0000.121942, 0000.278337, -000.952711, 0000.931141,   051,  1,  0000.696983, -000.609866, 0000.377198, -000.004435, -000.430771, 0000.064435, 0000.900158, -000.036871, -000.573280, -000.789881, -000.217802, 0000.602474,   073,  1,  -000.583800, -000.781205, 0000.221124, 0000.109971, -000.329352, 0000.476809, 0000.814973, 0000.062664, -000.742095, 0000.402954, -000.535652, 0000.878965,   080,  1,  0000.733217, -000.569586, 0000.371435, -000.161948, -000.649568, -000.748254, 0000.134825, 0000.031081, 0000.201134, -000.340128, -000.918618, 0000.820968,   087,  1,  0000.688638, 0000.724994, -000.012716, 0000.090249, 0000.178735, -000.152724, 0000.971972, -000.013401, 0000.702731, -000.671610, -000.234753, 0000.710674, 
0000000002, 1570660324.427005179,   019,  1,  0000.986030, -000.143742, 0000.084156, -000.054100, -000.113552, -000.949736, -000.291733, 0000.184969, 0000.121860, 0000.278101, -000.952791, 0000.931845,   051,  1,  0000.696852, -000.610033, 0000.377169, -000.004446, -000.430762, 0000.064479, 0000.900159, -000.036831, -000.573446, -000.789748, -000.217847, 0000.602468,   073,  1,  -000.583957, -000.781084, 0000.221138, 0000.109945, -000.329289, 0000.476907, 0000.814941, 0000.062819, -000.742000, 0000.403072, -000.535695, 0000.878868,   080,  1,  0000.733592, -000.569179, 0000.371320, -000.161882, -000.649169, -000.748549, 0000.135104, 0000.031089, 0000.201053, -000.340161, -000.918623, 0000.820623,   087,  1,  0000.688620, 0000.725010, -000.012771, 0000.090234, 0000.178870, -000.152771, 0000.971940, -000.013399, 0000.702715, -000.671581, -000.234884, 0000.710667, 
0000000003, 1570660324.438241101,   019,  1,  0000.986223, -000.142349, 0000.084267, -000.054067, -000.112189, -000.949921, -000.291658, 0000.184936, 0000.121564, 0000.278186, -000.952804, 0000.931561,   051,  1,  0000.696694, -000.610247, 0000.377116, -000.004459, -000.430712, 0000.064560, 0000.900178, -000.036890, -000.573677, -000.789576, -000.217862, 0000.602474,   073,  1,  -000.584026, -000.781022, 0000.221174, 0000.109953, -000.329246, 0000.476974, 0000.814919, 0000.062764, -000.741964, 0000.403113, -000.535714, 0000.878893,   080,  1,  0000.733427, -000.569414, 0000.371286, -000.161901, -000.649373, -000.748392, 0000.134998, 0000.031108, 0000.200997, -000.340114, -000.918653, 0000.820721,   087,  1,  0000.688598, 0000.725031, -000.012754, 0000.090220, 0000.178850, -000.152765, 0000.971944, -000.013355, 0000.702742, -000.671560, -000.234865, 0000.710649, 
0000000004, 1570660324.449476979,   019,  1,  0000.986097, -000.143369, 0000.084013, -000.054055, -000.113207, -000.949716, -000.291930, 0000.184934, 0000.121643, 0000.278360, -000.952743, 0000.931457,   051,  1,  0000.696885, -000.610011, 0000.377145, -000.004467, -000.430733, 0000.064466, 0000.900174, -000.036873, -000.573429, -000.789766, -000.217827, 0000.602464,   073,  1,  -000.583913, -000.781126, 0000.221105, 0000.109942, -000.329295, 0000.476844, 0000.814975, 0000.062814, -000.742031, 0000.403066, -000.535656, 0000.878851,   080,  1,  0000.733607, -000.569185, 0000.371281, -000.161854, -000.649151, -000.748573, 0000.135060, 0000.031125, 0000.201057, -000.340098, -000.918645, 0000.820498,   087,  1,  0000.688705, 0000.724931, -000.012696, 0000.090219, 0000.178784, -000.152828, 0000.971946, -000.013450, 0000.702654, -000.671654, -000.234860, 0000.710670, 
0000000005, 1570660324.460713065,   019,  1,  0000.986213, -000.142655, 0000.083867, -000.053974, -000.112614, -000.949913, -000.291519, 0000.184618, 0000.121253, 0000.278055, -000.952881, 0000.929816,   051,  1,  0000.697001, -000.609854, 0000.377184, -000.004470, -000.430717, 0000.064480, 0000.900181, -000.036799, -000.573300, -000.789886, -000.217732, 0000.602453,   073,  1,  -000.583993, -000.781023, 0000.221259, 0000.109956, -000.329203, 0000.477014, 0000.814913, 0000.062755, -000.742009, 0000.403064, -000.535688, 0000.878881,   080,  1,  0000.733689, -000.569168, 0000.371144, -000.161902, -000.649111, -000.748584, 0000.135190, 0000.031155, 0000.200887, -000.340101, -000.918681, 0000.820689,   087,  1,  0000.688516, 0000.725109, -000.012748, 0000.090219, 0000.178836, -000.152724, 0000.971953, -000.013482, 0000.702825, -000.671485, -000.234829, 0000.710672, 
0000000006, 1570660324.471948914,   019,  1,  0000.986221, -000.142584, 0000.083887, -000.054018, -000.112563, -000.949976, -000.291334, 0000.184773, 0000.121230, 0000.277877, -000.952936, 0000.930544,   051,  1,  0000.696873, -000.610024, 0000.377146, -000.004484, -000.430647, 0000.064591, 0000.900206, -000.036959, -000.573507, -000.789746, -000.217693, 0000.602461,   073,  1,  -000.584178, -000.780882, 0000.221268, 0000.109960, -000.329033, 0000.477071, 0000.814948, 0000.062780, -000.741939, 0000.403271, -000.535630, 0000.878853,   080,  1,  0000.733487, -000.569432, 0000.371139, -000.161854, -000.649365, -000.748375, 0000.135131, 0000.031170, 0000.200803, -000.340122, -000.918692, 0000.820437,   087,  1,  0000.688669, 0000.724963, -000.012761, 0000.090218, 0000.178818, -000.152757, 0000.971951, -000.013437, 0000.702680, -000.671635, -000.234836, 0000.710650, 
0000000007, 1570660324.483184837,   019,  1,  0000.986288, -000.142043, 0000.084022, -000.054071, -000.111956, -000.949932, -000.291710, 0000.184979, 0000.121251, 0000.278304, -000.952809, 0000.931571,   051,  1,  0000.697040, -000.609972, 0000.376921, -000.004466, -000.430320, 0000.064616, 0000.900361, -000.036802, -000.573550, -000.789784, -000.217443, 0000.602431,   073,  1,  -000.584044, -000.780995, 0000.221223, 0000.109970, -000.329112, 0000.476966, 0000.814978, 0000.062771, -000.742010, 0000.403176, -000.535603, 0000.878862,   080,  1,  0000.733972, -000.568960, 0000.370904, -000.161904, -000.648844, -000.748786, 0000.135355, 0000.031199, 0000.200716, -000.340005, -000.918754, 0000.820701,   087,  1,  0000.688654, 0000.724978, -000.012733, 0000.090218, 0000.178826, -000.152795, 0000.971944, -000.013344, 0000.702693, -000.671610, -000.234868, 0000.710613, 
0000000008, 1570660324.494420748,   019,  1,  0000.986361, -000.141626, 0000.083865, -000.054022, -000.111606, -000.949992, -000.291649, 0000.184832, 0000.120976, 0000.278311, -000.952842, 0000.930822,   051,  1,  0000.696947, -000.610144, 0000.376813, -000.004456, -000.430259, 0000.064594, 0000.900392, -000.036737, -000.573709, -000.789653, -000.217501, 0000.602407,   073,  1,  -000.584207, -000.780872, 0000.221226, 0000.109978, -000.329107, 0000.477088, 0000.814908, 0000.062766, -000.741883, 0000.403268, -000.535709, 0000.878862,   080,  1,  0000.733622, -000.569371, 0000.370964, -000.161940, -000.649295, -000.748388, 0000.135394, 0000.031228, 0000.200536, -000.340193, -000.918724, 0000.820845,   087,  1,  0000.688713, 0000.724921, -000.012784, 0000.090226, 0000.178804, -000.152732, 0000.971958, -000.013368, 0000.702640, -000.671686, -000.234808, 0000.710612, 
0000000009, 1570660324.505656941,   019,  1,  0000.986269, -000.142308, 0000.083800, -000.054050, -000.112302, -000.949960, -000.291485, 0000.184946, 0000.121088, 0000.278072, -000.952898, 0000.931287,   051,  1,  0000.697183, -000.609808, 0000.376921, -000.004446, -000.430198, 0000.064705, 0000.900413, -000.036797, -000.573467, -000.789904, -000.217227, 0000.602408,   073,  1,  -000.584046, -000.780981, 0000.221266, 0000.109983, -000.329167, 0000.477042, 0000.814911, 0000.062794, -000.741984, 0000.403112, -000.535687, 0000.878851,   080,  1,  0000.733751, -000.569183, 0000.371000, -000.161928, -000.649127, -000.748525, 0000.135444, 0000.031245, 0000.200610, -000.340208, -000.918702, 0000.820736,   087,  1,  0000.688621, 0000.725010, -000.012716, 0000.090224, 0000.178812, -000.152790, 0000.971947, -000.013218, 0000.702729, -000.671577, -000.234855, 0000.710560, 
0000000010, 1570660324.516892643,   019,  1,  0000.986359, -000.141539, 0000.084045, -000.054056, -000.111530, -000.950140, -000.291195, 0000.184977, 0000.121070, 0000.277849, -000.952965, 0000.931430,   051,  1,  0000.697055, -000.610032, 0000.376796, -000.004458, -000.430038, 0000.064812, 0000.900481, -000.037080, -000.573743, -000.789722, -000.217159, 0000.602437,   073,  1,  -000.584188, -000.780855, 0000.221336, 0000.110005, -000.328984, 0000.477122, 0000.814938, 0000.062700, -000.741953, 0000.403261, -000.535618, 0000.878915,   080,  1,  0000.733438, -000.569573, 0000.371020, -000.161861, -000.649537, -000.748165, 0000.135466, 0000.031255, 0000.200427, -000.340347, -000.918691, 0000.820409,   087,  1,  0000.688663, 0000.724969, -000.012784, 0000.090238, 0000.178887, -000.152789, 0000.971934, -000.013316, 0000.702669, -000.671621, -000.234907, 0000.710589, 
0000000011, 1570660324.528128974,   019,  1,  0000.986375, -000.141298, 0000.084251, -000.054022, -000.111243, -000.950181, -000.291173, 0000.184878, 0000.121196, 0000.277833, -000.952953, 0000.930808,   051,  1,  0000.696995, -000.610140, 0000.376732, -000.004446, -000.429932, 0000.064897, 0000.900526, -000.036999, -000.573896, -000.789631, -000.217086, 0000.602423,   073,  1,  -000.584282, -000.780790, 0000.221316, 0000.110016, -000.328813, 0000.477080, 0000.815031, 0000.062703, -000.741954, 0000.403437, -000.535484, 0000.878924,   080,  1,  0000.733787, -000.569159, 0000.370965, -000.161860, -000.649123, -000.748499, 0000.135601, 0000.031276, 0000.200489, -000.340305, -000.918693, 0000.820451,   087,  1,  0000.688616, 0000.725015, -000.012706, 0000.090249, 0000.178834, -000.152823, 0000.971938, -000.013346, 0000.702728, -000.671564, -000.234894, 0000.710595, 
0000000012, 1570660324.539364570,   019,  1,  0000.986311, -000.141940, 0000.083926, -000.054029, -000.111938, -000.950064, -000.291289, 0000.184967, 0000.121080, 0000.277907, -000.952947, 0000.931115,   051,  1,  0000.697320, -000.609765, 0000.376737, -000.004441, -000.429737, 0000.064993, 0000.900612, -000.037046, -000.573647, -000.789913, -000.216718, 0000.602427,   073,  1,  -000.584043, -000.780908, 0000.221531, 0000.110005, -000.328669, 0000.477046, 0000.815110, 0000.062827, -000.742206, 0000.403249, -000.535276, 0000.878855,   080,  1,  0000.733776, -000.569128, 0000.371034, -000.161882, -000.649143, -000.748462, 0000.135716, 0000.031309, 0000.200465, -000.340439, -000.918648, 0000.820596,   087,  1,  0000.688509, 0000.725116, -000.012751, 0000.090263, 0000.178910, -000.152786, 0000.971930, -000.013485, 0000.702813, -000.671464, -000.234925, 0000.710633, 
0000000013, 1570660324.550601124,   019,  1,  0000.986327, -000.141926, 0000.083767, -000.054001, -000.111983, -000.950092, -000.291180, 0000.184924, 0000.120912, 0000.277818, -000.952994, 0000.930836,   051,  1,  0000.697090, -000.609990, 0000.376799, -000.004432, -000.429871, 0000.065027, 0000.900546, -000.036880, -000.573826, -000.789736, -000.216887, 0000.602408,   073,  1,  -000.583998, -000.780881, 0000.221746, 0000.110008, -000.328502, 0000.477146, 0000.815119, 0000.062857, -000.742316, 0000.403183, -000.535173, 0000.878840,   080,  1,  0000.733705, -000.569284, 0000.370934, -000.161868, -000.649230, -000.748416, 0000.135554, 0000.031331, 0000.200444, -000.340278, -000.918713, 0000.820562,   087,  1,  0000.688631, 0000.725002, -000.012632, 0000.090258, 0000.178852, -000.152946, 0000.971915, -000.013465, 0000.702708, -000.671550, -000.234991, 0000.710630, 
0000000014, 1570660324.561836447,   019,  1,  0000.986381, -000.141347, 0000.084101, -000.054029, -000.111358, -000.950231, -000.290965, 0000.184976, 0000.121043, 0000.277637, -000.953030, 0000.931031,   051,  1,  0000.697265, -000.609950, 0000.376541, -000.004438, -000.429557, 0000.064981, 0000.900699, -000.036744, -000.573849, -000.789771, -000.216699, 0000.602403,   073,  1,  -000.583913, -000.780951, 0000.221724, 0000.110024, -000.328640, 0000.477134, 0000.815070, 0000.062709, -000.742321, 0000.403062, -000.535257, 0000.878934,   080,  1,  0000.733813, -000.569191, 0000.370864, -000.161839, -000.649122, -000.748498, 0000.135618, 0000.031348, 0000.200398, -000.340254, -000.918732, 0000.820468,   087,  1,  0000.688607, 0000.725025, -000.012608, 0000.090241, 0000.178897, -000.153010, 0000.971897, -000.013345, 0000.702721, -000.671510, -000.235069, 0000.710603, 
0000000015, 1570660324.573072610,   019,  1,  0000.986438, -000.141257, 0000.083585, -000.054026, -000.111419, -000.950230, -000.290943, 0000.184983, 0000.120523, 0000.277684, -000.953082, 0000.931013,   051,  1,  0000.697441, -000.609636, 0000.376723, -000.004438, -000.429749, 0000.064887, 0000.900614, -000.036604, -000.573491, -000.790021, -000.216736, 0000.602390,   073,  1,  -000.583749, -000.781122, 0000.221552, 0000.109996, -000.328956, 0000.477002, 0000.815020, 0000.062938, -000.742311, 0000.402886, -000.535404, 0000.878799,   080,  1,  0000.734008, -000.568987, 0000.370791, -000.161859, -000.648929, -000.748628, 0000.135817, 0000.031377, 0000.200306, -000.340308, -000.918732, 0000.820645,   087,  1,  0000.688708, 0000.724929, -000.012623, 0000.090240, 0000.178889, -000.153027, 0000.971896, -000.013393, 0000.702623, -000.671611, -000.235073, 0000.710623, 
0000000016, 1570660324.584308314,   019,  2,  0000.986378, -000.141589, 0000.083727, -000.054010, -000.111686, -000.950167, -000.291048, 0000.184963, 0000.120764, 0000.277732, -000.953038, 0000.930847,   051,  1,  0000.697319, -000.609866, 0000.376576, -000.004469, -000.429623, 0000.064911, 0000.900672, -000.037008, -000.573733, -000.789842, -000.216749, 0000.602448,   073,  1,  -000.584001, -000.780914, 0000.221621, 0000.110009, -000.328891, 0000.477229, 0000.814913, 0000.062776, -000.742141, 0000.403021, -000.535538, 0000.878891,   080,  1,  0000.733759, -000.569245, 0000.370889, -000.161868, -000.649224, -000.748377, 0000.135792, 0000.031406, 0000.200266, -000.340429, -000.918696, 0000.820737,   087,  1,  0000.688663, 0000.724970, -000.012698, 0000.090233, 0000.178868, -000.152887, 0000.971922, -000.013380, 0000.702673, -000.671598, -000.234961, 0000.710623, 
0000000017, 1570660324.595544599,   019,  1,  0000.986319, -000.141922, 0000.083868, -000.053993, -000.111953, -000.950103, -000.291153, 0000.184942, 0000.121005, 0000.277780, -000.952993, 0000.930681,   051,  1,  0000.697315, -000.609978, 0000.376402, -000.004486, -000.429366, 0000.065010, 0000.900788, -000.037069, -000.573930, -000.789747, -000.216572, 0000.602463,   073,  1,  -000.583943, -000.780909, 0000.221792, 0000.110012, -000.328786, 0000.477307, 0000.814910, 0000.062796, -000.742233, 0000.402938, -000.535472, 0000.878864,   080,  1,  0000.734088, -000.568949, 0000.370692, -000.161860, -000.648866, -000.748673, 0000.135876, 0000.031418, 0000.200220, -000.340274, -000.918763, 0000.820688,   087,  1,  0000.688684, 0000.724950, -000.012702, 0000.090225, 0000.178936, -000.152956, 0000.971898, -000.013397, 0000.702635, -000.671604, -000.235058, 0000.710627, 
0000000018, 1570660324.606780284,   019,  1,  0000.986388, -000.141249, 0000.084190, -000.053952, -000.111268, -000.950310, -000.290740, 0000.184830, 0000.121073, 0000.277415, -000.953091, 0000.930009,   051,  1,  0000.697190, -000.610137, 0000.376377, -000.004497, -000.429399, 0000.064998, 0000.900773, -000.037035, -000.574058, -000.789625, -000.216676, 0000.602468,   073,  1,  -000.584288, -000.780655, 0000.221779, 0000.110003, -000.328600, 0000.477452, 0000.814900, 0000.062930, -000.742044, 0000.403259, -000.535492, 0000.878769,   080,  1,  0000.734072, -000.568939, 0000.370737, -000.161771, -000.648866, -000.748678, 0000.135844, 0000.031416, 0000.200276, -000.340278, -000.918749, 0000.820261,   087,  1,  0000.688871, 0000.724775, -000.012590, 0000.090220, 0000.178818, -000.153077, 0000.971901, -000.013362, 0000.702482, -000.671766, -000.235053, 0000.710619, 
0000000019, 1570660324.618016451,   019,  1,  0000.986325, -000.141826, 0000.083954, -000.053985, -000.111865, -000.950181, -000.290932, 0000.184993, 0000.121033, 0000.277562, -000.953053, 0000.930746,   051,  1,  0000.697049, -000.610272, 0000.376419, -000.004485, -000.429369, 0000.065179, 0000.900774, -000.036797, -000.574252, -000.789506, -000.216599, 0000.602435,   073,  1,  -000.584168, -000.780726, 0000.221843, 0000.110032, -000.328725, 0000.477496, 0000.814823, 0000.062790, -000.742083, 0000.403068, -000.535582, 0000.878842,   080,  1,  0000.733805, -000.569199, 0000.370868, -000.161788, -000.649207, -000.748361, 0000.135964, 0000.031438, 0000.200153, -000.340541, -000.918679, 0000.820365,   087,  1,  0000.688923, 0000.724724, -000.012660, 0000.090222, 0000.178822, -000.153011, 0000.971911, -000.013370, 0000.702430, -000.671835, -000.235010, 0000.710610, 
0000000020, 1570660324.629252270,   019,  1,  0000.986430, -000.141014, 0000.084095, -000.053993, -000.111090, -000.950386, -000.290560, 0000.185074, 0000.120895, 0000.277275, -000.953154, 0000.931048,   051,  1,  0000.697206, -000.610131, 0000.376356, -000.004481, -000.429201, 0000.065230, 0000.900850, -000.036728, -000.574187, -000.789611, -000.216390, 0000.602421,   073,  1,  -000.584032, -000.780856, 0000.221744, 0000.110042, -000.328874, 0000.477370, 0000.814837, 0000.062797, -000.742125, 0000.402965, -000.535603, 0000.878820,   080,  1,  0000.733883, -000.569176, 0000.370748, -000.161789, -000.649108, -000.748472, 0000.135827, 0000.031450, 0000.200185, -000.340337, -000.918747, 0000.820423,   087,  1,  0000.688915, 0000.724732, -000.012653, 0000.090230, 0000.178869, -000.153061, 0000.971894, -000.013425, 0000.702426, -000.671815, -000.235078, 0000.710618, 
0000000021, 1570660324.640488439,   019,  1,  0000.986518, -000.140602, 0000.083741, -000.053993, -000.110739, -000.950295, -000.290992, 0000.185094, 0000.120493, 0000.277796, -000.953053, 0000.931024,   051,  1,  0000.697190, -000.610198, 0000.376276, -000.004481, -000.429208, 0000.065112, 0000.900856, -000.036825, -000.574201, -000.789569, -000.216507, 0000.602421,   073,  1,  -000.584049, -000.780832, 0000.221783, 0000.110053, -000.328921, 0000.477450, 0000.814772, 0000.062847, -000.742090, 0000.402917, -000.535686, 0000.878768,   080,  1,  0000.734094, -000.568911, 0000.370737, -000.161804, -000.648850, -000.748682, 0000.135901, 0000.031467, 0000.200248, -000.340317, -000.918741, 0000.820510,   087,  1,  0000.688793, 0000.724848, -000.012630, 0000.090242, 0000.178888, -000.153056, 0000.971891, -000.013472, 0000.702540, -000.671691, -000.235091, 0000.710614, 
0000000022, 1570660324.651724119,   019,  1,  0000.986378, -000.141678, 0000.083576, -000.054029, -000.111831, -000.950192, -000.290912, 0000.185162, 0000.120629, 0000.277603, -000.953092, 0000.931386,   051,  1,  0000.697196, -000.610231, 0000.376212, -000.004481, -000.429057, 0000.065221, 0000.900920, -000.036979, -000.574306, -000.789534, -000.216352, 0000.602420,   073,  1,  -000.583959, -000.780930, 0000.221678, 0000.110051, -000.329063, 0000.477349, 0000.814773, 0000.062956, -000.742098, 0000.402848, -000.535727, 0000.878681,   080,  1,  0000.733771, -000.569341, 0000.370716, -000.161852, -000.649230, -000.748394, 0000.135669, 0000.031482, 0000.200199, -000.340230, -000.918784, 0000.820718,   087,  1,  0000.688783, 0000.724856, -000.012736, 0000.090257, 0000.178986, -000.153002, 0000.971882, -000.013485, 0000.702526, -000.671695, -000.235124, 0000.710600, 
0000000023, 1570660324.662960228,   019,  1,  0000.986315, -000.142089, 0000.083624, -000.053985, -000.112169, -000.950045, -000.291259, 0000.185047, 0000.120831, 0000.277893, -000.952982, 0000.930725,   051,  1,  0000.697131, -000.610172, 0000.376428, -000.004453, -000.429261, 0000.065297, 0000.900817, -000.036753, -000.574233, -000.789573, -000.216402, 0000.602375,   073,  1,  -000.583965, -000.780948, 0000.221597, 0000.110078, -000.329128, 0000.477306, 0000.814772, 0000.062832, -000.742064, 0000.402865, -000.535762, 0000.878737,   080,  1,  0000.733967, -000.569077, 0000.370734, -000.161819, -000.648979, -000.748603, 0000.135722, 0000.031486, 0000.200296, -000.340214, -000.918769, 0000.820598,   087,  1,  0000.688899, 0000.724745, -000.012744, 0000.090265, 0000.178949, -000.153009, 0000.971888, -000.013381, 0000.702421, -000.671813, -000.235100, 0000.710550, 
0000000024, 1570660324.674196056,   019,  1,  0000.986530, -000.140415, 0000.083913, -000.053956, -000.110498, -000.950296, -000.291081, 0000.185002, 0000.120614, 0000.277888, -000.953011, 0000.930413,   051,  1,  0000.697124, -000.610325, 0000.376195, -000.004456, -000.428981, 0000.065340, 0000.900947, -000.036851, -000.574451, -000.789452, -000.216268, 0000.602373,   073,  1,  -000.584133, -000.780805, 0000.221659, 0000.110094, -000.329063, 0000.477461, 0000.814707, 0000.062818, -000.741961, 0000.402957, -000.535835, 0000.878725,   080,  1,  0000.733812, -000.569291, 0000.370713, -000.161774, -000.649204, -000.748396, 0000.135787, 0000.031486, 0000.200138, -000.340310, -000.918768, 0000.820396,   087,  1,  0000.688916, 0000.724731, -000.012636, 0000.090276, 0000.178832, -000.153049, 0000.971903, -000.013416, 0000.702434, -000.671819, -000.235043, 0000.710539, 
0000000025, 1570660324.685432224,   019,  1,  0000.986608, -000.140025, 0000.083654, -000.053970, -000.110180, -000.950296, -000.291200, 0000.185092, 0000.120272, 0000.278083, -000.952998, 0000.930718,   051,  1,  0000.696984, -000.610368, 0000.376384, -000.004454, -000.429131, 0000.065492, 0000.900865, -000.036804, -000.574509, -000.789406, -000.216281, 0000.602347,   073,  1,  -000.584041, -000.780887, 0000.221613, 0000.110090, -000.329204, 0000.477420, 0000.814674, 0000.062948, -000.741971, 0000.402847, -000.535904, 0000.878627,   080,  1,  0000.734216, -000.568821, 0000.370633, -000.161778, -000.648682, -000.748858, 0000.135733, 0000.031496, 0000.200343, -000.340081, -000.918808, 0000.820390,   087,  1,  0000.688842, 0000.724800, -000.012700, 0000.090275, 0000.178869, -000.152966, 0000.971909, -000.013384, 0000.702497, -000.671764, -000.235014, 0000.710516, 
0000000026, 1570660324.696667790,   019,  1,  0000.986419, -000.141420, 0000.083533, -000.053981, -000.111562, -000.950143, -000.291174, 0000.185085, 0000.120546, 0000.277900, -000.953016, 0000.930709,   051,  1,  0000.697065, -000.610435, 0000.376124, -000.004459, -000.428871, 0000.065420, 0000.900994, -000.036832, -000.574604, -000.789360, -000.216196, 0000.602338,   073,  1,  -000.584115, -000.780799, 0000.221727, 0000.110101, -000.329178, 0000.477581, 0000.814591, 0000.062833, -000.741924, 0000.402827, -000.535984, 0000.878675,   080,  1,  0000.734002, -000.569098, 0000.370632, -000.161769, -000.648927, -000.748676, 0000.135564, 0000.031504, 0000.200334, -000.340017, -000.918833, 0000.820345,   087,  1,  0000.689022, 0000.724630, -000.012637, 0000.090278, 0000.178888, -000.153149, 0000.971877, -000.013448, 0000.702316, -000.671905, -000.235150, 0000.710517, 
0000000027, 1570660324.707904109,   019,  1,  0000.986353, -000.141902, 0000.083493, -000.053978, -000.111997, -000.949995, -000.291490, 0000.185118, 0000.120681, 0000.278162, -000.952923, 0000.930693,   051,  1,  0000.697077, -000.610442, 0000.376091, -000.004476, -000.428756, 0000.065521, 0000.901041, -000.036861, -000.574675, -000.789346, -000.216058, 0000.602334,   073,  1,  -000.584039, -000.780831, 0000.221815, 0000.110102, -000.329194, 0000.477624, 0000.814559, 0000.062876, -000.741977, 0000.402714, -000.535996, 0000.878634,   080,  1,  0000.734019, -000.569103, 0000.370591, -000.161784, -000.648900, -000.748713, 0000.135487, 0000.031515, 0000.200361, -000.339927, -000.918861, 0000.820448,   087,  1,  0000.688911, 0000.724734, -000.012707, 0000.090273, 0000.179024, -000.153135, 0000.971854, -000.013433, 0000.702390, -000.671796, -000.235242, 0000.710502, 
0000000028, 1570660324.719139745,   019,  1,  0000.986535, -000.140669, 0000.083432, -000.053953, -000.110835, -000.950151, -000.291424, 0000.185087, 0000.120267, 0000.278253, -000.952949, 0000.930499,   051,  1,  0000.697257, -000.610287, 0000.376009, -000.004482, -000.428668, 0000.065422, 0000.901090, -000.036838, -000.574523, -000.789474, -000.215994, 0000.602323,   073,  1,  -000.583968, -000.780886, 0000.221808, 0000.110114, -000.329124, 0000.477525, 0000.814645, 0000.062765, -000.742064, 0000.402725, -000.535868, 0000.878679,   080,  1,  0000.734196, -000.568874, 0000.370592, -000.161743, -000.648672, -000.748907, 0000.135511, 0000.031512, 0000.200450, -000.339884, -000.918857, 0000.820248,   087,  1,  0000.688857, 0000.724785, -000.012777, 0000.090255, 0000.178990, -000.152984, 0000.971884, -000.013378, 0000.702452, -000.671776, -000.235113, 0000.710475, 
0000000029, 1570660324.730375953,   019,  1,  0000.986544, -000.140587, 0000.083461, -000.053988, -000.110720, -000.950097, -000.291644, 0000.185218, 0000.120297, 0000.278479, -000.952879, 0000.931019,   051,  1,  0000.697271, -000.610275, 0000.376001, -000.004497, -000.428554, 0000.065559, 0000.901135, -000.036846, -000.574591, -000.789472, -000.215823, 0000.602325,   073,  1,  -000.584073, -000.780823, 0000.221753, 0000.110090, -000.329200, 0000.477588, 0000.814577, 0000.062946, -000.741947, 0000.402772, -000.535994, 0000.878549,   080,  1,  0000.734214, -000.568897, 0000.370521, -000.161712, -000.648665, -000.748916, 0000.135494, 0000.031521, 0000.200407, -000.339826, -000.918888, 0000.820100,   087,  1,  0000.689036, 0000.724616, -000.012724, 0000.090250, 0000.178992, -000.153138, 0000.971859, -000.013390, 0000.702276, -000.671923, -000.235218, 0000.710470, 
0000000030, 1570660324.741611762,   019,  1,  0000.986552, -000.140688, 0000.083202, -000.053980, -000.110876, -000.950043, -000.291763, 0000.185188, 0000.120093, 0000.278614, -000.952865, 0000.930833,   051,  1,  0000.697245, -000.610312, 0000.375991, -000.004519, -000.428545, 0000.065571, 0000.901138, -000.036922, -000.574629, -000.789443, -000.215827, 0000.602334,   073,  1,  -000.584162, -000.780743, 0000.221802, 0000.110076, -000.329280, 0000.477750, 0000.814451, 0000.062962, -000.741842, 0000.402736, -000.536166, 0000.878520,   080,  1,  0000.734219, -000.568848, 0000.370586, -000.161754, -000.648645, -000.748930, 0000.135513, 0000.031529, 0000.200457, -000.339875, -000.918859, 0000.820307,   087,  1,  0000.689033, 0000.724618, -000.012731, 0000.090234, 0000.179079, -000.153210, 0000.971832, -000.013396, 0000.702257, -000.671904, -000.235330, 0000.710467, 
0000000031, 1570660324.752847792,   019,  1,  0000.986537, -000.140738, 0000.083287, -000.053967, -000.110899, -000.950039, -000.291766, 0000.185123, 0000.120189, 0000.278602, -000.952857, 0000.930465,   051,  1,  0000.697206, -000.610396, 0000.375926, -000.004526, -000.428441, 0000.065639, 0000.901182, -000.036835, -000.574753, -000.789372, -000.215755, 0000.602326,   073,  1,  -000.583933, -000.780905, 0000.221832, 0000.110068, -000.329416, 0000.477682, 0000.814435, 0000.063012, -000.741962, 0000.402501, -000.536177, 0000.878470,   080,  1,  0000.733955, -000.569111, 0000.370706, -000.161731, -000.648942, -000.748685, 0000.135443, 0000.031535, 0000.200460, -000.339976, -000.918821, 0000.820220,   087,  1,  0000.689055, 0000.724599, -000.012643, 0000.090234, 0000.178938, -000.153204, 0000.971859, -000.013451, 0000.702271, -000.671927, -000.235224, 0000.710480, 
0000000032, 1570660324.764083681,   019,  2,  0000.986530, -000.140691, 0000.083453, -000.053981, -000.110793, -000.950015, -000.291886, 0000.185195, 0000.120347, 0000.278708, -000.952806, 0000.930762,   051,  1,  0000.697166, -000.610456, 0000.375904, -000.004538, -000.428335, 0000.065776, 0000.901223, -000.036846, -000.574882, -000.789315, -000.215623, 0000.602330,   073,  1,  -000.584179, -000.780762, 0000.221687, 0000.110066, -000.329513, 0000.477769, 0000.814345, 0000.063029, -000.741725, 0000.402675, -000.536374, 0000.878448,   080,  1,  0000.734009, -000.569012, 0000.370750, -000.161742, -000.648850, -000.748771, 0000.135406, 0000.031552, 0000.200559, -000.339951, -000.918809, 0000.820293,   087,  1,  0000.689062, 0000.724592, -000.012651, 0000.090228, 0000.178957, -000.153214, 0000.971854, -000.013520, 0000.702259, -000.671932, -000.235244, 0000.710496, 
0000000033, 1570660324.775319491,   019,  1,  0000.986523, -000.140645, 0000.083619, -000.053995, -000.110686, -000.949990, -000.292005, 0000.185266, 0000.120506, 0000.278814, -000.952754, 0000.931059,   051,  1,  0000.697186, -000.610428, 0000.375911, -000.004546, -000.428270, 0000.065863, 0000.901247, -000.036960, -000.574905, -000.789328, -000.215510, 0000.602344,   073,  1,  -000.584166, -000.780749, 0000.221770, 0000.110093, -000.329479, 0000.477827, 0000.814325, 0000.062849, -000.741751, 0000.402632, -000.536371, 0000.878545,   080,  1,  0000.733964, -000.568975, 0000.370896, -000.161709, -000.648816, -000.748843, 0000.135174, 0000.031553, 0000.200832, -000.339857, -000.918784, 0000.820176,   087,  1,  0000.689047, 0000.724606, -000.012635, 0000.090232, 0000.178955, -000.153226, 0000.971852, -000.013513, 0000.702274, -000.671913, -000.235252, 0000.710492, 
0000000034, 1570660324.786555641,   019,  1,  0000.986500, -000.140953, 0000.083370, -000.053971, -000.111053, -000.949948, -000.292004, 0000.185196, 0000.120356, 0000.278803, -000.952777, 0000.930608,   051,  1,  0000.697019, -000.610647, 0000.375865, -000.004558, -000.428365, 0000.065757, 0000.901210, -000.037141, -000.575037, -000.789168, -000.215746, 0000.602360,   073,  1,  -000.583952, -000.780908, 0000.221773, 0000.110078, -000.329555, 0000.477711, 0000.814362, 0000.062977, -000.741885, 0000.402462, -000.536312, 0000.878459,   080,  1,  0000.733799, -000.569163, 0000.370936, -000.161695, -000.648988, -000.748723, 0000.135013, 0000.031561, 0000.200884, -000.339805, -000.918792, 0000.820088,   087,  1,  0000.689117, 0000.724540, -000.012634, 0000.090224, 0000.178910, -000.153216, 0000.971862, -000.013372, 0000.702217, -000.671987, -000.235212, 0000.710447, 
0000000035, 1570660324.797791401,   019,  1,  0000.986535, -000.140720, 0000.083346, -000.053978, -000.110824, -000.949947, -000.292094, 0000.185190, 0000.120277, 0000.278925, -000.952751, 0000.930533,   051,  1,  0000.697031, -000.610586, 0000.375943, -000.004551, -000.428306, 0000.065947, 0000.901224, -000.037081, -000.575067, -000.789199, -000.215551, 0000.602348,   073,  1,  -000.583792, -000.781022, 0000.221791, 0000.110093, -000.329661, 0000.477666, 0000.814346, 0000.062961, -000.741964, 0000.402293, -000.536330, 0000.878455,   080,  1,  0000.733808, -000.569153, 0000.370933, -000.161673, -000.649008, -000.748680, 0000.135156, 0000.031560, 0000.200785, -000.339917, -000.918772, 0000.820001,   087,  1,  0000.688981, 0000.724668, -000.012720, 0000.090241, 0000.178988, -000.153115, 0000.971864, -000.013497, 0000.702331, -000.671872, -000.235200, 0000.710476, 
0000000036, 1570660324.809027655,   019,  1,  0000.986634, -000.139924, 0000.083514, -000.053963, -000.109991, -000.949998, -000.292244, 0000.185196, 0000.120230, 0000.279152, -000.952690, 0000.930516,   051,  1,  0000.697204, -000.610514, 0000.375739, -000.004532, -000.428126, 0000.065797, 0000.901321, -000.036943, -000.574992, -000.789267, -000.215503, 0000.602325,   073,  1,  -000.583891, -000.780994, 0000.221628, 0000.110101, -000.329705, 0000.477595, 0000.814370, 0000.062960, -000.741866, 0000.402432, -000.536361, 0000.878446,   080,  1,  0000.733774, -000.569251, 0000.370850, -000.161669, -000.649055, -000.748656, 0000.135060, 0000.031576, 0000.200756, -000.339805, -000.918820, 0000.820014,   087,  1,  0000.689080, 0000.724573, -000.012748, 0000.090240, 0000.179027, -000.153159, 0000.971850, -000.013406, 0000.702223, -000.671965, -000.235257, 0000.710442, 
0000000037, 1570660324.820263489,   019,  1,  0000.986630, -000.140249, 0000.083017, -000.053983, -000.110440, -000.949935, -000.292279, 0000.185262, 0000.119852, 0000.279202, -000.952723, 0000.930748,   051,  1,  0000.697198, -000.610478, 0000.375807, -000.004514, -000.428051, 0000.066005, 0000.901341, -000.036704, -000.575054, -000.789278, -000.215298, 0000.602288,   073,  1,  -000.583783, -000.781058, 0000.221690, 0000.110116, -000.329703, 0000.477577, 0000.814381, 0000.062933, -000.741953, 0000.402330, -000.536318, 0000.878452,   080,  1,  0000.734017, -000.569135, 0000.370547, -000.161695, -000.648819, -000.748864, 0000.135042, 0000.031592, 0000.200632, -000.339541, -000.918944, 0000.820149,   087,  1,  0000.689220, 0000.724440, -000.012723, 0000.090260, 0000.179038, -000.153266, 0000.971831, -000.013507, 0000.702083, -000.672083, -000.235336, 0000.710460, 
0000000038, 1570660324.831499386,   019,  1,  0000.986538, -000.140566, 0000.083570, -000.053951, -000.110565, -000.949862, -000.292468, 0000.185168, 0000.120491, 0000.279291, -000.952617, 0000.930218,   051,  1,  0000.696962, -000.610842, 0000.375654, -000.004530, -000.428044, 0000.065919, 0000.901351, -000.037065, -000.575346, -000.789004, -000.215524, 0000.602318,   073,  1,  -000.583877, -000.780964, 0000.221771, 0000.110117, -000.329597, 0000.477675, 0000.814366, 0000.062964, -000.741925, 0000.402395, -000.536307, 0000.878416,   080,  1,  0000.734018, -000.569227, 0000.370403, -000.161645, -000.648876, -000.748801, 0000.135119, 0000.031590, 0000.200445, -000.339525, -000.918991, 0000.819889,   087,  1,  0000.689046, 0000.724606, -000.012740, 0000.090266, 0000.179064, -000.153189, 0000.971838, -000.013468, 0000.702248, -000.671922, -000.235305, 0000.710442, 
0000000039, 1570660324.842735596,   019,  1,  0000.986684, -000.139590, 0000.083478, -000.053961, -000.109669, -000.950008, -000.292333, 0000.185219, 0000.120111, 0000.279285, -000.952666, 0000.930394,   051,  1,  0000.697089, -000.610673, 0000.375694, -000.004516, -000.427890, 0000.066119, 0000.901409, -000.036990, -000.575307, -000.789118, -000.215209, 0000.602304,   073,  1,  -000.583833, -000.780977, 0000.221841, 0000.110126, -000.329534, 0000.477680, 0000.814389, 0000.062991, -000.741988, 0000.402363, -000.536244, 0000.878383,   080,  1,  0000.734048, -000.569208, 0000.370373, -000.161679, -000.648824, -000.748863, 0000.135024, 0000.031598, 0000.200502, -000.339421, -000.919017, 0000.820078,   087,  1,  0000.689160, 0000.724499, -000.012628, 0000.090269, 0000.179001, -000.153331, 0000.971827, -000.013397, 0000.702152, -000.672005, -000.235356, 0000.710410, 
0000000040, 1570660324.853971312,   019,  1,  0000.986479, -000.141008, 0000.083519, -000.054017, -000.111019, -000.949841, -000.292364, 0000.185447, 0000.120556, 0000.279138, -000.952653, 0000.931524,   051,  1,  0000.697062, -000.610628, 0000.375817, -000.004488, -000.428076, 0000.066060, 0000.901325, -000.036613, -000.575201, -000.789158, -000.215347, 0000.602254,   073,  1,  -000.583982, -000.780871, 0000.221823, 0000.110134, -000.329580, 0000.477799, 0000.814300, 0000.062975, -000.741850, 0000.402428, -000.536386, 0000.878387,   080,  1,  0000.733975, -000.569358, 0000.370288, -000.161684, -000.648969, -000.748717, 0000.135135, 0000.031614, 0000.200301, -000.339491, -000.919035, 0000.820147,   087,  1,  0000.689092, 0000.724563, -000.012668, 0000.090273, 0000.179054, -000.153298, 0000.971823, -000.013409, 0000.702205, -000.671943, -000.235373, 0000.710409, 
0000000041, 1570660324.865207253,   019,  1,  0000.986539, -000.140663, 0000.083393, -000.053990, -000.110721, -000.949875, -000.292366, 0000.185342, 0000.120338, 0000.279197, -000.952663, 0000.930861,   051,  1,  0000.697290, -000.610469, 0000.375651, -000.004510, -000.427926, 0000.065894, 0000.901409, -000.036911, -000.575035, -000.789294, -000.215288, 0000.602281,   073,  1,  -000.583641, -000.781072, 0000.222012, 0000.110128, -000.329509, 0000.477700, 0000.814387, 0000.063069, -000.742150, 0000.402155, -000.536176, 0000.878327,   080,  1,  0000.734280, -000.569147, 0000.370006, -000.161628, -000.648657, -000.748980, 0000.135178, 0000.031609, 0000.200191, -000.339266, -000.919142, 0000.819899,   087,  1,  0000.689151, 0000.724508, -000.012659, 0000.090272, 0000.179002, -000.153286, 0000.971834, -000.013433, 0000.702161, -000.672006, -000.235326, 0000.710413, 
0000000042, 1570660324.876443311,   019,  1,  0000.986563, -000.140477, 0000.083422, -000.053963, -000.110558, -000.949951, -000.292182, 0000.185245, 0000.120292, 0000.279033, -000.952717, 0000.930388,   051,  1,  0000.697295, -000.610530, 0000.375543, -000.004518, -000.427797, 0000.065909, 0000.901469, -000.036892, -000.575126, -000.789246, -000.215225, 0000.602276,   073,  1,  -000.583934, -000.780837, 0000.222069, 0000.110119, -000.329370, 0000.477906, 0000.814323, 0000.063110, -000.741981, 0000.402368, -000.536250, 0000.878302,   080,  1,  0000.734367, -000.569187, 0000.369772, -000.161672, -000.648614, -000.749014, 0000.135196, 0000.031630, 0000.200012, -000.339122, -000.919234, 0000.820139,   087,  1,  0000.689318, 0000.724348, -000.012678, 0000.090269, 0000.179060, -000.153391, 0000.971807, -000.013459, 0000.701982, -000.672154, -000.235437, 0000.710415, 
0000000043, 1570660324.887679237,   019,  1,  0000.986460, -000.141055, 0000.083663, -000.053993, -000.111014, -000.949820, -000.292434, 0000.185344, 0000.120714, 0000.279187, -000.952619, 0000.930754,   051,  1,  0000.697161, -000.610762, 0000.375415, -000.004512, -000.427642, 0000.066007, 0000.901535, -000.036735, -000.575403, -000.789058, -000.215170, 0000.602263,   073,  1,  -000.583814, -000.780917, 0000.222104, 0000.110112, -000.329354, 0000.477843, 0000.814366, 0000.063148, -000.742083, 0000.402287, -000.536169, 0000.878280,   080,  1,  0000.734281, -000.569368, 0000.369664, -000.161543, -000.648710, -000.748971, 0000.134973, 0000.031600, 0000.200019, -000.338913, -000.919310, 0000.819549,   087,  1,  0000.689153, 0000.724505, -000.012693, 0000.090265, 0000.179094, -000.153329, 0000.971811, -000.013410, 0000.702135, -000.671999, -000.235421, 0000.710402, 
