% Measurements merged on 10/09/19 17:23:40 Central Daylight Time
% Original files:
%    1: C:\Users\Al\Desktop\Nayo\KACEY\STROKE\RTIS2001\RTIS2001_REAL_trunkfree\2001tf_final_00000003_Series2s24.hts  (Series2s24)
%    2: C:\Users\Al\Desktop\Nayo\KACEY\STROKE\RTIS2001\RTIS2001_REAL_trunkfree\2001tf_final_00000003_Series2s25.hts  (Series2s25)
% Merge host: Al-PC
% System: MERGED
% nSharedImages: 1000
%
% Interpolated markers have status set to 2
%
% EMB001 (Marker properties) Series:2031, ID:019, Size:35, Thickness:001.846, tPu:[+000.000 +000.000 +000.000]
% EMB001 (Marker properties) Series:2031, ID:051, Size:35, Thickness:001.844, tPu:[+000.000 +000.000 +000.000]
% EMB001 (Marker properties) Series:2032, ID:073, Size:44, Thickness:002.200, tPu:[+000.000 +000.000 +000.000]
% EMB001 (Marker properties) Series:2032, ID:080, Size:44, Thickness:002.203, tPu:[+000.000 +000.000 +000.000]
% EMB001 (Marker properties) Series:2032, ID:087, Size:44, Thickness:002.251, tPu:[+000.000 +000.000 +000.000]
%
% ImageNumber,             FrameTime,           Marker,  ST, HT(1, 1),    HT(1, 2),    HT(1, 3),    HT(1, 4),    HT(2, 1),    HT(2, 2),    HT(2, 3),    HT(2, 4),    HT(3, 1),    HT(3, 2),    HT(3, 3),    HT(3, 4)
%
0000000000, 1570660213.898915120,   019,  1,  0000.982412, -000.154667, 0000.104622, -000.061674, -000.114204, -000.940960, -000.318672, 0000.185588, 0000.147733, 0000.301119, -000.942073, 0000.910500,   051,  1,  0000.782328, -000.525244, 0000.334786, 0000.004955, -000.367583, 0000.044586, 0000.928921, -000.040477, -000.502837, -000.849783, -000.158190, 0000.582826,   073,  1,  -000.559931, -000.797497, 0000.224666, 0000.104405, -000.351748, 0000.474317, 0000.807029, 0000.061366, -000.750167, 0000.372855, -000.546103, 0000.864509,   080,  1,  0000.736149, -000.550453, 0000.393808, -000.165421, -000.632774, -000.766215, 0000.111858, 0000.026269, 0000.240169, -000.331536, -000.912361, 0000.802750,   087,  1,  0000.644687, 0000.764364, -000.011245, 0000.093200, 0000.181713, -000.138940, 0000.973487, -000.014912, 0000.742536, -000.629637, -000.228468, 0000.697174, 
0000000001, 1570660213.910151111,   019,  1,  0000.982335, -000.155269, 0000.104444, -000.061643, -000.114856, -000.940926, -000.318538, 0000.185506, 0000.147734, 0000.300915, -000.942138, 0000.910162,   051,  1,  0000.782277, -000.525546, 0000.334432, 0000.004960, -000.367305, 0000.044460, 0000.929037, -000.040580, -000.503120, -000.849603, -000.158255, 0000.582843,   073,  1,  -000.559923, -000.797476, 0000.224763, 0000.104418, -000.351536, 0000.474304, 0000.807129, 0000.061377, -000.750272, 0000.372918, -000.545916, 0000.864526,   080,  1,  0000.736290, -000.550197, 0000.393904, -000.165420, -000.632524, -000.766432, 0000.111786, 0000.026271, 0000.240396, -000.331460, -000.912329, 0000.802810,   087,  1,  0000.644802, 0000.764265, -000.011330, 0000.093223, 0000.181716, -000.138880, 0000.973495, -000.015083, 0000.742435, -000.629771, -000.228429, 0000.697231, 
0000000002, 1570660213.921387211,   019,  1,  0000.982375, -000.154895, 0000.104624, -000.061669, -000.114458, -000.941006, -000.318445, 0000.185602, 0000.147777, 0000.300858, -000.942150, 0000.910724,   051,  1,  0000.782354, -000.525379, 0000.334514, 0000.004972, -000.367485, 0000.044258, 0000.928976, -000.040253, -000.502869, -000.849717, -000.158444, 0000.582820,   073,  1,  -000.559931, -000.797427, 0000.224917, 0000.104426, -000.351330, 0000.474364, 0000.807184, 0000.061431, -000.750363, 0000.372948, -000.545771, 0000.864513,   080,  1,  0000.736171, -000.550243, 0000.394061, -000.165392, -000.632640, -000.766331, 0000.111818, 0000.026271, 0000.240454, -000.331616, -000.912257, 0000.802718,   087,  1,  0000.644811, 0000.764258, -000.011329, 0000.093220, 0000.181726, -000.138893, 0000.973491, -000.014995, 0000.742424, -000.629777, -000.228445, 0000.697215, 
0000000003, 1570660213.932622982,   019,  2,  0000.982379, -000.154962, 0000.104495, -000.061663, -000.114552, -000.940976, -000.318501, 0000.185604, 0000.147683, 0000.300918, -000.942145, 0000.910766,   051,  1,  0000.782260, -000.525500, 0000.334542, 0000.004975, -000.367531, 0000.044282, 0000.928956, -000.040454, -000.502981, -000.849640, -000.158497, 0000.582849,   073,  1,  -000.559911, -000.797461, 0000.224844, 0000.104453, -000.351317, 0000.474269, 0000.807246, 0000.061272, -000.750384, 0000.372994, -000.545710, 0000.864615,   080,  1,  0000.735959, -000.550417, 0000.394215, -000.165448, -000.632875, -000.766139, 0000.111803, 0000.026278, 0000.240485, -000.331772, -000.912192, 0000.803036,   087,  1,  0000.644712, 0000.764344, -000.011133, 0000.093222, 0000.181555, -000.138960, 0000.973513, -000.014932, 0000.742552, -000.629657, -000.228359, 0000.697206, 
0000000004, 1570660213.943859363,   019,  1,  0000.982382, -000.155028, 0000.104366, -000.061656, -000.114646, -000.940945, -000.318557, 0000.185607, 0000.147588, 0000.300979, -000.942141, 0000.910809,   051,  1,  0000.782278, -000.525451, 0000.334578, 0000.004986, -000.367501, 0000.044387, 0000.928963, -000.040314, -000.502976, -000.849665, -000.158381, 0000.582841,   073,  1,  -000.559870, -000.797483, 0000.224868, 0000.104460, -000.351376, 0000.474292, 0000.807207, 0000.061261, -000.750387, 0000.372918, -000.545758, 0000.864631,   080,  1,  0000.736029, -000.550277, 0000.394279, -000.165404, -000.632782, -000.766200, 0000.111911, 0000.026274, 0000.240514, -000.331863, -000.912151, 0000.802884,   087,  1,  0000.644804, 0000.764265, -000.011250, 0000.093230, 0000.181653, -000.138929, 0000.973499, -000.014957, 0000.742449, -000.629760, -000.228413, 0000.697224, 
0000000005, 1570660213.955094910,   019,  2,  0000.982402, -000.154858, 0000.104424, -000.061611, -000.114477, -000.940991, -000.318481, 0000.185512, 0000.147581, 0000.300923, -000.942160, 0000.910377,   051,  1,  0000.782465, -000.525182, 0000.334563, 0000.004991, -000.367512, 0000.044237, 0000.928966, -000.040209, -000.502676, -000.849840, -000.158397, 0000.582840,   073,  1,  -000.559969, -000.797411, 0000.224879, 0000.104467, -000.351311, 0000.474343, 0000.807205, 0000.061217, -000.750344, 0000.373007, -000.545756, 0000.864658,   080,  1,  0000.735897, -000.550257, 0000.394554, -000.165387, -000.632839, -000.766168, 0000.111811, 0000.026271, 0000.240770, -000.331971, -000.912045, 0000.802844,   087,  1,  0000.644796, 0000.764272, -000.011242, 0000.093224, 0000.181604, -000.138894, 0000.973513, -000.014835, 0000.742468, -000.629759, -000.228353, 0000.697197, 
0000000006, 1570660213.966331061,   019,  1,  0000.982423, -000.154688, 0000.104482, -000.061566, -000.114308, -000.941037, -000.318406, 0000.185416, 0000.147575, 0000.300866, -000.942179, 0000.909944,   051,  1,  0000.782352, -000.525362, 0000.334545, 0000.004997, -000.367421, 0000.044421, 0000.928993, -000.040185, -000.502919, -000.849718, -000.158277, 0000.582847,   073,  1,  -000.560061, -000.797360, 0000.224830, 0000.104454, -000.351337, 0000.474374, 0000.807175, 0000.061355, -000.750263, 0000.373076, -000.545820, 0000.864579,   080,  1,  0000.735993, -000.550157, 0000.394514, -000.165386, -000.632754, -000.766220, 0000.111938, 0000.026269, 0000.240701, -000.332015, -000.912047, 0000.802882,   087,  1,  0000.644882, 0000.764199, -000.011253, 0000.093231, 0000.181562, -000.138880, 0000.973523, -000.014846, 0000.742403, -000.629851, -000.228311, 0000.697208, 
0000000007, 1570660213.977566838,   019,  1,  0000.982474, -000.154529, 0000.104235, -000.061564, -000.114220, -000.941023, -000.318479, 0000.185425, 0000.147301, 0000.300992, -000.942182, 0000.910059,   051,  1,  0000.782493, -000.525116, 0000.334602, 0000.005005, -000.367406, 0000.044470, 0000.928997, -000.040235, -000.502710, -000.849868, -000.158133, 0000.582859,   073,  1,  -000.560238, -000.797287, 0000.224648, 0000.104475, -000.351372, 0000.474338, 0000.807181, 0000.061226, -000.750114, 0000.373278, -000.545887, 0000.864661,   080,  1,  0000.735901, -000.550206, 0000.394618, -000.165381, -000.632840, -000.766151, 0000.111922, 0000.026270, 0000.240757, -000.332093, -000.912003, 0000.802953,   087,  1,  0000.644723, 0000.764334, -000.011201, 0000.093247, 0000.181626, -000.138937, 0000.973503, -000.014937, 0000.742526, -000.629674, -000.228398, 0000.697240, 
0000000008, 1570660213.988803248,   019,  1,  0000.982350, -000.155159, 0000.104470, -000.061575, -000.114734, -000.940921, -000.318598, 0000.185522, 0000.147731, 0000.300989, -000.942115, 0000.910562,   051,  1,  0000.782401, -000.525134, 0000.334788, 0000.005012, -000.367565, 0000.044580, 0000.928929, -000.040142, -000.502737, -000.849851, -000.158141, 0000.582863,   073,  1,  -000.560274, -000.797288, 0000.224555, 0000.104453, -000.351439, 0000.474303, 0000.807172, 0000.061433, -000.750056, 0000.373320, -000.545938, 0000.864550,   080,  1,  0000.735723, -000.550477, 0000.394571, -000.165380, -000.633116, -000.765916, 0000.111967, 0000.026274, 0000.240573, -000.332186, -000.912018, 0000.802993,   087,  1,  0000.644687, 0000.764362, -000.011362, 0000.093252, 0000.181687, -000.138769, 0000.973516, -000.014959, 0000.742542, -000.629678, -000.228337, 0000.697258, 
0000000009, 1570660214.000038759,   019,  1,  0000.982433, -000.154867, 0000.104123, -000.061569, -000.114579, -000.940981, -000.318476, 0000.185477, 0000.147300, 0000.300951, -000.942195, 0000.910413,   051,  1,  0000.782089, -000.525778, 0000.334505, 0000.005006, -000.367396, 0000.044541, 0000.928998, -000.040303, -000.503346, -000.849455, -000.158334, 0000.582889,   073,  1,  -000.560240, -000.797301, 0000.224594, 0000.104468, -000.351374, 0000.474286, 0000.807211, 0000.061284, -000.750112, 0000.373315, -000.545865, 0000.864645,   080,  1,  0000.735751, -000.550446, 0000.394563, -000.165344, -000.633150, -000.765849, 0000.112230, 0000.026275, 0000.240399, -000.332391, -000.911989, 0000.802897,   087,  1,  0000.644824, 0000.764249, -000.011225, 0000.093248, 0000.181509, -000.138847, 0000.973538, -000.014866, 0000.742466, -000.629798, -000.228250, 0000.697242, 
0000000010, 1570660214.011274808,   019,  1,  0000.982411, -000.155050, 0000.104059, -000.061532, -000.114725, -000.940859, -000.318784, 0000.185382, 0000.147332, 0000.301238, -000.942098, 0000.909980,   051,  1,  0000.782444, -000.525113, 0000.334721, 0000.005008, -000.367491, 0000.044564, 0000.928959, -000.040279, -000.502724, -000.849865, -000.158106, 0000.582894,   073,  1,  -000.560040, -000.797461, 0000.224524, 0000.104458, -000.351459, 0000.474110, 0000.807277, 0000.061394, -000.750221, 0000.373197, -000.545795, 0000.864599,   080,  1,  0000.735789, -000.550357, 0000.394616, -000.165331, -000.633105, -000.765871, 0000.112336, 0000.026278, 0000.240400, -000.332489, -000.911953, 0000.802904,   087,  1,  0000.644711, 0000.764342, -000.011345, 0000.093243, 0000.181630, -000.138752, 0000.973529, -000.014776, 0000.742535, -000.629705, -000.228283, 0000.697228, 
0000000011, 1570660214.022510792,   019,  1,  0000.982355, -000.154996, 0000.104664, -000.061498, -000.114494, -000.940898, -000.318751, 0000.185305, 0000.147883, 0000.301144, -000.942042, 0000.909639,   051,  1,  0000.782384, -000.525219, 0000.334695, 0000.005017, -000.367525, 0000.044493, 0000.928949, -000.040282, -000.502793, -000.849803, -000.158220, 0000.582907,   073,  1,  -000.560160, -000.797383, 0000.224502, 0000.104482, -000.351334, 0000.474114, 0000.807329, 0000.061222, -000.750190, 0000.373358, -000.545727, 0000.864718,   080,  1,  0000.735864, -000.550404, 0000.394410, -000.165351, -000.633031, -000.765958, 0000.112164, 0000.026283, 0000.240366, -000.332211, -000.912064, 0000.803086,   087,  1,  0000.644695, 0000.764357, -000.011260, 0000.093269, 0000.181625, -000.138850, 0000.973516, -000.014997, 0000.742550, -000.629666, -000.228343, 0000.697296, 
0000000012, 1570660214.033747156,   019,  1,  0000.982295, -000.155743, 0000.104120, -000.061450, -000.115373, -000.940785, -000.318766, 0000.185222, 0000.147601, 0000.301110, -000.942097, 0000.909326,   051,  1,  0000.782129, -000.525622, 0000.334659, 0000.005012, -000.367504, 0000.044607, 0000.928951, -000.040336, -000.503205, -000.849548, -000.158280, 0000.582925,   073,  1,  -000.560247, -000.797314, 0000.224532, 0000.104470, -000.351279, 0000.474181, 0000.807314, 0000.061376, -000.750151, 0000.373421, -000.545738, 0000.864646,   080,  1,  0000.736022, -000.550196, 0000.394406, -000.165307, -000.632830, -000.766114, 0000.112230, 0000.026276, 0000.240412, -000.332196, -000.912057, 0000.802964,   087,  1,  0000.644743, 0000.764316, -000.011241, 0000.093268, 0000.181582, -000.138856, 0000.973523, -000.014921, 0000.742519, -000.629714, -000.228312, 0000.697292, 
0000000013, 1570660214.044982536,   019,  1,  0000.982372, -000.155211, 0000.104187, -000.061494, -000.114842, -000.940847, -000.318775, 0000.185396, 0000.147501, 0000.301191, -000.942087, 0000.910149,   051,  1,  0000.782475, -000.525166, 0000.334565, 0000.005004, -000.367310, 0000.044576, 0000.929030, -000.040525, -000.502808, -000.849832, -000.158019, 0000.582952,   073,  1,  -000.560380, -000.797213, 0000.224558, 0000.104493, -000.351210, 0000.474271, 0000.807291, 0000.061291, -000.750084, 0000.373523, -000.545761, 0000.864717,   080,  1,  0000.735908, -000.550337, 0000.394421, -000.165262, -000.632975, -000.765998, 0000.112200, 0000.026269, 0000.240378, -000.332228, -000.912054, 0000.802859,   087,  1,  0000.644660, 0000.764387, -000.011261, 0000.093253, 0000.181640, -000.138847, 0000.973513, -000.014744, 0000.742577, -000.629631, -000.228352, 0000.697252, 
0000000014, 1570660214.056218901,   019,  1,  0000.982344, -000.155506, 0000.104009, -000.061432, -000.115163, -000.940774, -000.318877, 0000.185211, 0000.147437, 0000.301269, -000.942072, 0000.909317,   051,  1,  0000.782372, -000.525205, 0000.334744, 0000.005020, -000.367557, 0000.044532, 0000.928934, -000.040217, -000.502788, -000.849810, -000.158202, 0000.582930,   073,  1,  -000.560338, -000.797196, 0000.224721, 0000.104480, -000.351040, 0000.474320, 0000.807336, 0000.061454, -000.750195, 0000.373495, -000.545627, 0000.864645,   080,  1,  0000.735541, -000.550591, 0000.394752, -000.165271, -000.633389, -000.765643, 0000.112291, 0000.026282, 0000.240413, -000.332626, -000.911900, 0000.802969,   087,  1,  0000.644830, 0000.764244, -000.011167, 0000.093265, 0000.181534, -000.138944, 0000.973519, -000.014874, 0000.742455, -000.629782, -000.228331, 0000.697298, 
0000000015, 1570660214.067454480,   019,  1,  0000.982380, -000.155037, 0000.104366, -000.061490, -000.114655, -000.940946, -000.318552, 0000.185387, 0000.147590, 0000.300973, -000.942142, 0000.910333,   051,  1,  0000.782207, -000.525590, 0000.334526, 0000.005009, -000.367418, 0000.044474, 0000.928992, -000.040331, -000.503147, -000.849575, -000.158323, 0000.582952,   073,  1,  -000.560194, -000.797297, 0000.224721, 0000.104516, -000.351086, 0000.474237, 0000.807365, 0000.061189, -000.750281, 0000.373385, -000.545585, 0000.864812,   080,  1,  0000.735668, -000.550398, 0000.394784, -000.165174, -000.633201, -000.765798, 0000.112294, 0000.026269, 0000.240518, -000.332589, -000.911886, 0000.802568,   087,  1,  0000.644892, 0000.764192, -000.011233, 0000.093271, 0000.181550, -000.138898, 0000.973523, -000.014950, 0000.742398, -000.629856, -000.228313, 0000.697325, 
0000000016, 1570660214.078690510,   019,  1,  0000.982392, -000.155040, 0000.104250, -000.061381, -000.114727, -000.941009, -000.318338, 0000.185115, 0000.147455, 0000.300772, -000.942228, 0000.908957,   051,  1,  0000.782232, -000.525472, 0000.334652, 0000.005019, -000.367552, 0000.044458, 0000.928940, -000.040175, -000.503010, -000.849649, -000.158362, 0000.582943,   073,  1,  -000.560128, -000.797373, 0000.224618, 0000.104519, -000.350937, 0000.474010, 0000.807563, 0000.061159, -000.750400, 0000.373512, -000.545334, 0000.864843,   080,  1,  0000.735297, -000.550718, 0000.395028, -000.165208, -000.633601, -000.765482, 0000.112195, 0000.026282, 0000.240599, -000.332787, -000.911792, 0000.802828,   087,  1,  0000.644796, 0000.764272, -000.011230, 0000.093263, 0000.181559, -000.138871, 0000.973525, -000.014866, 0000.742479, -000.629764, -000.228304, 0000.697313, 
0000000017, 1570660214.089926375,   019,  1,  0000.982260, -000.155709, 0000.104498, -000.061435, -000.115302, -000.940961, -000.318274, 0000.185311, 0000.147886, 0000.300579, -000.942222, 0000.910031,   051,  1,  0000.782193, -000.525572, 0000.334586, 0000.005015, -000.367505, 0000.044440, 0000.928959, -000.040232, -000.503104, -000.849588, -000.158390, 0000.582955,   073,  1,  -000.560270, -000.797265, 0000.224644, 0000.104485, -000.350767, 0000.474057, 0000.807609, 0000.061465, -000.750373, 0000.373682, -000.545255, 0000.864678,   080,  1,  0000.735251, -000.550548, 0000.395352, -000.165220, -000.633570, -000.765494, 0000.112284, 0000.026279, 0000.240822, -000.333040, -000.911641, 0000.802974,   087,  1,  0000.644943, 0000.764147, -000.011279, 0000.093278, 0000.181487, -000.138806, 0000.973548, -000.015026, 0000.742368, -000.629930, -000.228205, 0000.697359, 
0000000018, 1570660214.101162748,   019,  1,  0000.982227, -000.155848, 0000.104601, -000.061437, -000.115387, -000.940915, -000.318378, 0000.185352, 0000.148039, 0000.300650, -000.942175, 0000.910262,   051,  1,  0000.782127, -000.525775, 0000.334423, 0000.005020, -000.367375, 0000.044409, 0000.929012, -000.040074, -000.503303, -000.849464, -000.158423, 0000.582948,   073,  1,  -000.560305, -000.797205, 0000.224772, 0000.104517, -000.350683, 0000.474170, 0000.807579, 0000.061248, -000.750386, 0000.373667, -000.545247, 0000.864813,   080,  1,  0000.735150, -000.550612, 0000.395451, -000.165172, -000.633658, -000.765431, 0000.112221, 0000.026271, 0000.240900, -000.333080, -000.911606, 0000.802827,   087,  1,  0000.644857, 0000.764219, -000.011324, 0000.093279, 0000.181550, -000.138768, 0000.973541, -000.015017, 0000.742428, -000.629851, -000.228230, 0000.697364, 
0000000019, 1570660214.112398332,   019,  1,  0000.982221, -000.155825, 0000.104692, -000.061432, -000.115323, -000.940891, -000.318472, 0000.185379, 0000.148129, 0000.300736, -000.942133, 0000.910467,   051,  1,  0000.782238, -000.525555, 0000.334507, 0000.005005, -000.367501, 0000.044284, 0000.928968, -000.040293, -000.503037, -000.849606, -000.158501, 0000.582977,   073,  1,  -000.560394, -000.797136, 0000.224797, 0000.104517, -000.350661, 0000.474249, 0000.807542, 0000.061340, -000.750330, 0000.373714, -000.545291, 0000.864763,   080,  1,  0000.735244, -000.550497, 0000.395436, -000.165172, -000.633566, -000.765488, 0000.112350, 0000.026260, 0000.240854, -000.333139, -000.911596, 0000.802915,   087,  1,  0000.644912, 0000.764175, -000.011175, 0000.093262, 0000.181403, -000.138855, 0000.973556, -000.014839, 0000.742416, -000.629885, -000.228173, 0000.697323, 
0000000020, 1570660214.123634151,   019,  1,  0000.982227, -000.155714, 0000.104801, -000.061421, -000.115157, -000.940854, -000.318642, 0000.185385, 0000.148220, 0000.300910, -000.942064, 0000.910571,   051,  1,  0000.782359, -000.525324, 0000.334587, 0000.005008, -000.367519, 0000.044327, 0000.928959, -000.040362, -000.502836, -000.849747, -000.158387, 0000.582987,   073,  1,  -000.560351, -000.797181, 0000.224741, 0000.104536, -000.350788, 0000.474225, 0000.807502, 0000.061187, -000.750303, 0000.373648, -000.545374, 0000.864849,   080,  1,  0000.734967, -000.550776, 0000.395562, -000.165173, -000.633854, -000.765277, 0000.112157, 0000.026261, 0000.240941, -000.333161, -000.911565, 0000.803021,   087,  1,  0000.644798, 0000.764272, -000.011125, 0000.093276, 0000.181378, -000.138852, 0000.973562, -000.015021, 0000.742521, -000.629768, -000.228154, 0000.697374, 
0000000021, 1570660214.134869939,   019,  1,  0000.982140, -000.156289, 0000.104761, -000.061439, -000.115731, -000.940807, -000.318573, 0000.185454, 0000.148349, 0000.300759, -000.942092, 0000.910893,   051,  1,  0000.782148, -000.525662, 0000.334551, 0000.005006, -000.367508, 0000.044399, 0000.928960, -000.040357, -000.503172, -000.849534, -000.158458, 0000.582993,   073,  1,  -000.560355, -000.797180, 0000.224734, 0000.104547, -000.350825, 0000.474240, 0000.807476, 0000.061136, -000.750282, 0000.373631, -000.545414, 0000.864883,   080,  1,  0000.735015, -000.550709, 0000.395565, -000.165138, -000.633764, -000.765365, 0000.112074, 0000.026252, 0000.241031, -000.333071, -000.911574, 0000.802948,   087,  1,  0000.644890, 0000.764193, -000.011230, 0000.093261, 0000.181378, -000.138756, 0000.973575, -000.014796, 0000.742441, -000.629886, -000.228090, 0000.697318, 
0000000022, 1570660214.146106214,   019,  2,  0000.982168, -000.156161, 0000.104689, -000.061379, -000.115628, -000.940816, -000.318584, 0000.185329, 0000.148243, 0000.300798, -000.942096, 0000.910308,   051,  1,  0000.782477, -000.525188, 0000.334525, 0000.005012, -000.367399, 0000.044353, 0000.929005, -000.040234, -000.502740, -000.849829, -000.158249, 0000.582985,   073,  1,  -000.560615, -000.797045, 0000.224566, 0000.104545, -000.350756, 0000.474226, 0000.807515, 0000.061213, -000.750121, 0000.373937, -000.545427, 0000.864848,   080,  1,  0000.735169, -000.550558, 0000.395491, -000.165133, -000.633566, -000.765535, 0000.112029, 0000.026248, 0000.241084, -000.332929, -000.911612, 0000.802952,   087,  1,  0000.644885, 0000.764198, -000.011148, 0000.093268, 0000.181385, -000.138863, 0000.973559, -000.014830, 0000.742444, -000.629855, -000.228164, 0000.697333, 
0000000023, 1570660214.157342215,   019,  1,  0000.982196, -000.156033, 0000.104617, -000.061320, -000.115526, -000.940825, -000.318595, 0000.185204, 0000.148138, 0000.300837, -000.942100, 0000.909724,   051,  1,  0000.782366, -000.525374, 0000.334493, 0000.005013, -000.367507, 0000.044176, 0000.928971, -000.040187, -000.502834, -000.849724, -000.158517, 0000.582988,   073,  1,  -000.560651, -000.797067, 0000.224399, 0000.104533, -000.350777, 0000.474094, 0000.807583, 0000.061340, -000.750084, 0000.374058, -000.545394, 0000.864780,   080,  1,  0000.735446, -000.550306, 0000.395326, -000.165160, -000.633247, -000.765796, 0000.112051, 0000.026249, 0000.241077, -000.332746, -000.911681, 0000.803167,   087,  1,  0000.644909, 0000.764178, -000.011172, 0000.093281, 0000.181404, -000.138858, 0000.973556, -000.014941, 0000.742418, -000.629882, -000.228175, 0000.697370, 
0000000024, 1570660214.168578332,   019,  1,  0000.982027, -000.156991, 0000.104767, -000.061349, -000.116425, -000.940772, -000.318422, 0000.185301, 0000.148551, 0000.300502, -000.942142, 0000.910202,   051,  1,  0000.782282, -000.525513, 0000.334471, 0000.005007, -000.367408, 0000.044352, 0000.929002, -000.040378, -000.503037, -000.849629, -000.158382, 0000.583006,   073,  1,  -000.560394, -000.797196, 0000.224583, 0000.104557, -000.350624, 0000.474014, 0000.807696, 0000.061218, -000.750348, 0000.373884, -000.545151, 0000.864855,   080,  1,  0000.735258, -000.550475, 0000.395441, -000.165098, -000.633467, -000.765614, 0000.112053, 0000.026247, 0000.241073, -000.332887, -000.911631, 0000.802932,   087,  1,  0000.644767, 0000.764297, -000.011158, 0000.093283, 0000.181305, -000.138737, 0000.973592, -000.014956, 0000.742565, -000.629763, -000.228024, 0000.697376, 
0000000025, 1570660214.179814001,   019,  1,  0000.982194, -000.155896, 0000.104840, -000.061324, -000.115385, -000.940969, -000.318220, 0000.185324, 0000.148260, 0000.300457, -000.942202, 0000.910245,   051,  1,  0000.782111, -000.525813, 0000.334401, 0000.005020, -000.367447, 0000.044258, 0000.928991, -000.040245, -000.503275, -000.849448, -000.158593, 0000.583006,   073,  1,  -000.560433, -000.797168, 0000.224584, 0000.104552, -000.350672, 0000.474068, 0000.807644, 0000.061322, -000.750296, 0000.373875, -000.545228, 0000.864807,   080,  1,  0000.735276, -000.550387, 0000.395529, -000.165057, -000.633378, -000.765705, 0000.111935, 0000.026241, 0000.241251, -000.332822, -000.911607, 0000.802774,   087,  1,  0000.644840, 0000.764234, -000.011315, 0000.093290, 0000.181371, -000.138621, 0000.973596, -000.014961, 0000.742486, -000.629866, -000.227998, 0000.697380, 
0000000026, 1570660214.191050240,   019,  1,  0000.982093, -000.156568, 0000.104786, -000.061321, -000.116028, -000.940851, -000.318334, 0000.185294, 0000.148429, 0000.300476, -000.942169, 0000.910121,   051,  1,  0000.782087, -000.525974, 0000.334203, 0000.005029, -000.367278, 0000.044206, 0000.929060, -000.039969, -000.503435, -000.849351, -000.158606, 0000.582987,   073,  1,  -000.560578, -000.797044, 0000.224661, 0000.104548, -000.350497, 0000.474166, 0000.807662, 0000.061376, -000.750269, 0000.374015, -000.545169, 0000.864790,   080,  1,  0000.735182, -000.550503, 0000.395543, -000.165106, -000.633488, -000.765622, 0000.111877, 0000.026252, 0000.241248, -000.332821, -000.911608, 0000.803079,   087,  1,  0000.644976, 0000.764121, -000.011158, 0000.093278, 0000.181325, -000.138835, 0000.973574, -000.014786, 0000.742379, -000.629955, -000.228099, 0000.697346, 
0000000027, 1570660214.202285924,   019,  1,  0000.982078, -000.156850, 0000.104506, -000.061352, -000.116363, -000.940765, -000.318468, 0000.185414, 0000.148267, 0000.300599, -000.942155, 0000.910749,   051,  1,  0000.782221, -000.525727, 0000.334278, 0000.005021, -000.367293, 0000.044239, 0000.929053, -000.040112, -000.503216, -000.849502, -000.158491, 0000.583006,   073,  1,  -000.560636, -000.797039, 0000.224536, 0000.104559, -000.350582, 0000.474124, 0000.807650, 0000.061302, -000.750186, 0000.374079, -000.545238, 0000.864845,   080,  1,  0000.734943, -000.550818, 0000.395548, -000.165108, -000.633766, -000.765420, 0000.111680, 0000.026251, 0000.241245, -000.332763, -000.911630, 0000.803112,   087,  1,  0000.645033, 0000.764073, -000.011195, 0000.093280, 0000.181345, -000.138827, 0000.973571, -000.014855, 0000.742325, -000.630016, -000.228109, 0000.697374, 
0000000028, 1570660214.213521885,   019,  2,  0000.982134, -000.156418, 0000.104626, -000.061337, -000.115943, -000.940884, -000.318268, 0000.185395, 0000.148224, 0000.300451, -000.942209, 0000.910651,   051,  1,  0000.782403, -000.525415, 0000.334343, 0000.005022, -000.367321, 0000.044204, 0000.929043, -000.040202, -000.502912, -000.849697, -000.158411, 0000.583033,   073,  1,  -000.560451, -000.797148, 0000.224610, 0000.104561, -000.350489, 0000.474016, 0000.807754, 0000.061351, -000.750368, 0000.373983, -000.545054, 0000.864834,   080,  1,  0000.734825, -000.550801, 0000.395790, -000.165037, -000.633797, -000.765419, 0000.111516, 0000.026242, 0000.241522, -000.332795, -000.911545, 0000.802808,   087,  1,  0000.644947, 0000.764144, -000.011242, 0000.093299, 0000.181401, -000.138782, 0000.973567, -000.014977, 0000.742386, -000.629939, -000.228124, 0000.697416, 
0000000029, 1570660214.224757838,   019,  1,  0000.982190, -000.155986, 0000.104747, -000.061323, -000.115524, -000.941003, -000.318069, 0000.185377, 0000.148181, 0000.300303, -000.942263, 0000.910553,   051,  1,  0000.782196, -000.525780, 0000.334253, 0000.005035, -000.367339, 0000.044131, 0000.929040, -000.040129, -000.503221, -000.849475, -000.158620, 0000.583040,   073,  1,  -000.560270, -000.797221, 0000.224801, 0000.104591, -000.350224, 0000.473945, 0000.807911, 0000.061134, -000.750627, 0000.373918, -000.544743, 0000.864979,   080,  1,  0000.734977, -000.550602, 0000.395785, -000.165107, -000.633608, -000.765563, 0000.111593, 0000.026248, 0000.241555, -000.332791, -000.911538, 0000.803168,   087,  1,  0000.645068, 0000.764043, -000.011204, 0000.093297, 0000.181297, -000.138789, 0000.973586, -000.014928, 0000.742306, -000.630060, -000.228047, 0000.697417, 
0000000030, 1570660214.235993749,   019,  1,  0000.982036, -000.157150, 0000.104443, -000.061309, -000.116678, -000.940745, -000.318411, 0000.185325, 0000.148292, 0000.300505, -000.942182, 0000.910380,   051,  1,  0000.782364, -000.525476, 0000.334338, 0000.005038, -000.367286, 0000.044277, 0000.929054, -000.040045, -000.502999, -000.849656, -000.158359, 0000.583044,   073,  1,  -000.560371, -000.797138, 0000.224847, 0000.104570, -000.350042, 0000.473975, 0000.807972, 0000.061385, -000.750637, 0000.374058, -000.544633, 0000.864856,   080,  1,  0000.734863, -000.550705, 0000.395854, -000.165094, -000.633734, -000.765464, 0000.111564, 0000.026238, 0000.241573, -000.332851, -000.911511, 0000.803127,   087,  1,  0000.644919, 0000.764169, -000.011179, 0000.093300, 0000.181320, -000.138782, 0000.973582, -000.014868, 0000.742430, -000.629909, -000.228062, 0000.697417, 
0000000031, 1570660214.247229509,   019,  1,  0000.982243, -000.155586, 0000.104842, -000.061253, -000.115085, -000.940999, -000.318238, 0000.185217, 0000.148170, 0000.300521, -000.942196, 0000.909870,   051,  1,  0000.782166, -000.525699, 0000.334450, 0000.005051, -000.367503, 0000.044218, 0000.928971, -000.039920, -000.503147, -000.849521, -000.158610, 0000.583039,   073,  1,  -000.560307, -000.797154, 0000.224949, 0000.104586, -000.349963, 0000.473992, 0000.807996, 0000.061328, -000.750721, 0000.374002, -000.544555, 0000.864902,   080,  1,  0000.734901, -000.550713, 0000.395773, -000.165028, -000.633694, -000.765507, 0000.111498, 0000.026211, 0000.241564, -000.332739, -000.911555, 0000.802868,   087,  1,  0000.644908, 0000.764177, -000.011267, 0000.093314, 0000.181343, -000.138685, 0000.973592, -000.014993, 0000.742434, -000.629920, -000.228017, 0000.697462, 
0000000032, 1570660214.258466282,   019,  1,  0000.982205, -000.155887, 0000.104749, -000.061305, -000.115370, -000.940895, -000.318443, 0000.185357, 0000.148199, 0000.300692, -000.942137, 0000.910615,   051,  1,  0000.782511, -000.525261, 0000.334332, 0000.005033, -000.367346, 0000.044082, 0000.929039, -000.040427, -000.502726, -000.849799, -000.158458, 0000.583098,   073,  1,  -000.560314, -000.797156, 0000.224925, 0000.104603, -000.350004, 0000.473993, 0000.807978, 0000.061260, -000.750697, 0000.373996, -000.544592, 0000.864964,   080,  1,  0000.734631, -000.550913, 0000.395995, -000.165029, -000.633971, -000.765286, 0000.111438, 0000.026206, 0000.241657, -000.332915, -000.911466, 0000.802885,   087,  1,  0000.645051, 0000.764057, -000.011205, 0000.093328, 0000.181266, -000.138755, 0000.973596, -000.015051, 0000.742328, -000.630051, -000.228002, 0000.697489, 
0000000033, 1570660214.269701674,   019,  1,  0000.982052, -000.156678, 0000.105005, -000.061245, -000.116052, -000.940817, -000.318427, 0000.185169, 0000.148681, 0000.300525, -000.942114, 0000.909772,   051,  1,  0000.782163, -000.525825, 0000.334260, 0000.005058, -000.367335, 0000.044170, 0000.929039, -000.040009, -000.503276, -000.849445, -000.158606, 0000.583079,   073,  1,  -000.560310, -000.797166, 0000.224900, 0000.104605, -000.350003, 0000.473964, 0000.807995, 0000.061253, -000.750700, 0000.374012, -000.544577, 0000.864986,   080,  1,  0000.734705, -000.550837, 0000.395964, -000.165081, -000.633882, -000.765358, 0000.111447, 0000.026208, 0000.241666, -000.332875, -000.911478, 0000.803186,   087,  1,  0000.645021, 0000.764082, -000.011269, 0000.093324, 0000.181354, -000.138737, 0000.973583, -000.014955, 0000.742333, -000.630025, -000.228057, 0000.697482, 
0000000034, 1570660214.280937768,   019,  1,  0000.982104, -000.156468, 0000.104827, -000.061278, -000.115944, -000.940914, -000.318178, 0000.185299, 0000.148418, 0000.300330, -000.942218, 0000.910425,   051,  1,  0000.782269, -000.525637, 0000.334307, 0000.005044, -000.367329, 0000.044202, 0000.929040, -000.040329, -000.503115, -000.849560, -000.158504, 0000.583120,   073,  1,  -000.560198, -000.797246, 0000.224894, 0000.104605, -000.350010, 0000.473879, 0000.808042, 0000.061267, -000.750781, 0000.373948, -000.544510, 0000.864990,   080,  1,  0000.734528, -000.551000, 0000.396066, -000.165102, -000.634077, -000.765204, 0000.111395, 0000.026208, 0000.241692, -000.332959, -000.911440, 0000.803257,   087,  1,  0000.644951, 0000.764143, -000.011154, 0000.093324, 0000.181268, -000.138782, 0000.973592, -000.014904, 0000.742415, -000.629941, -000.228022, 0000.697481, 
0000000035, 1570660214.292173435,   019,  1,  0000.982036, -000.156849, 0000.104899, -000.061239, -000.116236, -000.940769, -000.318500, 0000.185174, 0000.148642, 0000.300585, -000.942101, 0000.909872,   051,  1,  0000.782188, -000.525759, 0000.334303, 0000.005073, -000.367414, 0000.044097, 0000.929011, -000.039855, -000.503178, -000.849490, -000.158679, 0000.583094,   073,  1,  -000.560527, -000.797045, 0000.224784, 0000.104615, -000.349928, 0000.473970, 0000.808024, 0000.061188, -000.750573, 0000.374261, -000.544582, 0000.865053,   080,  1,  0000.734754, -000.550799, 0000.395925, -000.165112, -000.633836, -000.765392, 0000.111476, 0000.026198, 0000.241637, -000.332859, -000.911491, 0000.803364,   087,  1,  0000.645060, 0000.764051, -000.011099, 0000.093322, 0000.181202, -000.138839, 0000.973596, -000.014828, 0000.742336, -000.630039, -000.228007, 0000.697479, 
0000000036, 1570660214.303409790,   019,  1,  0000.982065, -000.156727, 0000.104811, -000.061316, -000.116154, -000.940795, -000.318453, 0000.185385, 0000.148516, 0000.300567, -000.942127, 0000.910869,   051,  1,  0000.782357, -000.525505, 0000.334309, 0000.005082, -000.367397, 0000.044042, 0000.929021, -000.039866, -000.502929, -000.849650, -000.158613, 0000.583106,   073,  1,  -000.560473, -000.797094, 0000.224746, 0000.104608, -000.350005, 0000.473929, 0000.808015, 0000.061237, -000.750577, 0000.374208, -000.544612, 0000.865041,   080,  1,  0000.734962, -000.550451, 0000.396024, -000.165051, -000.633562, -000.765590, 0000.111670, 0000.026192, 0000.241723, -000.332979, -000.911425, 0000.803090,   087,  1,  0000.645086, 0000.764027, -000.011239, 0000.093334, 0000.181302, -000.138756, 0000.973589, -000.014886, 0000.742289, -000.630087, -000.228029, 0000.697508, 
0000000037, 1570660214.314645495,   019,  1,  0000.982107, -000.156452, 0000.104823, -000.061298, -000.115904, -000.940864, -000.318341, 0000.185324, 0000.148429, 0000.300496, -000.942163, 0000.910584,   051,  1,  0000.782172, -000.525707, 0000.334425, 0000.005086, -000.367432, 0000.044291, 0000.928995, -000.039925, -000.503191, -000.849512, -000.158519, 0000.583124,   073,  1,  -000.560341, -000.797167, 0000.224818, 0000.104602, -000.349938, 0000.473872, 0000.808077, 0000.061278, -000.750707, 0000.374126, -000.544489, 0000.865032,   080,  1,  0000.734908, -000.550512, 0000.396038, -000.165039, -000.633641, -000.765521, 0000.111704, 0000.026190, 0000.241681, -000.333038, -000.911414, 0000.803040,   087,  1,  0000.645081, 0000.764033, -000.011171, 0000.093335, 0000.181270, -000.138813, 0000.973587, -000.014847, 0000.742302, -000.630068, -000.228042, 0000.697517, 
0000000038, 1570660214.325881299,   019,  1,  0000.982041, -000.156782, 0000.104956, -000.061285, -000.116146, -000.940763, -000.318552, 0000.185267, 0000.148682, 0000.300641, -000.942077, 0000.910290,   051,  1,  0000.782644, -000.525137, 0000.334215, 0000.005096, -000.367205, 0000.044041, 0000.929097, -000.039943, -000.502622, -000.849877, -000.158365, 0000.583143,   073,  1,  -000.560319, -000.797187, 0000.224799, 0000.104593, -000.350029, 0000.473882, 0000.808032, 0000.061357, -000.750681, 0000.374070, -000.544564, 0000.865006,   080,  1,  0000.734585, -000.550876, 0000.396132, -000.165089, -000.634006, -000.765245, 0000.111518, 0000.026198, 0000.241705, -000.333070, -000.911396, 0000.803304,   087,  1,  0000.644849, 0000.764228, -000.011241, 0000.093346, 0000.181350, -000.138701, 0000.973588, -000.014867, 0000.742484, -000.629856, -000.228034, 0000.697540, 
0000000039, 1570660214.337117376,   019,  2,  0000.982026, -000.156948, 0000.104839, -000.061304, -000.116347, -000.940749, -000.318521, 0000.185295, 0000.148619, 0000.300598, -000.942100, 0000.910446,   051,  1,  0000.782542, -000.525332, 0000.334147, 0000.005105, -000.367181, 0000.044018, 0000.929107, -000.039925, -000.502798, -000.849758, -000.158446, 0000.583162,   073,  1,  -000.560383, -000.797131, 0000.224842, 0000.104589, -000.350005, 0000.473960, 0000.807996, 0000.061338, -000.750645, 0000.374091, -000.544599, 0000.865044,   080,  1,  0000.734802, -000.550629, 0000.396073, -000.165072, -000.633759, -000.765432, 0000.111641, 0000.026195, 0000.241694, -000.333049, -000.911407, 0000.803250,   087,  1,  0000.644975, 0000.764123, -000.011137, 0000.093351, 0000.181273, -000.138818, 0000.973586, -000.014879, 0000.742393, -000.629957, -000.228049, 0000.697565, 
0000000040, 1570660214.348353468,   019,  2,  0000.982012, -000.157115, 0000.104723, -000.061322, -000.116547, -000.940734, -000.318490, 0000.185324, 0000.148556, 0000.300556, -000.942124, 0000.910601,   051,  1,  0000.782551, -000.525394, 0000.334030, 0000.005129, -000.367145, 0000.043867, 0000.929129, -000.039681, -000.502811, -000.849728, -000.158567, 0000.583152,   073,  1,  -000.560388, -000.797162, 0000.224718, 0000.104572, -000.350058, 0000.473865, 0000.808029, 0000.061448, -000.750616, 0000.374146, -000.544602, 0000.865004,   080,  1,  0000.734753, -000.550525, 0000.396308, -000.165047, -000.633771, -000.765404, 0000.111759, 0000.026194, 0000.241810, -000.333284, -000.911290, 0000.803124,   087,  1,  0000.644852, 0000.764226, -000.011129, 0000.093360, 0000.181279, -000.138785, 0000.973589, -000.014892, 0000.742498, -000.629839, -000.228035, 0000.697587, 
0000000041, 1570660214.359589429,   019,  1,  0000.981998, -000.157282, 0000.104606, -000.061341, -000.116747, -000.940720, -000.318459, 0000.185352, 0000.148492, 0000.300513, -000.942147, 0000.910757,   051,  1,  0000.782565, -000.525352, 0000.334061, 0000.005115, -000.367095, 0000.043998, 0000.929142, -000.040059, -000.502825, -000.849747, -000.158422, 0000.583206,   073,  1,  -000.560176, -000.797314, 0000.224707, 0000.104557, -000.350017, 0000.473678, 0000.808157, 0000.061517, -000.750794, 0000.374059, -000.544416, 0000.864997,   080,  1,  0000.734765, -000.550465, 0000.396368, -000.165047, -000.633754, -000.765407, 0000.111841, 0000.026195, 0000.241818, -000.333377, -000.911254, 0000.803155,   087,  1,  0000.644919, 0000.764169, -000.011169, 0000.093370, 0000.181304, -000.138782, 0000.973585, -000.014935, 0000.742434, -000.629909, -000.228051, 0000.697625, 
0000000042, 1570660214.370825390,   019,  1,  0000.982115, -000.156129, 0000.105231, -000.061343, -000.115452, -000.940880, -000.318459, 0000.185328, 0000.148731, 0000.300614, -000.942078, 0000.910648,   051,  1,  0000.782444, -000.525536, 0000.334056, 0000.005140, -000.367170, 0000.043930, 0000.929116, -000.039880, -000.502959, -000.849637, -000.158588, 0000.583203,   073,  1,  -000.559917, -000.797478, 0000.224770, 0000.104563, -000.349947, 0000.473516, 0000.808282, 0000.061459, -000.751019, 0000.373913, -000.544205, 0000.865056,   080,  1,  0000.734791, -000.550312, 0000.396534, -000.165049, -000.633693, -000.765437, 0000.111976, 0000.026192, 0000.241900, -000.333560, -000.911165, 0000.803169,   087,  1,  0000.644802, 0000.764268, -000.011130, 0000.093368, 0000.181317, -000.138796, 0000.973581, -000.014815, 0000.742532, -000.629785, -000.228071, 0000.697609, 
0000000043, 1570660214.382061139,   019,  1,  0000.981998, -000.157072, 0000.104918, -000.061273, -000.116462, -000.940778, -000.318392, 0000.185160, 0000.148715, 0000.300441, -000.942135, 0000.909820,   051,  1,  0000.782658, -000.525181, 0000.334113, 0000.005145, -000.367088, 0000.044050, 0000.929143, -000.039969, -000.502686, -000.849850, -000.158312, 0000.583232,   073,  1,  -000.559891, -000.797459, 0000.224902, 0000.104580, -000.349893, 0000.473604, 0000.808254, 0000.061278, -000.751064, 0000.373842, -000.544192, 0000.865189,   080,  1,  0000.734510, -000.550581, 0000.396680, -000.165020, -000.633963, -000.765250, 0000.111727, 0000.026191, 0000.242045, -000.333545, -000.911132, 0000.803029,   087,  1,  0000.644840, 0000.764237, -000.011109, 0000.093365, 0000.181298, -000.138822, 0000.973581, -000.014778, 0000.742504, -000.629818, -000.228073, 0000.697625, 
