% Measurements merged on 02/04/21 14:29:21 Central Standard Time
% Original files:
%    1: C:\Users\Dewald Lab\Documents\GitHub\TrunkArmCoordinationStudy2021\TestDataMetriaFeb42021_Mocap_Probe\MoCap\Trial_Table_Close_testproben_00000001_Series2s24.hts  (Series2s24)
%    2: C:\Users\Dewald Lab\Documents\GitHub\TrunkArmCoordinationStudy2021\TestDataMetriaFeb42021_Mocap_Probe\MoCap\Trial_Table_Close_testproben_00000001_Series2s25.hts  (Series2s25)
% Merge host: DESKTOP-6PEM1E2
% System: MERGED
% nSharedImages: 100
%
% Interpolated markers have status set to 2
%
% EMB001 (Marker properties) Series:2031, ID:019, Size:35, Thickness:001.846, tPu:[+000.000 +000.000 +000.000]
% EMB001 (Marker properties) Series:2032, ID:073, Size:44, Thickness:002.200, tPu:[+000.000 +000.000 +000.000]
% EMB001 (Marker properties) Series:2032, ID:080, Size:44, Thickness:002.203, tPu:[+000.000 +000.000 +000.000]
% EMB001 (Marker properties) Series:2032, ID:087, Size:44, Thickness:002.251, tPu:[+000.000 +000.000 +000.000]
% EMB001 (Marker properties) Series:2998, ID:009, Size:41, Thickness:001.885, tPu:[+000.584 +172.168 -006.889]
% EMB001 (Marker properties) Series:2998, ID:011, Size:41, Thickness:001.874, tPu:[+000.141 +126.202 -006.491]
%
% ImageNumber,             FrameTime,           Marker,  ST, HT(1, 1),    HT(1, 2),    HT(1, 3),    HT(1, 4),    HT(2, 1),    HT(2, 2),    HT(2, 3),    HT(2, 4),    HT(3, 1),    HT(3, 2),    HT(3, 3),    HT(3, 4)
%
0000000000, 1612471209.844482968,   009,  1,  -000.003621, 0000.987935, -000.154826, -000.040224, 0000.542873, 0000.131967, 0000.829382, -000.012183, 0000.839807, -000.081048, -000.536801, 0000.665190,   011,  1,  -000.160443, 0000.957945, -000.237907, 0000.000374, 0000.497098, 0000.286652, 0000.818978, -000.054233, 0000.852732, 0000.013136, -000.522184, 0000.631528,   019,  1,  0000.606046, 0000.780984, -000.150908, 0000.153728, 0000.702852, -000.436954, 0000.561311, -000.006976, 0000.372435, -000.446246, -000.813730, 0000.741630,   073,  1,  -000.353513, 0000.933869, -000.054010, 0000.000846, 0000.728003, 0000.310921, 0000.611016, -000.034025, 0000.587402, 0000.176683, -000.789774, 0000.733424,   080,  1,  0000.662486, -000.749067, 0000.003345, -000.039754, -000.612519, -000.539140, 0000.578056, 0000.013016, -000.431199, -000.385003, -000.815991, 0000.768437,   087,  1,  0000.201628, 0000.978545, -000.042387, 0000.071133, 0000.772529, -000.132277, 0000.621049, -000.049059, 0000.602117, -000.157966, -000.782625, 0000.716518, 
0000000001, 1612471209.855594323,   009,  1,  -000.003778, 0000.987937, -000.154808, -000.040223, 0000.543082, 0000.132016, 0000.829237, -000.012155, 0000.839671, -000.080941, -000.537030, 0000.665151,   011,  1,  -000.160494, 0000.957897, -000.238065, 0000.000374, 0000.497158, 0000.286815, 0000.818884, -000.054202, 0000.852687, 0000.013070, -000.522259, 0000.631505,   019,  1,  0000.606327, 0000.780852, -000.150460, 0000.153766, 0000.702428, -000.437210, 0000.561643, -000.006958, 0000.372778, -000.446226, -000.813584, 0000.741805,   073,  1,  -000.353562, 0000.933850, -000.054024, 0000.000842, 0000.727938, 0000.310954, 0000.611076, -000.034001, 0000.587452, 0000.176728, -000.789726, 0000.733318,   080,  1,  0000.662285, -000.749244, 0000.003469, -000.039771, -000.612732, -000.538940, 0000.578017, 0000.013037, -000.431206, -000.384938, -000.816017, 0000.768614,   087,  1,  0000.201642, 0000.978536, -000.042512, 0000.071149, 0000.772647, -000.132240, 0000.620910, -000.049056, 0000.601961, -000.158048, -000.782728, 0000.716744, 
0000000002, 1612471209.866705427,   009,  1,  -000.003658, 0000.987928, -000.154871, -000.040222, 0000.542720, 0000.132040, 0000.829470, -000.012120, 0000.839906, -000.081017, -000.536651, 0000.665202,   011,  1,  -000.160483, 0000.957912, -000.238013, 0000.000375, 0000.497130, 0000.286764, 0000.818919, -000.054167, 0000.852706, 0000.013099, -000.522227, 0000.631510,   019,  1,  0000.605688, 0000.781253, -000.150950, 0000.153712, 0000.703011, -000.436553, 0000.561425, -000.006941, 0000.372717, -000.446168, -000.813644, 0000.741576,   073,  1,  -000.353687, 0000.933794, -000.054170, 0000.000839, 0000.727941, 0000.311160, 0000.610967, -000.033997, 0000.587373, 0000.176659, -000.789800, 0000.733540,   080,  1,  0000.662450, -000.749098, 0000.003448, -000.039758, -000.612607, -000.539087, 0000.578012, 0000.013048, -000.431129, -000.385016, -000.816021, 0000.768234,   087,  1,  0000.201506, 0000.978561, -000.042588, 0000.071144, 0000.772684, -000.132089, 0000.620896, -000.049042, 0000.601959, -000.158021, -000.782735, 0000.716714, 
0000000003, 1612471209.877819423,   009,  1,  -000.003516, 0000.987955, -000.154704, -000.040212, 0000.542870, 0000.131809, 0000.829409, -000.012089, 0000.839810, -000.081067, -000.536794, 0000.664992,   011,  1,  -000.160471, 0000.957948, -000.237876, 0000.000375, 0000.497201, 0000.286641, 0000.818919, -000.054148, 0000.852667, 0000.013140, -000.522290, 0000.631577,   019,  1,  0000.605965, 0000.781064, -000.150819, 0000.153733, 0000.702773, -000.436796, 0000.561533, -000.006943, 0000.372716, -000.446261, -000.813593, 0000.741654,   073,  1,  -000.353484, 0000.933885, -000.053931, 0000.000838, 0000.728050, 0000.310858, 0000.610991, -000.033992, 0000.587360, 0000.176711, -000.789798, 0000.733414,   080,  1,  0000.662441, -000.749106, 0000.003449, -000.039768, -000.612618, -000.539081, 0000.578006, 0000.013047, -000.431129, -000.385008, -000.816025, 0000.768484,   087,  1,  0000.201734, 0000.978525, -000.042338, 0000.071134, 0000.772607, -000.132416, 0000.620923, -000.049041, 0000.601982, -000.157972, -000.782728, 0000.716659, 
0000000004, 1612471209.888927776,   009,  1,  -000.003580, 0000.987904, -000.155028, -000.040228, 0000.542907, 0000.132112, 0000.829336, -000.012091, 0000.839785, -000.081197, -000.536813, 0000.665222,   011,  1,  -000.160598, 0000.957888, -000.238032, 0000.000374, 0000.497259, 0000.286842, 0000.818813, -000.054120, 0000.852609, 0000.013137, -000.522384, 0000.631292,   019,  1,  0000.605662, 0000.781238, -000.151133, 0000.153706, 0000.703084, -000.436468, 0000.561398, -000.006959, 0000.372621, -000.446276, -000.813628, 0000.741554,   073,  1,  -000.353571, 0000.933850, -000.053958, 0000.000841, 0000.727983, 0000.310932, 0000.611033, -000.034007, 0000.587391, 0000.176763, -000.789764, 0000.733390,   080,  1,  0000.662568, -000.748995, 0000.003256, -000.039766, -000.612384, -000.539208, 0000.578135, 0000.013031, -000.431265, -000.385048, -000.815934, 0000.768491,   087,  1,  0000.201491, 0000.978568, -000.042492, 0000.071137, 0000.772649, -000.132129, 0000.620931, -000.049051, 0000.602009, -000.157943, -000.782713, 0000.716671, 
0000000005, 1612471209.900038480,   009,  1,  -000.003493, 0000.987967, -000.154627, -000.040210, 0000.543096, 0000.131710, 0000.829276, -000.012103, 0000.839663, -000.081081, -000.537021, 0000.665004,   011,  1,  -000.160643, 0000.957858, -000.238122, 0000.000373, 0000.497248, 0000.286942, 0000.818785, -000.054155, 0000.852607, 0000.013126, -000.522388, 0000.631453,   019,  1,  0000.606211, 0000.780925, -000.150548, 0000.153747, 0000.702629, -000.437205, 0000.561395, -000.006964, 0000.372587, -000.446103, -000.813739, 0000.741690,   073,  1,  -000.353621, 0000.933827, -000.054035, 0000.000840, 0000.727910, 0000.311004, 0000.611084, -000.034014, 0000.587452, 0000.176760, -000.789719, 0000.733368,   080,  1,  0000.662548, -000.749012, 0000.003279, -000.039755, -000.612487, -000.539253, 0000.577984, 0000.013023, -000.431149, -000.384950, -000.816042, 0000.768264,   087,  1,  0000.201675, 0000.978536, -000.042366, 0000.071139, 0000.772641, -000.132359, 0000.620892, -000.049059, 0000.601958, -000.157952, -000.782750, 0000.716615, 
0000000006, 1612471209.911150553,   009,  1,  -000.003865, 0000.987907, -000.154998, -000.040216, 0000.542912, 0000.132239, 0000.829313, -000.012141, 0000.839781, -000.080945, -000.536858, 0000.665016,   011,  1,  -000.160687, 0000.957842, -000.238156, 0000.000378, 0000.497040, 0000.286991, 0000.818894, -000.054186, 0000.852720, 0000.013212, -000.522202, 0000.631419,   019,  1,  0000.605995, 0000.781031, -000.150865, 0000.153740, 0000.702897, -000.436959, 0000.561251, -000.006961, 0000.372433, -000.446158, -000.813779, 0000.741704,   073,  1,  -000.353483, 0000.933887, -000.053904, 0000.000841, 0000.728092, 0000.310852, 0000.610945, -000.034010, 0000.587309, 0000.176712, -000.789836, 0000.733431,   080,  1,  0000.662544, -000.749015, 0000.003393, -000.039757, -000.612501, -000.539171, 0000.578046, 0000.013026, -000.431136, -000.385059, -000.815997, 0000.768315,   087,  1,  0000.201468, 0000.978577, -000.042407, 0000.071131, 0000.772687, -000.132174, 0000.620875, -000.049047, 0000.601968, -000.157853, -000.782762, 0000.716587, 
0000000007, 1612471209.922261339,   009,  1,  -000.003756, 0000.987927, -000.154872, -000.040217, 0000.542963, 0000.132070, 0000.829306, -000.012176, 0000.839748, -000.080975, -000.536904, 0000.665143,   011,  1,  -000.160424, 0000.957980, -000.237778, 0000.000375, 0000.497084, 0000.286531, 0000.819028, -000.054205, 0000.852744, 0000.013196, -000.522163, 0000.631277,   019,  1,  0000.605710, 0000.781177, -000.151252, 0000.153779, 0000.703084, -000.436459, 0000.561405, -000.006954, 0000.372542, -000.446392, -000.813601, 0000.741918,   073,  1,  -000.353639, 0000.933825, -000.053951, 0000.000837, 0000.727984, 0000.310988, 0000.611004, -000.034008, 0000.587349, 0000.176799, -000.789787, 0000.733494,   080,  1,  0000.662480, -000.749072, 0000.003347, -000.039760, -000.612559, -000.539164, 0000.577991, 0000.013034, -000.431152, -000.384958, -000.816036, 0000.768279,   087,  1,  0000.201533, 0000.978560, -000.042489, 0000.071144, 0000.772680, -000.132174, 0000.620883, -000.049055, 0000.601955, -000.157959, -000.782751, 0000.716710, 
0000000008, 1612471209.933372052,   009,  1,  -000.481938, 0000.814791, -000.322261, 0000.023776, 0000.393477, 0000.529875, 0000.751272, 0000.031580, 0000.782887, 0000.235264, -000.575968, 0000.768584,   011,  1,  -000.160499, 0000.957878, -000.238139, 0000.000374, 0000.497064, 0000.286879, 0000.818919, -000.054233, 0000.852741, 0000.013065, -000.522170, 0000.631360,   019,  1,  0000.605754, 0000.781181, -000.151057, 0000.153702, 0000.703042, -000.436616, 0000.561336, -000.006962, 0000.372551, -000.446231, -000.813685, 0000.741540,   073,  1,  -000.353703, 0000.933799, -000.053973, 0000.000836, 0000.727943, 0000.311046, 0000.611023, -000.034009, 0000.587361, 0000.176831, -000.789771, 0000.733386,   080,  1,  0000.662426, -000.749120, 0000.003370, -000.039756, -000.612586, -000.539092, 0000.578030, 0000.013027, -000.431197, -000.384966, -000.816009, 0000.768327,   087,  1,  0000.201366, 0000.978593, -000.042512, 0000.071135, 0000.772649, -000.132013, 0000.620956, -000.049058, 0000.602051, -000.157886, -000.782692, 0000.716636, 
0000000009, 1612471209.944483014,   009,  1,  -000.481739, 0000.815201, -000.321521, 0000.023798, 0000.394162, 0000.529263, 0000.751343, 0000.031588, 0000.782665, 0000.235220, -000.576288, 0000.768933,   011,  1,  -000.601171, 0000.695881, -000.392865, 0000.085864, 0000.287080, 0000.646869, 0000.706502, 0000.013586, 0000.745774, 0000.311945, -000.588652, 0000.750222,   019,  1,  0000.605751, 0000.781195, -000.150999, 0000.153758, 0000.702992, -000.436593, 0000.561417, -000.006977, 0000.372651, -000.446230, -000.813640, 0000.741834,   073,  1,  -000.353562, 0000.933857, -000.053905, 0000.000842, 0000.727992, 0000.310892, 0000.611043, -000.034022, 0000.587385, 0000.176799, -000.789760, 0000.733417,   080,  1,  0000.662361, -000.749177, 0000.003515, -000.039750, -000.612657, -000.538948, 0000.578088, 0000.013015, -000.431196, -000.385057, -000.815967, 0000.768249,   087,  1,  0000.201573, 0000.978551, -000.042499, 0000.071130, 0000.772632, -000.132188, 0000.620940, -000.049061, 0000.602004, -000.158001, -000.782705, 0000.716547, 
0000000010, 1612471209.955594284,   009,  1,  -000.003474, 0000.987958, -000.154685, -000.040229, 0000.543104, 0000.131748, 0000.829265, -000.012176, 0000.839658, -000.081129, -000.537021, 0000.665194,   011,  1,  -000.160485, 0000.957898, -000.238067, 0000.000374, 0000.497127, 0000.286811, 0000.818904, -000.054202, 0000.852707, 0000.013072, -000.522226, 0000.631280,   019,  1,  0000.606099, 0000.780950, -000.150866, 0000.153848, 0000.702785, -000.436988, 0000.561369, -000.006981, 0000.372474, -000.446271, -000.813698, 0000.742219,   073,  1,  -000.353586, 0000.933845, -000.053948, 0000.000842, 0000.727979, 0000.310938, 0000.611035, -000.034020, 0000.587387, 0000.176781, -000.789763, 0000.733368,   080,  1,  0000.662497, -000.749057, 0000.003416, -000.039749, -000.612537, -000.539117, 0000.578059, 0000.013014, -000.431158, -000.385054, -000.815988, 0000.768241,   087,  1,  0000.201722, 0000.978524, -000.042425, 0000.071146, 0000.772659, -000.132365, 0000.620869, -000.049072, 0000.601919, -000.158023, -000.782766, 0000.716716, 
0000000011, 1612471209.966705618,   009,  1,  -000.003634, 0000.987931, -000.154855, -000.040203, 0000.542889, 0000.131997, 0000.829366, -000.012134, 0000.839797, -000.081056, -000.536816, 0000.664868,   011,  1,  -000.160602, 0000.957902, -000.237974, 0000.000374, 0000.497100, 0000.286792, 0000.818927, -000.054189, 0000.852701, 0000.013225, -000.522232, 0000.631487,   019,  1,  0000.605863, 0000.781138, -000.150841, 0000.153747, 0000.702887, -000.436757, 0000.561421, -000.006955, 0000.372666, -000.446169, -000.813667, 0000.741720,   073,  1,  -000.353572, 0000.933851, -000.053933, 0000.000840, 0000.727974, 0000.310914, 0000.611053, -000.034010, 0000.587401, 0000.176790, -000.789750, 0000.733420,   080,  1,  0000.662215, -000.749305, 0000.003615, -000.039762, -000.612812, -000.538798, 0000.578065, 0000.013032, -000.431199, -000.385018, -000.815983, 0000.768453,   087,  1,  0000.201530, 0000.978563, -000.042424, 0000.071144, 0000.772644, -000.132203, 0000.620922, -000.049057, 0000.602002, -000.157913, -000.782724, 0000.716701, 
0000000012, 1612471209.977816296,   009,  1,  -000.003575, 0000.987901, -000.155042, -000.040209, 0000.542766, 0000.132135, 0000.829425, -000.012103, 0000.839876, -000.081186, -000.536672, 0000.664877,   011,  1,  -000.160411, 0000.958003, -000.237693, 0000.000376, 0000.497226, 0000.286454, 0000.818969, -000.054160, 0000.852663, 0000.013185, -000.522295, 0000.631504,   019,  1,  0000.605930, 0000.781086, -000.150842, 0000.153730, 0000.702898, -000.436876, 0000.561315, -000.006940, 0000.372536, -000.446144, -000.813740, 0000.741651,   073,  1,  -000.353564, 0000.933853, -000.053952, 0000.000838, 0000.728012, 0000.310930, 0000.611000, -000.033981, 0000.587360, 0000.176750, -000.789790, 0000.733304,   080,  1,  0000.662590, -000.748975, 0000.003330, -000.039764, -000.612468, -000.539258, 0000.578000, 0000.013052, -000.431111, -000.385016, -000.816030, 0000.768423,   087,  1,  0000.201586, 0000.978551, -000.042448, 0000.071144, 0000.772612, -000.132226, 0000.620956, -000.049041, 0000.602025, -000.157972, -000.782695, 0000.716704, 
0000000013, 1612471209.988927801,   009,  1,  -000.003448, 0000.987931, -000.154858, -000.040212, 0000.542850, 0000.131904, 0000.829406, -000.012082, 0000.839822, -000.081205, -000.536753, 0000.664847,   011,  1,  -000.160549, 0000.957864, -000.238162, 0000.000374, 0000.497358, 0000.286929, 0000.818722, -000.054135, 0000.852560, 0000.012993, -000.522468, 0000.631452,   019,  1,  0000.605925, 0000.781105, -000.150763, 0000.153795, 0000.702901, -000.436928, 0000.561270, -000.006942, 0000.372538, -000.446059, -000.813785, 0000.741969,   073,  1,  -000.353579, 0000.933842, -000.054042, 0000.000837, 0000.727949, 0000.310983, 0000.611048, -000.033976, 0000.587429, 0000.176714, -000.789747, 0000.733169,   080,  1,  0000.662630, -000.748939, 0000.003249, -000.039757, -000.612408, -000.539326, 0000.578000, 0000.013048, -000.431135, -000.384990, -000.816030, 0000.768274,   087,  1,  0000.201495, 0000.978568, -000.042473, 0000.071123, 0000.772653, -000.132145, 0000.620923, -000.049024, 0000.602003, -000.157930, -000.782720, 0000.716513, 
0000000014, 1612471210.000038934,   009,  1,  -000.003727, 0000.987927, -000.154874, -000.040223, 0000.543068, 0000.132046, 0000.829241, -000.012089, 0000.839680, -000.081016, -000.537004, 0000.665178,   011,  1,  -000.160584, 0000.957927, -000.237883, 0000.000372, 0000.497274, 0000.286708, 0000.818851, -000.054152, 0000.852603, 0000.013201, -000.522393, 0000.631613,   019,  1,  0000.605853, 0000.781154, -000.150801, 0000.153727, 0000.702902, -000.436788, 0000.561378, -000.006956, 0000.372654, -000.446111, -000.813704, 0000.741619,   073,  1,  -000.353627, 0000.933825, -000.054027, 0000.000841, 0000.727946, 0000.311016, 0000.611035, -000.034004, 0000.587403, 0000.176750, -000.789758, 0000.733395,   080,  1,  0000.662508, -000.749048, 0000.003327, -000.039758, -000.612482, -000.539152, 0000.578084, 0000.013033, -000.431219, -000.385023, -000.815970, 0000.768317,   087,  1,  0000.201540, 0000.978563, -000.042388, 0000.071146, 0000.772622, -000.132228, 0000.620944, -000.049055, 0000.602028, -000.157894, -000.782708, 0000.716732, 
0000000015, 1612471210.011149599,   009,  1,  -000.003633, 0000.987895, -000.155082, -000.040227, 0000.542785, 0000.132198, 0000.829402, -000.012114, 0000.839864, -000.081163, -000.536695, 0000.665129,   011,  1,  -000.160726, 0000.957741, -000.238534, 0000.000365, 0000.497013, 0000.287335, 0000.818790, -000.054148, 0000.852728, 0000.013046, -000.522192, 0000.631302,   019,  1,  0000.606050, 0000.780983, -000.150895, 0000.153745, 0000.702866, -000.436987, 0000.561269, -000.006976, 0000.372402, -000.446216, -000.813762, 0000.741701,   073,  1,  -000.353481, 0000.933886, -000.053928, 0000.000838, 0000.728019, 0000.310844, 0000.611036, -000.034017, 0000.587401, 0000.176729, -000.789764, 0000.733360,   080,  1,  0000.662532, -000.749027, 0000.003305, -000.039768, -000.612431, -000.539159, 0000.578132, 0000.013024, -000.431254, -000.385054, -000.815937, 0000.768528,   087,  1,  0000.201708, 0000.978528, -000.042400, 0000.071154, 0000.772590, -000.132351, 0000.620957, -000.049077, 0000.602012, -000.158010, -000.782697, 0000.716841, 
0000000016, 1612471210.022261312,   009,  1,  -000.003671, 0000.987914, -000.154961, -000.040212, 0000.542688, 0000.132126, 0000.829477, -000.012143, 0000.839926, -000.081051, -000.536614, 0000.664824,   011,  1,  -000.160698, 0000.957841, -000.238154, 0000.000368, 0000.497181, 0000.286998, 0000.818806, -000.054196, 0000.852635, 0000.013175, -000.522340, 0000.631457,   019,  1,  0000.605833, 0000.781127, -000.151020, 0000.153714, 0000.702867, -000.436558, 0000.561601, -000.006968, 0000.372753, -000.446384, -000.813509, 0000.741579,   073,  1,  -000.353699, 0000.933791, -000.054136, 0000.000840, 0000.727916, 0000.311141, 0000.611006, -000.034027, 0000.587396, 0000.176706, -000.789772, 0000.733481,   080,  1,  0000.662589, -000.748976, 0000.003262, -000.039759, -000.612469, -000.539310, 0000.577950, 0000.013018, -000.431111, -000.384941, -000.816066, 0000.768336,   087,  1,  0000.201586, 0000.978547, -000.042524, 0000.071150, 0000.772614, -000.132178, 0000.620964, -000.049073, 0000.602022, -000.158032, -000.782685, 0000.716737, 
0000000017, 1612471210.033371944,   009,  1,  -000.003507, 0000.987935, -000.154827, -000.040232, 0000.542802, 0000.131915, 0000.829436, -000.012185, 0000.839853, -000.081131, -000.536716, 0000.665166,   011,  1,  -000.160511, 0000.957946, -000.237856, 0000.000375, 0000.497152, 0000.286644, 0000.818947, -000.054219, 0000.852687, 0000.013200, -000.522255, 0000.631337,   019,  1,  0000.605658, 0000.781261, -000.151028, 0000.153768, 0000.703097, -000.436554, 0000.561315, -000.006970, 0000.372602, -000.446152, -000.813705, 0000.741827,   073,  1,  -000.353621, 0000.933827, -000.054027, 0000.000840, 0000.728020, 0000.311032, 0000.610939, -000.034010, 0000.587316, 0000.176708, -000.789832, 0000.733368,   080,  1,  0000.662351, -000.749186, 0000.003467, -000.039749, -000.612679, -000.538991, 0000.578025, 0000.013026, -000.431180, -000.384980, -000.816012, 0000.768232,   087,  1,  0000.201619, 0000.978543, -000.042453, 0000.071137, 0000.772588, -000.132244, 0000.620983, -000.049053, 0000.602044, -000.158001, -000.782674, 0000.716607, 
0000000018, 1612471210.044483507,   009,  1,  -000.003611, 0000.987879, -000.155182, -000.040221, 0000.542946, 0000.132254, 0000.829288, -000.012200, 0000.839760, -000.081260, -000.536843, 0000.665108,   011,  1,  -000.160457, 0000.957935, -000.237938, 0000.000375, 0000.497181, 0000.286686, 0000.818915, -000.054233, 0000.852681, 0000.013103, -000.522268, 0000.631375,   019,  1,  0000.606019, 0000.781037, -000.150739, 0000.153740, 0000.702821, -000.436997, 0000.561317, -000.006950, 0000.372537, -000.446111, -000.813757, 0000.741685,   073,  1,  -000.353605, 0000.933840, -000.053914, 0000.000842, 0000.728037, 0000.310949, 0000.610961, -000.034006, 0000.587304, 0000.176788, -000.789823, 0000.733485,   080,  1,  0000.662583, -000.748981, 0000.003325, -000.039755, -000.612522, -000.539299, 0000.577905, 0000.013038, -000.431047, -000.384946, -000.816097, 0000.768344,   087,  1,  0000.201590, 0000.978551, -000.042415, 0000.071140, 0000.772683, -000.132268, 0000.620859, -000.049043, 0000.601932, -000.157932, -000.782774, 0000.716627, 
0000000019, 1612471210.055594362,   009,  1,  -000.003345, 0000.987958, -000.154689, -000.040217, 0000.542984, 0000.131694, 0000.829352, -000.012192, 0000.839736, -000.081219, -000.536886, 0000.665155,   011,  1,  -000.160737, 0000.957851, -000.238088, 0000.000376, 0000.497183, 0000.286961, 0000.818818, -000.054241, 0000.852627, 0000.013241, -000.522352, 0000.631515,   019,  1,  0000.605894, 0000.781091, -000.150963, 0000.153791, 0000.702929, -000.436768, 0000.561360, -000.006960, 0000.372537, -000.446241, -000.813686, 0000.741922,   073,  1,  -000.353546, 0000.933856, -000.054019, 0000.000843, 0000.727969, 0000.310946, 0000.611043, -000.033996, 0000.587423, 0000.176708, -000.789752, 0000.733304,   080,  1,  0000.662460, -000.749089, 0000.003454, -000.039759, -000.612623, -000.539110, 0000.577974, 0000.013035, -000.431092, -000.385001, -000.816048, 0000.768429,   087,  1,  0000.201571, 0000.978550, -000.042542, 0000.071143, 0000.772608, -000.132153, 0000.620977, -000.049049, 0000.602034, -000.158039, -000.782674, 0000.716628, 
0000000020, 1612471210.066705443,   009,  1,  -000.003471, 0000.987965, -000.154639, -000.040233, 0000.542808, 0000.131736, 0000.829461, -000.012168, 0000.839849, -000.081061, -000.536733, 0000.665206,   011,  1,  -000.160576, 0000.957876, -000.238096, 0000.000375, 0000.497055, 0000.286882, 0000.818923, -000.054209, 0000.852732, 0000.013153, -000.522183, 0000.631466,   019,  1,  0000.605884, 0000.781098, -000.150967, 0000.153727, 0000.702846, -000.436650, 0000.561556, -000.006966, 0000.372710, -000.446344, -000.813550, 0000.741631,   073,  1,  -000.353518, 0000.933870, -000.053964, 0000.000844, 0000.727949, 0000.310879, 0000.611101, -000.034014, 0000.587465, 0000.176752, -000.789711, 0000.733431,   080,  1,  0000.662589, -000.748976, 0000.003345, -000.039753, -000.612493, -000.539267, 0000.577965, 0000.013026, -000.431078, -000.385002, -000.816055, 0000.768394,   087,  1,  0000.201527, 0000.978567, -000.042341, 0000.071139, 0000.772579, -000.132236, 0000.620995, -000.049056, 0000.602087, -000.157859, -000.782670, 0000.716597, 
0000000021, 1612471210.077816546,   009,  1,  -000.003546, 0000.987984, -000.154517, -000.040216, 0000.542822, 0000.131673, 0000.829461, -000.012128, 0000.839840, -000.080934, -000.536766, 0000.665050,   011,  1,  -000.601123, 0000.696046, -000.392646, 0000.085944, 0000.287209, 0000.646662, 0000.706639, 0000.013600, 0000.745763, 0000.312005, -000.588634, 0000.750883,   019,  1,  0000.606001, 0000.781056, -000.150710, 0000.153700, 0000.702786, -000.436948, 0000.561399, -000.006962, 0000.372632, -000.446125, -000.813706, 0000.741456,   073,  1,  -000.353552, 0000.933859, -000.053933, 0000.000844, 0000.727953, 0000.310890, 0000.611091, -000.034012, 0000.587440, 0000.176792, -000.789721, 0000.733366,   080,  1,  0000.662421, -000.749124, 0000.003548, -000.039738, -000.612673, -000.539025, 0000.578000, 0000.013021, -000.431081, -000.385053, -000.816029, 0000.768126,   087,  1,  0000.201626, 0000.978544, -000.042420, 0000.071141, 0000.772616, -000.132278, 0000.620940, -000.049055, 0000.602006, -000.157972, -000.782709, 0000.716605, 
0000000022, 1612471210.088927445,   009,  1,  -000.003574, 0000.987948, -000.154747, -000.040227, 0000.543113, 0000.131853, 0000.829242, -000.012108, 0000.839652, -000.081081, -000.537039, 0000.665240,   011,  1,  -000.601067, 0000.696319, -000.392247, 0000.085921, 0000.287493, 0000.646332, 0000.706826, 0000.013610, 0000.745698, 0000.312082, -000.588676, 0000.750729,   019,  1,  0000.606096, 0000.780995, -000.150647, 0000.153726, 0000.702799, -000.437156, 0000.561220, -000.006955, 0000.372454, -000.446028, -000.813841, 0000.741623,   073,  1,  -000.353562, 0000.933854, -000.053943, 0000.000844, 0000.727990, 0000.310916, 0000.611034, -000.034002, 0000.587388, 0000.176769, -000.789764, 0000.733350,   080,  1,  0000.662573, -000.748990, 0000.003295, -000.039746, -000.612450, -000.539244, 0000.578032, 0000.013035, -000.431163, -000.385007, -000.816007, 0000.768191,   087,  1,  0000.201511, 0000.978561, -000.042564, 0000.071147, 0000.772680, -000.132108, 0000.620897, -000.049054, 0000.601962, -000.158006, -000.782736, 0000.716717, 
0000000023, 1612471210.100038687,   009,  1,  -000.003817, 0000.987871, -000.155231, -000.040216, 0000.542992, 0000.132401, 0000.829234, -000.012088, 0000.839729, -000.081124, -000.536911, 0000.665055,   011,  1,  -000.600923, 0000.696405, -000.392316, 0000.085937, 0000.287683, 0000.646365, 0000.706718, 0000.013622, 0000.745741, 0000.311821, -000.588760, 0000.750899,   019,  1,  0000.605835, 0000.781095, -000.151179, 0000.153831, 0000.703037, -000.436651, 0000.561316, -000.006949, 0000.372428, -000.446349, -000.813677, 0000.742111,   073,  1,  -000.353522, 0000.933869, -000.053960, 0000.000841, 0000.728054, 0000.310911, 0000.610960, -000.033998, 0000.587333, 0000.176702, -000.789821, 0000.733463,   080,  1,  0000.662524, -000.749033, 0000.003341, -000.039759, -000.612556, -000.539231, 0000.577932, 0000.013046, -000.431088, -000.384940, -000.816078, 0000.768283,   087,  1,  0000.201553, 0000.978556, -000.042471, 0000.071138, 0000.772630, -000.132189, 0000.620942, -000.049038, 0000.602012, -000.157967, -000.782705, 0000.716622, 
0000000024, 1612471210.111149932,   009,  1,  -000.003803, 0000.987884, -000.155149, -000.040217, 0000.542829, 0000.132340, 0000.829351, -000.012099, 0000.839835, -000.081065, -000.536755, 0000.664968,   011,  1,  -000.600986, 0000.696095, -000.392769, 0000.085922, 0000.287183, 0000.646667, 0000.706645, 0000.013616, 0000.745883, 0000.311887, -000.588544, 0000.750720,   019,  1,  0000.605944, 0000.781042, -000.151017, 0000.153670, 0000.702885, -000.436755, 0000.561425, -000.006952, 0000.372539, -000.446340, -000.813631, 0000.741388,   073,  1,  -000.353576, 0000.933843, -000.054054, 0000.000838, 0000.727914, 0000.310978, 0000.611093, -000.034000, 0000.587474, 0000.176721, -000.789711, 0000.733405,   080,  1,  0000.662347, -000.749189, 0000.003564, -000.039759, -000.612722, -000.538948, 0000.578019, 0000.013043, -000.431125, -000.385033, -000.816015, 0000.768311,   087,  1,  0000.201570, 0000.978551, -000.042518, 0000.071151, 0000.772678, -000.132185, 0000.620883, -000.049059, 0000.601945, -000.158004, -000.782749, 0000.716786, 
0000000025, 1612471210.122261024,   009,  1,  -000.003617, 0000.987938, -000.154807, -000.040228, 0000.543012, 0000.131937, 0000.829295, -000.012125, 0000.839717, -000.081063, -000.536940, 0000.665163,   011,  1,  -000.601074, 0000.696008, -000.392788, 0000.085952, 0000.287021, 0000.646689, 0000.706691, 0000.013608, 0000.745874, 0000.312035, -000.588477, 0000.751052,   019,  1,  0000.605889, 0000.781125, -000.150805, 0000.153765, 0000.702869, -000.436803, 0000.561408, -000.006963, 0000.372657, -000.446147, -000.813682, 0000.741819,   073,  1,  -000.353520, 0000.933867, -000.054009, 0000.000842, 0000.727947, 0000.310909, 0000.611088, -000.034018, 0000.587467, 0000.176716, -000.789718, 0000.733495,   080,  1,  0000.662505, -000.749050, 0000.003296, -000.039764, -000.612472, -000.539164, 0000.578083, 0000.013027, -000.431236, -000.385002, -000.815971, 0000.768480,   087,  1,  0000.201637, 0000.978540, -000.042440, 0000.071152, 0000.772611, -000.132273, 0000.620948, -000.049070, 0000.602009, -000.157995, -000.782702, 0000.716784, 
0000000026, 1612471210.133371858,   009,  1,  -000.003376, 0000.987980, -000.154543, -000.040227, 0000.542751, 0000.131610, 0000.829518, -000.012160, 0000.839887, -000.081078, -000.536672, 0000.665226,   011,  1,  -000.601097, 0000.696080, -000.392626, 0000.085897, 0000.287245, 0000.646636, 0000.706649, 0000.013587, 0000.745770, 0000.311985, -000.588636, 0000.750500,   019,  1,  0000.605740, 0000.781199, -000.151023, 0000.153736, 0000.703025, -000.436599, 0000.561371, -000.006974, 0000.372606, -000.446217, -000.813668, 0000.741700,   073,  1,  -000.353518, 0000.933867, -000.054009, 0000.000841, 0000.728030, 0000.310933, 0000.610977, -000.034024, 0000.587364, 0000.176671, -000.789804, 0000.733432,   080,  1,  0000.662449, -000.749099, 0000.003546, -000.039759, -000.612635, -000.539035, 0000.578031, 0000.013017, -000.431091, -000.385088, -000.816007, 0000.768461,   087,  1,  0000.201522, 0000.978558, -000.042588, 0000.071138, 0000.772649, -000.132094, 0000.620939, -000.049068, 0000.601999, -000.158039, -000.782701, 0000.716611, 
0000000027, 1612471210.144483249,   009,  1,  -000.003505, 0000.987913, -000.154970, -000.040220, 0000.542822, 0000.132032, 0000.829405, -000.012186, 0000.839841, -000.081214, -000.536723, 0000.665113,   011,  1,  -000.601143, 0000.696030, -000.392645, 0000.085922, 0000.287192, 0000.646670, 0000.706639, 0000.013600, 0000.745753, 0000.312027, -000.588635, 0000.750715,   019,  1,  0000.605994, 0000.781101, -000.150507, 0000.153679, 0000.702772, -000.437066, 0000.561324, -000.006962, 0000.372670, -000.445931, -000.813795, 0000.741393,   073,  1,  -000.353823, 0000.933736, -000.054288, 0000.000841, 0000.727888, 0000.311341, 0000.610939, -000.034028, 0000.587358, 0000.176649, -000.789814, 0000.733591,   080,  1,  0000.662540, -000.749019, 0000.003275, -000.039748, -000.612504, -000.539259, 0000.577961, 0000.013016, -000.431137, -000.384928, -000.816058, 0000.768195,   087,  1,  0000.201629, 0000.978544, -000.042387, 0000.071157, 0000.772525, -000.132277, 0000.621054, -000.049075, 0000.602123, -000.157967, -000.782620, 0000.716776, 
0000000028, 1612471210.155594325,   009,  1,  -000.003452, 0000.987945, -000.154769, -000.040215, 0000.542924, 0000.131824, 0000.829371, -000.012193, 0000.839775, -000.081164, -000.536834, 0000.664958,   011,  1,  -000.601091, 0000.696115, -000.392574, 0000.085904, 0000.287172, 0000.646548, 0000.706759, 0000.013605, 0000.745803, 0000.312090, -000.588538, 0000.750565,   019,  1,  0000.605712, 0000.781199, -000.151134, 0000.153772, 0000.703080, -000.436541, 0000.561346, -000.006957, 0000.372547, -000.446274, -000.813664, 0000.741848,   073,  1,  -000.353493, 0000.933883, -000.053904, 0000.000840, 0000.728007, 0000.310835, 0000.611054, -000.033998, 0000.587408, 0000.176761, -000.789752, 0000.733330,   080,  1,  0000.662313, -000.749220, 0000.003466, -000.039763, -000.612713, -000.538966, 0000.578012, 0000.013036, -000.431190, -000.384949, -000.816021, 0000.768384,   087,  1,  0000.201569, 0000.978551, -000.042528, 0000.071134, 0000.772618, -000.132162, 0000.620963, -000.049044, 0000.602023, -000.158025, -000.782686, 0000.716602, 
0000000029, 1612471210.166705604,   009,  1,  -000.003853, 0000.987857, -000.155316, -000.040209, 0000.542906, 0000.132500, 0000.829275, -000.012180, 0000.839784, -000.081127, -000.536825, 0000.664936,   011,  1,  -000.601141, 0000.696306, -000.392157, 0000.085899, 0000.287786, 0000.646422, 0000.706625, 0000.013614, 0000.745526, 0000.311924, -000.588978, 0000.750501,   019,  1,  0000.605913, 0000.781112, -000.150776, 0000.153811, 0000.702842, -000.436829, 0000.561421, -000.006947, 0000.372669, -000.446144, -000.813679, 0000.742044,   073,  1,  -000.353466, 0000.933889, -000.053972, 0000.000842, 0000.727993, 0000.310852, 0000.611062, -000.033992, 0000.587441, 0000.176698, -000.789741, 0000.733277,   080,  1,  0000.662376, -000.749163, 0000.003544, -000.039758, -000.612731, -000.539015, 0000.577948, 0000.013044, -000.431067, -000.384991, -000.816066, 0000.768384,   087,  1,  0000.201514, 0000.978566, -000.042425, 0000.071139, 0000.772658, -000.132192, 0000.620906, -000.049042, 0000.601990, -000.157901, -000.782736, 0000.716629, 
0000000030, 1612471210.177816838,   009,  1,  -000.003766, 0000.987918, -000.154933, -000.040231, 0000.542910, 0000.132132, 0000.829331, -000.012153, 0000.839782, -000.080992, -000.536848, 0000.665236,   011,  1,  -000.601151, 0000.696129, -000.392455, 0000.085950, 0000.287260, 0000.646513, 0000.706755, 0000.013615, 0000.745720, 0000.312130, -000.588622, 0000.750945,   019,  1,  0000.606286, 0000.780883, -000.150462, 0000.153840, 0000.702626, -000.437381, 0000.561261, -000.006959, 0000.372470, -000.446003, -000.813847, 0000.742180,   073,  1,  -000.353493, 0000.933882, -000.053923, 0000.000846, 0000.728034, 0000.310856, 0000.611012, -000.034001, 0000.587375, 0000.176731, -000.789783, 0000.733441,   080,  1,  0000.662460, -000.749090, 0000.003471, -000.039759, -000.612625, -000.539099, 0000.577982, 0000.013043, -000.431089, -000.385016, -000.816042, 0000.768478,   087,  1,  0000.201591, 0000.978552, -000.042391, 0000.071133, 0000.772589, -000.132260, 0000.620978, -000.049040, 0000.602052, -000.157934, -000.782681, 0000.716545, 
0000000031, 1612471210.188927907,   009,  1,  -000.003613, 0000.987933, -000.154842, -000.040216, 0000.542908, 0000.131973, 0000.829358, -000.012124, 0000.839785, -000.081068, -000.536833, 0000.665127,   011,  1,  -000.600997, 0000.696234, -000.392505, 0000.085857, 0000.287403, 0000.646500, 0000.706709, 0000.013597, 0000.745789, 0000.311923, -000.588644, 0000.750105,   019,  1,  0000.605722, 0000.781161, -000.151288, 0000.153717, 0000.703095, -000.436464, 0000.561388, -000.006968, 0000.372503, -000.446415, -000.813606, 0000.741554,   073,  1,  -000.353705, 0000.933791, -000.054109, 0000.000848, 0000.727932, 0000.311133, 0000.610992, -000.034014, 0000.587374, 0000.176723, -000.789785, 0000.733442,   080,  1,  0000.662488, -000.749065, 0000.003328, -000.039756, -000.612522, -000.539159, 0000.578035, 0000.013030, -000.431192, -000.384980, -000.816005, 0000.768425,   087,  1,  0000.201631, 0000.978544, -000.042382, 0000.071134, 0000.772569, -000.132293, 0000.620996, -000.049051, 0000.602065, -000.157955, -000.782667, 0000.716512, 
0000000032, 1612471210.200038855,   009,  1,  -000.003642, 0000.987989, -000.154483, -000.040232, 0000.543190, 0000.131661, 0000.829223, -000.012102, 0000.839602, -000.080893, -000.537145, 0000.665353,   011,  1,  -000.601133, 0000.696055, -000.392615, 0000.085867, 0000.287141, 0000.646611, 0000.706714, 0000.013594, 0000.745781, 0000.312093, -000.588565, 0000.750246,   019,  1,  0000.605751, 0000.781180, -000.151075, 0000.153767, 0000.703022, -000.436574, 0000.561394, -000.006971, 0000.372595, -000.446274, -000.813642, 0000.741802,   073,  1,  -000.353481, 0000.933886, -000.053934, 0000.000847, 0000.727998, 0000.310841, 0000.611062, -000.034008, 0000.587427, 0000.176735, -000.789743, 0000.733299,   080,  1,  0000.662462, -000.749088, 0000.003460, -000.039746, -000.612545, -000.539039, 0000.578122, 0000.013022, -000.431199, -000.385103, -000.815943, 0000.768263,   087,  1,  0000.201497, 0000.978566, -000.042511, 0000.071160, 0000.772617, -000.132113, 0000.620974, -000.049070, 0000.602048, -000.157970, -000.782677, 0000.716795, 
0000000033, 1612471210.211150572,   009,  1,  -000.003678, 0000.987943, -000.154776, -000.040215, 0000.543090, 0000.131936, 0000.829244, -000.012092, 0000.839666, -000.081007, -000.537027, 0000.665061,   011,  1,  -000.601046, 0000.696278, -000.392353, 0000.085873, 0000.287533, 0000.646439, 0000.706712, 0000.013595, 0000.745700, 0000.311952, -000.588742, 0000.750217,   019,  1,  0000.605485, 0000.781327, -000.151381, 0000.153734, 0000.703292, -000.436260, 0000.561300, -000.006966, 0000.372517, -000.446324, -000.813650, 0000.741665,   073,  1,  -000.353642, 0000.933822, -000.053972, 0000.000842, 0000.727955, 0000.310995, 0000.611035, -000.034004, 0000.587383, 0000.176799, -000.789762, 0000.733309,   080,  1,  0000.662470, -000.749081, 0000.003278, -000.039750, -000.612562, -000.539206, 0000.577949, 0000.013032, -000.431163, -000.384882, -000.816066, 0000.768275,   087,  1,  0000.201533, 0000.978560, -000.042477, 0000.071129, 0000.772684, -000.132183, 0000.620877, -000.049042, 0000.601951, -000.157949, -000.782757, 0000.716506, 
0000000034, 1612471210.222261088,   009,  1,  -000.003633, 0000.987959, -000.154670, -000.040209, 0000.542899, 0000.131841, 0000.829384, -000.012105, 0000.839790, -000.080957, -000.536842, 0000.664846,   011,  1,  -000.601150, 0000.695812, -000.393019, 0000.085926, 0000.286936, 0000.646949, 0000.706488, 0000.013613, 0000.745846, 0000.311934, -000.588567, 0000.750715,   019,  1,  0000.606119, 0000.780982, -000.150622, 0000.153726, 0000.702699, -000.437092, 0000.561395, -000.006955, 0000.372604, -000.446114, -000.813725, 0000.741649,   073,  1,  -000.353671, 0000.933811, -000.053974, 0000.000842, 0000.727967, 0000.311026, 0000.611005, -000.034000, 0000.587350, 0000.176804, -000.789785, 0000.733371,   080,  1,  0000.662350, -000.749186, 0000.003560, -000.039744, -000.612706, -000.538942, 0000.578042, 0000.013034, -000.431142, -000.385047, -000.815999, 0000.768092,   087,  1,  0000.201535, 0000.978559, -000.042493, 0000.071131, 0000.772709, -000.132180, 0000.620846, -000.049044, 0000.601918, -000.157957, -000.782780, 0000.716566, 
0000000035, 1612471210.233371986,   009,  1,  -000.482135, 0000.814696, -000.322206, 0000.023806, 0000.393840, 0000.530067, 0000.750946, 0000.031623, 0000.782583, 0000.235160, -000.576423, 0000.769370,   011,  1,  -000.601073, 0000.696127, -000.392578, 0000.085886, 0000.287353, 0000.646614, 0000.706625, 0000.013604, 0000.745747, 0000.311925, -000.588697, 0000.750469,   019,  1,  0000.605841, 0000.781138, -000.150929, 0000.153716, 0000.702921, -000.436700, 0000.561423, -000.006956, 0000.372638, -000.446225, -000.813649, 0000.741589,   073,  1,  -000.353539, 0000.933869, -000.053841, 0000.000838, 0000.728034, 0000.310843, 0000.611019, -000.034004, 0000.587347, 0000.176821, -000.789783, 0000.733361,   080,  1,  0000.662501, -000.749054, 0000.003319, -000.039759, -000.612512, -000.539175, 0000.578030, 0000.013035, -000.431187, -000.384978, -000.816008, 0000.768342,   087,  1,  0000.201761, 0000.978515, -000.042446, 0000.071143, 0000.772691, -000.132392, 0000.620823, -000.049057, 0000.601865, -000.158055, -000.782801, 0000.716716, 
