% Measurements merged on 04/16/19 16:01:30 Central Daylight Time
% Original files:
%    1: D:\Nayo_Folder\TestData\RayandKaceyPractice\Practicetest1\reachtrunk\trunkfree_xx_xx_00000002_Series2s24.hts  (Series2s24)
%    2: D:\Nayo_Folder\TestData\RayandKaceyPractice\Practicetest1\reachtrunk\trunkfree_xx_xx_00000002_Series2s25.hts  (Series2s25)
% Merge host: NewCurry
% System: MERGED
% nSharedImages: 500
%
% Interpolated markers have status set to 2
%
% EMB001 (Marker properties) Series:2025, ID:206, Size:15, Thickness:000.635, tPu:[+000.000 +000.000 +000.000]
% EMB001 (Marker properties) Series:2025, ID:209, Size:15, Thickness:000.635, tPu:[+000.000 +000.000 +000.000]
%
% ImageNumber,             FrameTime,           Marker,  ST, HT(1, 1),    HT(1, 2),    HT(1, 3),    HT(1, 4),    HT(2, 1),    HT(2, 2),    HT(2, 3),    HT(2, 4),    HT(3, 1),    HT(3, 2),    HT(3, 3),    HT(3, 4)
%
0000000000, 1555448810.809027655,   206,  0,  0000.000000, 0000.000000, 0000.000000, 0000.000000, 0000.000000, 0000.000000, 0000.000000, 0000.000000, 0000.000000, 0000.000000, 0000.000000, 0000.000000,   209,  1,  -000.949277, 0000.173932, 0000.261954, 0000.115846, 0000.296251, 0000.215484, 0000.930485, -000.161667, 0000.105394, 0000.960893, -000.256081, 0000.690249, 
0000000001, 1555448810.820263489,   206,  1,  -000.934743, 0000.331473, -000.127993, -000.038203, 0000.301478, 0000.930496, 0000.208057, -000.168839, 0000.188062, 0000.155893, -000.969706, 0000.584193,   209,  1,  -000.949440, 0000.173781, 0000.261465, 0000.115906, 0000.295775, 0000.215876, 0000.930546, -000.161321, 0000.105267, 0000.960832, -000.256361, 0000.690220, 
0000000002, 1555448810.831499597,   206,  1,  -000.934769, 0000.331133, -000.128674, -000.038209, 0000.301104, 0000.930701, 0000.207682, -000.168873, 0000.188527, 0000.155391, -000.969696, 0000.584195,   209,  1,  -000.949793, 0000.173251, 0000.260533, 0000.115772, 0000.294763, 0000.216246, 0000.930781, -000.161602, 0000.104920, 0000.960844, -000.256457, 0000.690243, 
0000000003, 1555448810.842735669,   206,  1,  -000.934990, 0000.330182, -000.129512, -000.038235, 0000.300015, 0000.931043, 0000.207724, -000.168978, 0000.189168, 0000.155365, -000.969576, 0000.584469,   209,  1,  -000.949978, 0000.172606, 0000.260285, 0000.115757, 0000.294386, 0000.216562, 0000.930826, -000.161513, 0000.104298, 0000.960889, -000.256542, 0000.690238, 
0000000004, 1555448810.853971410,   206,  1,  -000.934643, 0000.330682, -000.130736, -000.038245, 0000.300308, 0000.930938, 0000.207771, -000.169039, 0000.190413, 0000.154930, -000.969402, 0000.584546,   209,  1,  -000.950065, 0000.172536, 0000.260017, 0000.115738, 0000.294121, 0000.216715, 0000.930874, -000.161426, 0000.104259, 0000.960867, -000.256640, 0000.690238, 
0000000005, 1555448810.865207494,   206,  1,  -000.935095, 0000.328909, -000.131970, -000.038256, 0000.298686, 0000.931843, 0000.206046, -000.169074, 0000.190746, 0000.153255, -000.969602, 0000.584582,   209,  1,  -000.950509, 0000.171772, 0000.258895, 0000.115774, 0000.292937, 0000.217777, 0000.931000, -000.161147, 0000.103538, 0000.960764, -000.257318, 0000.690215, 
0000000006, 1555448810.876443209,   206,  1,  -000.934661, 0000.329897, -000.132576, -000.038246, 0000.299494, 0000.931493, 0000.206456, -000.169036, 0000.191603, 0000.153261, -000.969433, 0000.584381,   209,  1,  -000.950632, 0000.171369, 0000.258711, 0000.115634, 0000.292623, 0000.217515, 0000.931160, -000.161488, 0000.103298, 0000.960895, -000.256923, 0000.690231, 
0000000007, 1555448810.887679297,   206,  1,  -000.934861, 0000.329193, -000.132920, -000.038270, 0000.298840, 0000.931817, 0000.205943, -000.169115, 0000.191652, 0000.152807, -000.969495, 0000.584576,   209,  1,  -000.950729, 0000.171550, 0000.258233, 0000.115624, 0000.292211, 0000.217596, 0000.931270, -000.161397, 0000.103569, 0000.960845, -000.257004, 0000.690206, 
0000000008, 1555448810.898915305,   206,  1,  -000.934875, 0000.328691, -000.134056, -000.038277, 0000.298160, 0000.932033, 0000.205947, -000.169188, 0000.192637, 0000.152565, -000.969337, 0000.584767,   209,  1,  -000.951029, 0000.171532, 0000.257139, 0000.115587, 0000.291206, 0000.218255, 0000.931431, -000.161412, 0000.103648, 0000.960698, -000.257518, 0000.690189, 
0000000009, 1555448810.910151320,   206,  1,  -000.934420, 0000.329718, -000.134708, -000.038237, 0000.299082, 0000.931738, 0000.205947, -000.169060, 0000.193416, 0000.152152, -000.969247, 0000.584273,   209,  1,  -000.951193, 0000.171893, 0000.256289, 0000.115547, 0000.290540, 0000.218924, 0000.931482, -000.161468, 0000.104007, 0000.960482, -000.258181, 0000.690167, 
0000000010, 1555448810.921387209,   206,  1,  -000.934227, 0000.329736, -000.135993, -000.038229, 0000.298804, 0000.931723, 0000.206419, -000.169079, 0000.194772, 0000.152206, -000.968967, 0000.584330,   209,  1,  -000.951391, 0000.171582, 0000.255762, 0000.115545, 0000.289957, 0000.219057, 0000.931632, -000.161430, 0000.103824, 0000.960507, -000.258161, 0000.690135, 
0000000011, 1555448810.932623120,   206,  1,  -000.934521, 0000.328754, -000.136352, -000.038244, 0000.297991, 0000.932228, 0000.205309, -000.169258, 0000.194607, 0000.151234, -000.969152, 0000.584932,   209,  1,  -000.951536, 0000.171817, 0000.255067, 0000.115519, 0000.289386, 0000.219503, 0000.931705, -000.161513, 0000.104095, 0000.960363, -000.258587, 0000.690109, 
0000000012, 1555448810.943858891,   206,  2,  -000.934572, 0000.328088, -000.137599, -000.038206, 0000.297136, 0000.932504, 0000.205297, -000.169210, 0000.195668, 0000.150979, -000.968979, 0000.584792,   209,  1,  -000.951704, 0000.171183, 0000.254864, 0000.115585, 0000.289055, 0000.219822, 0000.931733, -000.161300, 0000.103472, 0000.960403, -000.258687, 0000.690052, 
0000000013, 1555448810.955094963,   206,  1,  -000.934621, 0000.327422, -000.138847, -000.038167, 0000.296280, 0000.932779, 0000.205284, -000.169162, 0000.196728, 0000.150726, -000.968803, 0000.584651,   209,  1,  -000.951966, 0000.171900, 0000.253397, 0000.115587, 0000.287799, 0000.219738, 0000.932141, -000.161323, 0000.104554, 0000.960294, -000.258656, 0000.690010, 
0000000014, 1555448810.966330917,   206,  1,  -000.934756, 0000.326606, -000.139854, -000.038114, 0000.295326, 0000.933099, 0000.205203, -000.169038, 0000.197518, 0000.150512, -000.968676, 0000.584327,   209,  1,  -000.952183, 0000.171929, 0000.252562, 0000.115601, 0000.287020, 0000.220028, 0000.932313, -000.161334, 0000.104720, 0000.960223, -000.258854, 0000.689963, 
0000000015, 1555448810.977566960,   206,  1,  -000.935050, 0000.325752, -000.139885, -000.038111, 0000.294488, 0000.933385, 0000.205107, -000.169153, 0000.197381, 0000.150591, -000.968691, 0000.584829,   209,  1,  -000.952180, 0000.171939, 0000.252569, 0000.115599, 0000.286987, 0000.219640, 0000.932414, -000.161427, 0000.104844, 0000.960310, -000.258481, 0000.689917, 
0000000016, 1555448810.988802782,   206,  1,  -000.934360, 0000.327358, -000.140745, -000.038065, 0000.295969, 0000.932929, 0000.205052, -000.169100, 0000.198430, 0000.149936, -000.968579, 0000.584762,   209,  1,  -000.952475, 0000.171722, 0000.251599, 0000.115720, 0000.286078, 0000.220536, 0000.932482, -000.161102, 0000.104641, 0000.960143, -000.259181, 0000.689845, 
0000000017, 1555448811.000038986,   206,  2,  -000.934076, 0000.327812, -000.141565, -000.038043, 0000.296219, 0000.932766, 0000.205429, -000.169128, 0000.199389, 0000.149953, -000.968379, 0000.584978,   209,  1,  -000.952845, 0000.171808, 0000.250136, 0000.115667, 0000.284706, 0000.220877, 0000.932821, -000.161385, 0000.105017, 0000.960050, -000.259377, 0000.689820, 
0000000018, 1555448811.011274715,   206,  1,  -000.933792, 0000.328267, -000.142384, -000.038021, 0000.296468, 0000.932604, 0000.205807, -000.169156, 0000.200348, 0000.149969, -000.968179, 0000.585194,   209,  1,  -000.953198, 0000.170913, 0000.249404, 0000.115740, 0000.283686, 0000.220256, 0000.933279, -000.161233, 0000.104576, 0000.960352, -000.258433, 0000.689761, 
0000000019, 1555448811.022510904,   206,  1,  -000.934045, 0000.327245, -000.143076, -000.037957, 0000.295357, 0000.932974, 0000.205726, -000.169005, 0000.200808, 0000.149899, -000.968094, 0000.584790,   209,  1,  -000.953098, 0000.170812, 0000.249853, 0000.115738, 0000.284105, 0000.220319, 0000.933136, -000.161356, 0000.104344, 0000.960355, -000.258515, 0000.689739, 
0000000020, 1555448811.033746602,   206,  2,  -000.933746, 0000.327653, -000.144086, -000.037940, 0000.295537, 0000.932842, 0000.206068, -000.169052, 0000.201928, 0000.149832, -000.967871, 0000.585036,   209,  1,  -000.953276, 0000.170185, 0000.249604, 0000.115744, 0000.283588, 0000.219319, 0000.933529, -000.161394, 0000.104130, 0000.960696, -000.257334, 0000.689716, 
0000000021, 1555448811.044982532,   206,  1,  -000.933447, 0000.328062, -000.145097, -000.037922, 0000.295718, 0000.932709, 0000.206410, -000.169100, 0000.203048, 0000.149765, -000.967648, 0000.585282,   209,  1,  -000.953551, 0000.169389, 0000.249094, 0000.115776, 0000.282883, 0000.219350, 0000.933736, -000.161288, 0000.103526, 0000.960829, -000.257078, 0000.689690, 
0000000022, 1555448811.056218629,   206,  2,  -000.933201, 0000.328183, -000.146399, -000.037877, 0000.295655, 0000.932747, 0000.206328, -000.168998, 0000.204266, 0000.149262, -000.967469, 0000.585017,   209,  1,  -000.953585, 0000.168946, 0000.249264, 0000.115775, 0000.282844, 0000.218523, 0000.933942, -000.161271, 0000.103316, 0000.961096, -000.256166, 0000.689664, 
0000000023, 1555448811.067454623,   206,  1,  -000.932953, 0000.328303, -000.147700, -000.037833, 0000.295592, 0000.932785, 0000.206246, -000.168897, 0000.205484, 0000.148759, -000.967289, 0000.584752,   209,  1,  -000.953969, 0000.167701, 0000.248637, 0000.115676, 0000.281916, 0000.218616, 0000.934200, -000.161552, 0000.102310, 0000.961293, -000.255831, 0000.689648, 
0000000024, 1555448811.078690142,   206,  2,  -000.932663, 0000.328515, -000.149055, -000.037824, 0000.295586, 0000.932776, 0000.206296, -000.168962, 0000.206807, 0000.148346, -000.967070, 0000.585042,   209,  1,  -000.954079, 0000.166865, 0000.248776, 0000.115759, 0000.281763, 0000.217940, 0000.934405, -000.161241, 0000.101701, 0000.961592, -000.254948, 0000.689586, 
0000000025, 1555448811.089926402,   206,  1,  -000.932371, 0000.328727, -000.150410, -000.037814, 0000.295579, 0000.932767, 0000.206346, -000.169027, 0000.208129, 0000.147933, -000.966850, 0000.585332,   209,  1,  -000.954255, 0000.165412, 0000.249070, 0000.115715, 0000.281678, 0000.217979, 0000.934421, -000.161351, 0000.100272, 0000.961834, -000.254601, 0000.689570, 
0000000026, 1555448811.101162364,   206,  1,  -000.932269, 0000.328508, -000.151516, -000.037814, 0000.295221, 0000.932911, 0000.206206, -000.169098, 0000.209091, 0000.147508, -000.966707, 0000.585572,   209,  1,  -000.954280, 0000.164711, 0000.249439, 0000.115745, 0000.281864, 0000.218041, 0000.934350, -000.161221, 0000.099510, 0000.961940, -000.254498, 0000.689540, 
0000000027, 1555448811.112401647,   206,  1,  -000.932121, 0000.328822, -000.151745, -000.037783, 0000.295339, 0000.932709, 0000.206951, -000.169046, 0000.209584, 0000.148087, -000.966512, 0000.585400,   209,  1,  -000.954228, 0000.164144, 0000.250012, 0000.115789, 0000.282302, 0000.218267, 0000.934166, -000.161031, 0000.098768, 0000.961986, -000.254614, 0000.689499, 
0000000028, 1555448811.123634317,   206,  1,  -000.931668, 0000.329507, -000.153034, -000.037758, 0000.295881, 0000.932592, 0000.206702, -000.168973, 0000.210828, 0000.147298, -000.966362, 0000.585118,   209,  1,  -000.954125, 0000.162573, 0000.251427, 0000.115810, 0000.283288, 0000.218345, 0000.933849, -000.160927, 0000.096921, 0000.962235, -000.254384, 0000.689452, 
0000000029, 1555448811.134870385,   206,  1,  -000.931629, 0000.329282, -000.153754, -000.037799, 0000.295512, 0000.932675, 0000.206857, -000.169150, 0000.211517, 0000.147278, -000.966214, 0000.585781,   209,  1,  -000.954028, 0000.162488, 0000.251850, 0000.115852, 0000.283622, 0000.217765, 0000.933883, -000.160743, 0000.096900, 0000.962380, -000.253839, 0000.689391, 
0000000030, 1555448811.146106098,   206,  1,  -000.931623, 0000.328902, -000.154602, -000.037796, 0000.294844, 0000.932727, 0000.207577, -000.169173, 0000.212474, 0000.147800, -000.965924, 0000.585897,   209,  1,  -000.954011, 0000.161438, 0000.252587, 0000.115667, 0000.284133, 0000.218379, 0000.933584, -000.161334, 0000.095556, 0000.962418, -000.254206, 0000.689376, 
0000000031, 1555448811.157342310,   206,  1,  -000.930833, 0000.330600, -000.155736, -000.037781, 0000.296333, 0000.932216, 0000.207750, -000.169112, 0000.213861, 0000.147231, -000.965705, 0000.585717,   209,  1,  -000.953899, 0000.161295, 0000.253102, 0000.115689, 0000.284582, 0000.218207, 0000.933487, -000.161235, 0000.095338, 0000.962481, -000.254050, 0000.689305, 
0000000032, 1555448811.168577897,   206,  1,  -000.930704, 0000.330499, -000.156721, -000.037757, 0000.296056, 0000.932278, 0000.207865, -000.169025, 0000.214806, 0000.147063, -000.965521, 0000.585472,   209,  1,  -000.953970, 0000.160965, 0000.253043, 0000.115660, 0000.284388, 0000.217682, 0000.933669, -000.161344, 0000.095205, 0000.962655, -000.253439, 0000.689245, 
0000000033, 1555448811.179813812,   206,  1,  -000.930583, 0000.330539, -000.157350, -000.037782, 0000.296079, 0000.932350, 0000.207511, -000.169196, 0000.215296, 0000.146518, -000.965495, 0000.586131,   209,  1,  -000.953900, 0000.160503, 0000.253603, 0000.115751, 0000.284841, 0000.217932, 0000.933473, -000.161023, 0000.094556, 0000.962676, -000.253603, 0000.689160, 
0000000034, 1555448811.191050114,   206,  1,  -000.929853, 0000.332053, -000.158476, -000.037743, 0000.297221, 0000.931783, 0000.208422, -000.169065, 0000.216872, 0000.146699, -000.965114, 0000.585725,   209,  1,  -000.953579, 0000.161528, 0000.254159, 0000.115742, 0000.285700, 0000.218438, 0000.933092, -000.161072, 0000.095203, 0000.962390, -000.254446, 0000.689103, 
0000000035, 1555448811.202286044,   206,  1,  -000.929805, 0000.332082, -000.158695, -000.037682, 0000.297281, 0000.931828, 0000.208134, -000.168874, 0000.216994, 0000.146347, -000.965140, 0000.585167,   209,  1,  -000.953533, 0000.160667, 0000.254876, 0000.115669, 0000.286200, 0000.218651, 0000.932889, -000.161347, 0000.094155, 0000.962485, -000.254474, 0000.689058, 
0000000036, 1555448811.213522046,   206,  1,  -000.929160, 0000.333336, -000.159838, -000.037722, 0000.298346, 0000.931470, 0000.208214, -000.169128, 0000.218290, 0000.145777, -000.964934, 0000.586103,   209,  1,  -000.953379, 0000.160839, 0000.255343, 0000.115646, 0000.286707, 0000.218712, 0000.932719, -000.161442, 0000.094171, 0000.962443, -000.254629, 0000.689001, 
0000000037, 1555448811.224758032,   206,  1,  -000.929254, 0000.332465, -000.161105, -000.037675, 0000.297438, 0000.931914, 0000.207524, -000.169032, 0000.219131, 0000.144923, -000.964873, 0000.585854,   209,  1,  -000.953231, 0000.161736, 0000.255326, 0000.115669, 0000.286964, 0000.219121, 0000.932544, -000.161372, 0000.094878, 0000.962199, -000.255285, 0000.688933, 
0000000038, 1555448811.235994027,   206,  1,  -000.929378, 0000.331873, -000.161606, -000.037637, 0000.296852, 0000.932183, 0000.207158, -000.168940, 0000.219396, 0000.144555, -000.964867, 0000.585617,   209,  1,  -000.953157, 0000.161007, 0000.256064, 0000.115681, 0000.287520, 0000.219362, 0000.932316, -000.161316, 0000.093938, 0000.962267, -000.255379, 0000.688863, 
0000000039, 1555448811.247229767,   206,  1,  -000.928658, 0000.333542, -000.162311, -000.037613, 0000.298473, 0000.931716, 0000.206929, -000.168967, 0000.220247, 0000.143721, -000.964798, 0000.585774,   209,  1,  -000.953114, 0000.161291, 0000.256044, 0000.115615, 0000.287538, 0000.218993, 0000.932397, -000.161509, 0000.094315, 0000.962303, -000.255102, 0000.688813, 
0000000040, 1555448811.258465833,   206,  1,  -000.928892, 0000.332423, -000.163261, -000.037619, 0000.297497, 0000.932307, 0000.205669, -000.169077, 0000.220578, 0000.142475, -000.964907, 0000.586213,   209,  1,  -000.953081, 0000.161413, 0000.256091, 0000.115555, 0000.287699, 0000.219844, 0000.932147, -000.161676, 0000.094160, 0000.962089, -000.255968, 0000.688761, 
0000000041, 1555448811.269701770,   206,  1,  -000.928883, 0000.332214, -000.163738, -000.037573, 0000.297327, 0000.932468, 0000.205184, -000.169035, 0000.220846, 0000.141908, -000.964930, 0000.586096,   209,  1,  -000.952984, 0000.161691, 0000.256278, 0000.115596, 0000.288040, 0000.220726, 0000.931833, -000.161520, 0000.094101, 0000.961840, -000.256922, 0000.688690, 
0000000042, 1555448811.280937684,   206,  1,  -000.928368, 0000.333265, -000.164523, -000.037530, 0000.298184, 0000.932115, 0000.205545, -000.168982, 0000.221855, 0000.141763, -000.964719, 0000.585879,   209,  1,  -000.952716, 0000.161466, 0000.257414, 0000.115522, 0000.289185, 0000.221684, 0000.931251, -000.161745, 0000.093301, 0000.961657, -000.257896, 0000.688653, 
0000000043, 1555448811.292173775,   206,  1,  -000.927997, 0000.333984, -000.165154, -000.037543, 0000.298944, 0000.931997, 0000.204972, -000.169155, 0000.222381, 0000.140842, -000.964733, 0000.586427,   209,  1,  -000.952765, 0000.160616, 0000.257761, 0000.115500, 0000.289420, 0000.222913, 0000.930884, -000.161776, 0000.092056, 0000.961516, -000.258869, 0000.688609, 
0000000044, 1555448811.303409553,   206,  1,  -000.927565, 0000.334374, -000.166786, -000.037497, 0000.299167, 0000.931991, 0000.204675, -000.169086, 0000.223881, 0000.139952, -000.964516, 0000.586174,   209,  1,  -000.952643, 0000.160561, 0000.258248, 0000.115443, 0000.289867, 0000.222757, 0000.930783, -000.161894, 0000.091921, 0000.961561, -000.258750, 0000.688585, 
0000000045, 1555448811.314645600,   206,  1,  -000.926804, 0000.336018, -000.167709, -000.037470, 0000.300715, 0000.931521, 0000.204545, -000.169116, 0000.224956, 0000.139140, -000.964383, 0000.586203,   209,  1,  -000.952661, 0000.159704, 0000.258710, 0000.115542, 0000.290049, 0000.222300, 0000.930835, -000.161474, 0000.091147, 0000.961809, -000.258099, 0000.688518, 
0000000046, 1555448811.325881350,   206,  1,  -000.926262, 0000.336772, -000.169182, -000.037493, 0000.301360, 0000.931407, 0000.204116, -000.169372, 0000.226318, 0000.138080, -000.964217, 0000.587020,   209,  1,  -000.952462, 0000.159051, 0000.259843, 0000.115360, 0000.290919, 0000.221590, 0000.930733, -000.161990, 0000.090456, 0000.962081, -000.257327, 0000.688514, 
0000000047, 1555448811.337117236,   206,  1,  -000.925751, 0000.338067, -000.169397, -000.037423, 0000.302638, 0000.930998, 0000.204091, -000.169164, 0000.226705, 0000.137671, -000.964184, 0000.586302,   209,  1,  -000.952595, 0000.157827, 0000.260104, 0000.115313, 0000.290824, 0000.221269, 0000.930839, -000.162030, 0000.089359, 0000.962357, -000.256679, 0000.688481, 
0000000048, 1555448811.348353223,   206,  1,  -000.925891, 0000.337039, -000.170678, -000.037413, 0000.301566, 0000.931481, 0000.203471, -000.169238, 0000.227561, 0000.136922, -000.964089, 0000.586527,   209,  1,  -000.952717, 0000.157087, 0000.260105, 0000.115283, 0000.290659, 0000.221556, 0000.930822, -000.162025, 0000.088592, 0000.962412, -000.256739, 0000.688432, 
0000000049, 1555448811.359589342,   206,  1,  -000.924832, 0000.339356, -000.171824, -000.037421, 0000.303803, 0000.930817, 0000.203181, -000.169343, 0000.228887, 0000.135708, -000.963947, 0000.586830,   209,  1,  -000.952681, 0000.156539, 0000.260565, 0000.115142, 0000.290993, 0000.221853, 0000.930647, -000.162394, 0000.087876, 0000.962433, -000.256907, 0000.688418, 
0000000050, 1555448811.370825029,   206,  1,  -000.924721, 0000.339240, -000.172648, -000.037384, 0000.303968, 0000.931127, 0000.201508, -000.169350, 0000.229117, 0000.133859, -000.964151, 0000.586779,   209,  1,  -000.952664, 0000.155939, 0000.260988, 0000.115199, 0000.291235, 0000.221696, 0000.930609, -000.162107, 0000.087258, 0000.962566, -000.256617, 0000.688362, 
0000000051, 1555448811.382061244,   206,  1,  -000.924223, 0000.340010, -000.173798, -000.037356, 0000.304641, 0000.930960, 0000.201265, -000.169401, 0000.230231, 0000.133068, -000.963995, 0000.586925,   209,  1,  -000.952666, 0000.154829, 0000.261639, 0000.115194, 0000.291625, 0000.222181, 0000.930371, -000.162045, 0000.085918, 0000.962634, -000.256817, 0000.688321, 
0000000052, 1555448811.393297122,   206,  1,  -000.923406, 0000.341977, -000.174281, -000.037348, 0000.306435, 0000.930262, 0000.201768, -000.169458, 0000.231127, 0000.132908, -000.963803, 0000.587052,   209,  1,  -000.952680, 0000.154155, 0000.261987, 0000.115085, 0000.291873, 0000.223123, 0000.930068, -000.162356, 0000.084919, 0000.962524, -000.257558, 0000.688315, 
0000000053, 1555448811.404533237,   206,  1,  -000.923283, 0000.341885, -000.175112, -000.037295, 0000.306363, 0000.930409, 0000.201200, -000.169372, 0000.231713, 0000.132116, -000.963771, 0000.586570,   209,  1,  -000.952701, 0000.153524, 0000.262280, 0000.115158, 0000.291993, 0000.223117, 0000.930032, -000.162069, 0000.084263, 0000.962626, -000.257392, 0000.688270, 
0000000054, 1555448811.415769027,   206,  1,  -000.922551, 0000.343561, -000.175687, -000.037316, 0000.308093, 0000.929944, 0000.200704, -000.169586, 0000.232334, 0000.131032, -000.963770, 0000.586990,   209,  1,  -000.952512, 0000.153464, 0000.263000, 0000.114985, 0000.292707, 0000.223425, 0000.929733, -000.162627, 0000.083920, 0000.962564, -000.257735, 0000.688291, 
0000000055, 1555448811.427005011,   206,  2,  -000.921633, 0000.345616, -000.176470, -000.037335, 0000.310033, 0000.929277, 0000.200806, -000.169702, 0000.233392, 0000.130358, -000.963605, 0000.587034,   209,  1,  -000.952383, 0000.152931, 0000.263779, 0000.114985, 0000.293340, 0000.223560, 0000.929501, -000.162630, 0000.083179, 0000.962618, -000.257776, 0000.688279, 
0000000056, 1555448811.438240955,   206,  1,  -000.920710, 0000.347669, -000.177253, -000.037353, 0000.311972, 0000.928606, 0000.200909, -000.169818, 0000.234448, 0000.129682, -000.963440, 0000.587078,   209,  1,  -000.952435, 0000.151531, 0000.264396, 0000.115135, 0000.293620, 0000.224066, 0000.929291, -000.162149, 0000.081574, 0000.962722, -000.257901, 0000.688242, 
0000000057, 1555448811.449476926,   206,  1,  -000.920255, 0000.348763, -000.177469, -000.037361, 0000.313396, 0000.928436, 0000.199475, -000.169869, 0000.234338, 0000.127950, -000.963698, 0000.586774,   209,  1,  -000.952319, 0000.151985, 0000.264553, 0000.114937, 0000.293882, 0000.223959, 0000.929234, -000.162846, 0000.081981, 0000.962675, -000.257946, 0000.688295, 
0000000058, 1555448811.460713037,   206,  1,  -000.919082, 0000.350517, -000.180071, -000.037409, 0000.315222, 0000.928169, 0000.197832, -000.170110, 0000.236480, 0000.125062, -000.963554, 0000.587289,   209,  1,  -000.952244, 0000.151564, 0000.265065, 0000.114990, 0000.294227, 0000.223434, 0000.929251, -000.162721, 0000.081617, 0000.962863, -000.257358, 0000.688289, 
0000000059, 1555448811.471948770,   206,  1,  -000.918569, 0000.351818, -000.180156, -000.037377, 0000.316451, 0000.927687, 0000.198130, -000.169982, 0000.236834, 0000.124985, -000.963477, 0000.586730,   209,  1,  -000.952207, 0000.151356, 0000.265319, 0000.115072, 0000.294363, 0000.222751, 0000.929372, -000.162517, 0000.081566, 0000.963054, -000.256659, 0000.688282, 
0000000060, 1555448811.483184819,   206,  1,  -000.919167, 0000.351076, -000.178542, -000.037400, 0000.315518, 0000.927657, 0000.199753, -000.170074, 0000.235754, 0000.127273, -000.963443, 0000.586967,   209,  1,  -000.952056, 0000.151149, 0000.265975, 0000.115048, 0000.294906, 0000.222240, 0000.929322, -000.162664, 0000.081356, 0000.963205, -000.256160, 0000.688298, 
0000000061, 1555448811.494421028,   206,  1,  -000.918699, 0000.352166, -000.178807, -000.037462, 0000.316710, 0000.927362, 0000.199233, -000.170239, 0000.235982, 0000.126405, -000.963501, 0000.587369,   209,  1,  -000.951945, 0000.151233, 0000.266325, 0000.115051, 0000.295228, 0000.221734, 0000.929341, -000.162752, 0000.081494, 0000.963308, -000.255727, 0000.688306, 
0000000062, 1555448811.505656687,   206,  1,  -000.918161, 0000.353276, -000.179378, -000.037535, 0000.317777, 0000.927016, 0000.199146, -000.170345, 0000.236639, 0000.125846, -000.963413, 0000.587427,   209,  1,  -000.951827, 0000.150863, 0000.266958, 0000.115116, 0000.295676, 0000.220864, 0000.929406, -000.162624, 0000.081251, 0000.963566, -000.254830, 0000.688301, 
0000000063, 1555448811.516892690,   206,  1,  -000.917609, 0000.355577, -000.177649, -000.037636, 0000.320114, 0000.926024, 0000.200018, -000.170526, 0000.235629, 0000.126671, -000.963553, 0000.587545,   209,  1,  -000.951840, 0000.150163, 0000.267304, 0000.115065, 0000.295818, 0000.220678, 0000.929405, -000.162873, 0000.080574, 0000.963718, -000.254471, 0000.688320, 
0000000064, 1555448811.528128694,   206,  1,  -000.917240, 0000.357183, -000.176328, -000.037707, 0000.321663, 0000.925267, 0000.201032, -000.170615, 0000.234956, 0000.127676, -000.963584, 0000.587132,   209,  1,  -000.951659, 0000.150011, 0000.268033, 0000.115086, 0000.296463, 0000.220356, 0000.929275, -000.162853, 0000.080338, 0000.963815, -000.254177, 0000.688317, 
0000000065, 1555448811.539364604,   206,  1,  -000.916082, 0000.360095, -000.176424, -000.037823, 0000.324805, 0000.924361, 0000.200145, -000.170928, 0000.235151, 0000.126046, -000.963751, 0000.587322,   209,  1,  -000.951480, 0000.150420, 0000.268440, 0000.115174, 0000.296948, 0000.220132, 0000.929174, -000.162601, 0000.080674, 0000.963803, -000.254118, 0000.688289, 
0000000066, 1555448811.550600697,   206,  1,  -000.914850, 0000.363331, -000.176181, -000.037896, 0000.328095, 0000.923192, 0000.200173, -000.171050, 0000.235378, 0000.125324, -000.963790, 0000.586719,   209,  1,  -000.951539, 0000.149847, 0000.268552, 0000.115132, 0000.296938, 0000.220474, 0000.929096, -000.162764, 0000.080013, 0000.963814, -000.254285, 0000.688287, 
0000000067, 1555448811.561836639,   206,  1,  -000.914471, 0000.364403, -000.175933, -000.038038, 0000.329151, 0000.922765, 0000.200412, -000.171452, 0000.235376, 0000.125363, -000.963785, 0000.587002,   209,  1,  -000.951405, 0000.149947, 0000.268968, 0000.115096, 0000.297397, 0000.220795, 0000.928873, -000.162885, 0000.079895, 0000.963725, -000.254659, 0000.688282, 
0000000068, 1555448811.573072535,   206,  1,  -000.913374, 0000.367441, -000.175315, -000.038147, 0000.332153, 0000.921560, 0000.201002, -000.171695, 0000.235420, 0000.125359, -000.963775, 0000.586766,   209,  1,  -000.951432, 0000.150059, 0000.268811, 0000.115104, 0000.297257, 0000.220613, 0000.928961, -000.162848, 0000.080095, 0000.963749, -000.254504, 0000.688271, 
0000000069, 1555448811.584308350,   206,  1,  -000.913049, 0000.368294, -000.175215, -000.038292, 0000.333279, 0000.921378, 0000.199970, -000.172112, 0000.235087, 0000.124187, -000.964008, 0000.587164,   209,  1,  -000.951477, 0000.149738, 0000.268830, 0000.115120, 0000.297171, 0000.220342, 0000.929053, -000.162749, 0000.079880, 0000.963861, -000.254148, 0000.688255, 
0000000070, 1555448811.595544543,   206,  1,  -000.912902, 0000.368867, -000.174778, -000.038448, 0000.333840, 0000.921109, 0000.200275, -000.172622, 0000.234864, 0000.124483, -000.964024, 0000.588016,   209,  1,  -000.951383, 0000.149838, 0000.269106, 0000.114950, 0000.297416, 0000.219740, 0000.929117, -000.163265, 0000.080084, 0000.963983, -000.253622, 0000.688289, 
0000000071, 1555448811.606780139,   206,  1,  -000.912452, 0000.370228, -000.174249, -000.038480, 0000.335342, 0000.920617, 0000.200027, -000.172613, 0000.234472, 0000.124082, -000.964171, 0000.587256,   209,  1,  -000.951310, 0000.149265, 0000.269685, 0000.115049, 0000.297731, 0000.218496, 0000.929309, -000.162834, 0000.079788, 0000.964354, -000.252299, 0000.688271, 
0000000072, 1555448811.618016337,   206,  1,  -000.912173, 0000.370741, -000.174619, -000.038507, 0000.335845, 0000.920463, 0000.199890, -000.172668, 0000.234838, 0000.123689, -000.964133, 0000.586961,   209,  1,  -000.951330, 0000.148739, 0000.269902, 0000.114895, 0000.297802, 0000.218408, 0000.929307, -000.163191, 0000.079276, 0000.964456, -000.252073, 0000.688311, 
0000000073, 1555448811.629252434,   206,  1,  -000.911922, 0000.371628, -000.174044, -000.038525, 0000.336729, 0000.920064, 0000.200242, -000.172760, 0000.234547, 0000.123999, -000.964164, 0000.586997,   209,  1,  -000.951326, 0000.149188, 0000.269671, 0000.114837, 0000.297613, 0000.217473, 0000.929587, -000.163166, 0000.080037, 0000.964598, -000.251288, 0000.688333, 
0000000074, 1555448811.640488299,   206,  1,  -000.912336, 0000.370614, -000.174033, -000.038484, 0000.335629, 0000.920395, 0000.200563, -000.172712, 0000.234511, 0000.124571, -000.964099, 0000.586794,   209,  1,  -000.951308, 0000.149181, 0000.269737, 0000.114774, 0000.297691, 0000.217653, 0000.929520, -000.163119, 0000.079958, 0000.964558, -000.251465, 0000.688356, 
0000000075, 1555448811.651724239,   206,  1,  -000.912378, 0000.370642, -000.173753, -000.038454, 0000.335468, 0000.920251, 0000.201493, -000.172754, 0000.234578, 0000.125549, -000.963956, 0000.587067,   209,  1,  -000.951275, 0000.149202, 0000.269843, 0000.114715, 0000.297828, 0000.217993, 0000.929396, -000.163047, 0000.079844, 0000.964478, -000.251808, 0000.688382, 
0000000076, 1555448811.662959955,   206,  1,  -000.912039, 0000.371277, -000.174178, -000.038374, 0000.336147, 0000.920088, 0000.201106, -000.172691, 0000.234925, 0000.124867, -000.963960, 0000.587068,   209,  1,  -000.951178, 0000.149128, 0000.270223, 0000.114674, 0000.298197, 0000.218197, 0000.929230, -000.162904, 0000.079612, 0000.964443, -000.252013, 0000.688424, 
0000000077, 1555448811.674196289,   206,  1,  -000.912402, 0000.370143, -000.174689, -000.038323, 0000.335084, 0000.920607, 0000.200501, -000.172789, 0000.235034, 0000.124402, -000.963993, 0000.587781,   209,  1,  -000.951305, 0000.148931, 0000.269887, 0000.114562, 0000.297884, 0000.219000, 0000.929141, -000.162978, 0000.079273, 0000.964292, -000.252700, 0000.688497, 
0000000078, 1555448811.685431888,   206,  1,  -000.912962, 0000.368788, -000.174631, -000.038174, 0000.333635, 0000.921054, 0000.200867, -000.172521, 0000.234922, 0000.125121, -000.963928, 0000.587397,   209,  1,  -000.951132, 0000.147985, 0000.271015, 0000.114501, 0000.298743, 0000.218985, 0000.928869, -000.162922, 0000.078111, 0000.964441, -000.252493, 0000.688573, 
0000000079, 1555448811.696668637,   206,  1,  -000.913173, 0000.368108, -000.174963, -000.038017, 0000.333063, 0000.921401, 0000.200221, -000.172293, 0000.234914, 0000.124563, -000.964002, 0000.587373,   209,  1,  -000.950960, 0000.148415, 0000.271382, 0000.114399, 0000.299236, 0000.219284, 0000.928640, -000.162968, 0000.078314, 0000.964307, -000.252942, 0000.688663, 
0000000080, 1555448811.707903938,   206,  1,  -000.913966, 0000.366018, -000.175204, -000.037819, 0000.330933, 0000.922178, 0000.200177, -000.171898, 0000.234838, 0000.124974, -000.963967, 0000.586962,   209,  1,  -000.950994, 0000.147875, 0000.271559, 0000.114261, 0000.299303, 0000.219695, 0000.928521, -000.163101, 0000.077645, 0000.964296, -000.253188, 0000.688761, 
0000000081, 1555448811.719139894,   206,  2,  -000.913980, 0000.365886, -000.175406, -000.037629, 0000.330662, 0000.922176, 0000.200636, -000.171594, 0000.235165, 0000.125377, -000.963835, 0000.586987,   209,  1,  -000.950774, 0000.147475, 0000.272543, 0000.114254, 0000.300142, 0000.219451, 0000.928308, -000.162799, 0000.077093, 0000.964413, -000.252911, 0000.688822, 
0000000082, 1555448811.730375991,   206,  1,  -000.913994, 0000.365755, -000.175608, -000.037439, 0000.330391, 0000.922173, 0000.201095, -000.171290, 0000.235492, 0000.125780, -000.963703, 0000.587012,   209,  1,  -000.950878, 0000.146402, 0000.272758, 0000.114239, 0000.300068, 0000.219332, 0000.928360, -000.162515, 0000.076089, 0000.964603, -000.252489, 0000.688894, 
0000000083, 1555448811.741611866,   206,  1,  -000.913406, 0000.366760, -000.176567, -000.037232, 0000.331271, 0000.921850, 0000.201129, -000.170964, 0000.236534, 0000.125221, -000.963520, 0000.586918,   209,  1,  -000.950836, 0000.145441, 0000.273417, 0000.114019, 0000.300455, 0000.219182, 0000.928271, -000.162951, 0000.075081, 0000.964783, -000.252104, 0000.689033, 
0000000084, 1555448811.752847905,   206,  1,  -000.913695, 0000.366319, -000.175986, -000.037026, 0000.330830, 0000.921944, 0000.201424, -000.170711, 0000.236035, 0000.125818, -000.963565, 0000.587008,   209,  1,  -000.950785, 0000.144440, 0000.274125, 0000.114042, 0000.300860, 0000.218781, 0000.928234, -000.162597, 0000.074100, 0000.965024, -000.251470, 0000.689140, 
0000000085, 1555448811.764083711,   206,  1,  -000.914035, 0000.365416, -000.176102, -000.036811, 0000.329916, 0000.922282, 0000.201375, -000.170407, 0000.236001, 0000.125965, -000.963554, 0000.586775,   209,  1,  -000.950673, 0000.143616, 0000.274947, 0000.113996, 0000.301427, 0000.218432, 0000.928132, -000.162529, 0000.073237, 0000.965226, -000.250947, 0000.689277, 
0000000086, 1555448811.775319654,   206,  1,  -000.913625, 0000.365791, -000.177441, -000.036651, 0000.330094, 0000.922197, 0000.201470, -000.170323, 0000.237332, 0000.125496, -000.963288, 0000.587144,   209,  1,  -000.950433, 0000.143146, 0000.276018, 0000.113953, 0000.302401, 0000.219090, 0000.927660, -000.162492, 0000.072318, 0000.965147, -000.251518, 0000.689432, 
0000000087, 1555448811.786555633,   206,  1,  -000.913346, 0000.366634, -000.177139, -000.036530, 0000.330757, 0000.921757, 0000.202395, -000.170303, 0000.237484, 0000.126266, -000.963150, 0000.587583,   209,  1,  -000.950050, 0000.142832, 0000.277497, 0000.113864, 0000.303725, 0000.218547, 0000.927356, -000.162642, 0000.071810, 0000.965317, -000.251012, 0000.689599, 
0000000088, 1555448811.797791595,   206,  1,  -000.913280, 0000.366751, -000.177240, -000.036360, 0000.330901, 0000.921741, 0000.202235, -000.170064, 0000.237539, 0000.126048, -000.963165, 0000.586972,   209,  1,  -000.949839, 0000.141945, 0000.278672, 0000.113874, 0000.304643, 0000.218492, 0000.927067, -000.162524, 0000.070705, 0000.965460, -000.250775, 0000.689741, 
0000000089, 1555448811.809027782,   206,  1,  -000.912816, 0000.367498, -000.178081, -000.036276, 0000.331587, 0000.921532, 0000.202062, -000.170130, 0000.238365, 0000.125396, -000.963046, 0000.587301,   209,  1,  -000.949529, 0000.140327, 0000.280541, 0000.113885, 0000.306057, 0000.218499, 0000.926600, -000.162431, 0000.068729, 0000.965695, -000.250419, 0000.689888, 
0000000090, 1555448811.820263466,   206,  1,  -000.912383, 0000.368140, -000.178969, -000.036186, 0000.332295, 0000.921432, 0000.201353, -000.170095, 0000.239034, 0000.124240, -000.963030, 0000.587116,   209,  1,  -000.949123, 0000.139885, 0000.282131, 0000.113970, 0000.307485, 0000.218315, 0000.926170, -000.162102, 0000.067964, 0000.965801, -000.250220, 0000.690015, 
0000000091, 1555448811.831499257,   206,  2,  -000.911804, 0000.369631, -000.178849, -000.036114, 0000.333689, 0000.920816, 0000.201863, -000.170213, 0000.239302, 0000.124379, -000.962946, 0000.587411,   209,  1,  -000.948684, 0000.139333, 0000.283876, 0000.113920, 0000.308994, 0000.217552, 0000.925848, -000.162280, 0000.067243, 0000.966053, -000.249441, 0000.690177, 
0000000092, 1555448811.842735428,   206,  1,  -000.911222, 0000.371120, -000.178729, -000.036042, 0000.335082, 0000.920198, 0000.202373, -000.170331, 0000.239570, 0000.124518, -000.962861, 0000.587706,   209,  1,  -000.948251, 0000.138918, 0000.285521, 0000.113831, 0000.310545, 0000.218279, 0000.925157, -000.162635, 0000.066197, 0000.965948, -000.250124, 0000.690343, 
0000000093, 1555448811.853971336,   206,  1,  -000.910493, 0000.372641, -000.179281, -000.035997, 0000.336645, 0000.919715, 0000.201975, -000.170568, 0000.240152, 0000.123543, -000.962842, 0000.588434,   209,  1,  -000.947645, 0000.138471, 0000.287741, 0000.114028, 0000.312584, 0000.218079, 0000.924517, -000.162030, 0000.065269, 0000.966058, -000.249946, 0000.690432, 
0000000094, 1555448811.865207387,   206,  1,  -000.910599, 0000.372134, -000.179796, -000.035837, 0000.336133, 0000.919961, 0000.201708, -000.170347, 0000.240468, 0000.123240, -000.962802, 0000.587650,   209,  1,  -000.947091, 0000.137214, 0000.290157, 0000.113973, 0000.314638, 0000.218282, 0000.923773, -000.162257, 0000.063418, 0000.966191, -000.249906, 0000.690575, 
0000000095, 1555448811.876443733,   206,  1,  -000.909482, 0000.374630, -000.180262, -000.035735, 0000.338441, 0000.918980, 0000.202322, -000.170481, 0000.241453, 0000.123000, -000.962586, 0000.588228,   209,  1,  -000.946521, 0000.136764, 0000.292223, 0000.113981, 0000.316576, 0000.218853, 0000.922975, -000.162286, 0000.062276, 0000.966126, -000.250445, 0000.690698, 
0000000096, 1555448811.887679272,   206,  1,  -000.909147, 0000.375268, -000.180627, -000.035576, 0000.339143, 0000.918812, 0000.201907, -000.170380, 0000.241731, 0000.122304, -000.962605, 0000.588172,   209,  1,  -000.945832, 0000.136430, 0000.294598, 0000.114032, 0000.318834, 0000.219267, 0000.922099, -000.162158, 0000.061206, 0000.966079, -000.250888, 0000.690805, 
0000000097, 1555448811.898915244,   206,  1,  -000.909111, 0000.375464, -000.180399, -000.035370, 0000.339423, 0000.918754, 0000.201699, -000.170173, 0000.241473, 0000.122136, -000.962691, 0000.588026,   209,  1,  -000.945039, 0000.135491, 0000.297563, 0000.114004, 0000.321538, 0000.220107, 0000.920959, -000.162366, 0000.059286, 0000.966020, -000.251575, 0000.690926, 
0000000098, 1555448811.910151158,   206,  1,  -000.908652, 0000.376572, -000.180404, -000.035141, 0000.340412, 0000.918275, 0000.202213, -000.170018, 0000.241808, 0000.122330, -000.962582, 0000.588386,   209,  1,  -000.944557, 0000.134759, 0000.299420, 0000.114057, 0000.323218, 0000.221040, 0000.920147, -000.162276, 0000.057815, 0000.965909, -000.252342, 0000.691020, 
0000000099, 1555448811.921387369,   206,  1,  -000.908881, 0000.376075, -000.180284, -000.034823, 0000.339890, 0000.918437, 0000.202358, -000.169600, 0000.241682, 0000.122643, -000.962574, 0000.588103,   209,  1,  -000.943854, 0000.134692, 0000.301659, 0000.114113, 0000.325430, 0000.221849, 0000.919173, -000.162170, 0000.056883, 0000.965733, -000.253226, 0000.691107, 
0000000100, 1555448811.932622982,   206,  1,  -000.908769, 0000.376369, -000.180235, -000.034540, 0000.340202, 0000.918329, 0000.202320, -000.169429, 0000.241662, 0000.122546, -000.962591, 0000.588923,   209,  1,  -000.943304, 0000.134895, 0000.303283, 0000.114035, 0000.327094, 0000.222389, 0000.918451, -000.162522, 0000.056448, 0000.965581, -000.253904, 0000.691212, 
0000000101, 1555448811.943859193,   206,  1,  -000.908776, 0000.376195, -000.180562, -000.034137, 0000.339958, 0000.918397, 0000.202424, -000.168795, 0000.241979, 0000.122575, -000.962508, 0000.588411,   209,  1,  -000.942812, 0000.134615, 0000.304933, 0000.114140, 0000.328666, 0000.223030, 0000.917734, -000.162228, 0000.055532, 0000.965472, -000.254519, 0000.691271, 
0000000102, 1555448811.955094850,   206,  1,  -000.908604, 0000.376574, -000.180639, -000.033734, 0000.340112, 0000.918147, 0000.203299, -000.168186, 0000.242410, 0000.123281, -000.962309, 0000.588174,   209,  1,  -000.942350, 0000.134634, 0000.306350, 0000.114147, 0000.330061, 0000.223204, 0000.917191, -000.162280, 0000.055107, 0000.965429, -000.254774, 0000.691352, 
0000000103, 1555448811.966330860,   206,  1,  -000.908925, 0000.375387, -000.181492, -000.033346, 0000.338875, 0000.918669, 0000.203006, -000.167720, 0000.242937, 0000.123014, -000.962211, 0000.588553,   209,  1,  -000.941552, 0000.135724, 0000.308315, 0000.114216, 0000.332252, 0000.223174, 0000.916407, -000.162108, 0000.055571, 0000.965283, -000.255225, 0000.691425, 
0000000104, 1555448811.977566782,   206,  1,  -000.909573, 0000.374111, -000.180879, -000.032905, 0000.337647, 0000.919105, 0000.203077, -000.167062, 0000.242220, 0000.123640, -000.962311, 0000.588372,   209,  1,  -000.941115, 0000.135571, 0000.309714, 0000.114215, 0000.333562, 0000.222967, 0000.915982, -000.162174, 0000.055124, 0000.965353, -000.255058, 0000.691522, 
