%% K. Suvada- May 2022 
% Kacey Updated so now just data- call function 'BarPlotandErr' with these
% variables

%%Controls
%% RTIS1003

%RD
RTRD = 101.70;
errRT = .55;

R25RD= 101.23;
errR25 =.27;

R50RD=103.26;
errR50 = 1.76;

UTRD = 89.58;
errUT = 4.76;

U25RD= 93.85;
errU25=2.13;

U50RD = 87.91;
errU50 = 1.02;

%% TD
RTTD = 5.01;
errRT = 2.42;

R25TD= 3.05;
errR25 =.88;

R50TD=4.49;
errR50 = 1.18;


UTTD = 2.81;
errUT = 2.27;


U25TD= 3.74;
errU25= 1.60;


U50TD = 2.36;
errU50 = .41;

%% Trunk Angle
RTANG = 7.75;
errRT = 2.95;

R25ANG= 6.06;
errR25 = 2.57;

R50ANG= 1.75;
errR50 = 1.24;


UTANG =-1.50;
errUT = 2.04;


U25ANG= -2.27;
errU25= .93;


U50ANG = -.71;
errU50 = 3.46;
%% RTIS1004

%RD
RTRD = 88.94;
errRT = 1.75;

R25RD= 93.16;
errR25 = 1.04;

R50RD=92.93;
errR50 =1.07;

UTRD = 86.16;
errUT = .76;

U25RD= 92.38;
errU25= 1.09;

U50RD =90.91;
errU50 = 1.11;

%% TD
RTTD = .46;
errRT = .35;

R25TD= 1.11;
errR25 =.70;

R50TD=1.48;
errR50 = .70;


UTTD = .71;
errUT = .44;


U25TD= 1.94;
errU25= .93;


U50TD = 1.98;
errU50 = .86;

%% Trunk Angle
RTANG = -1.93;
errRT = 1.26;

R25ANG= -3.12;
errR25 = .88;

R50ANG= -1.82;
errR50 = .72;


UTANG =-.64;
errUT = .47;


U25ANG= -1.75;
errU25= 1.21;


U50ANG = -1.01;
errU50 = .80;

%% RTIS1005

%RD
RTRD = 101.99;
errRT = 2.49;

R25RD= 102.48;
errR25 = 1.33;

R50RD=101.98;
errR50 = 1.17;

UTRD = 97.36;
errUT = 1.69;

U25RD= 98.96;
errU25=1.75;

U50RD =99.79;
errU50 = .83;

%% TD
RTTD =2.08;
errRT = 1.16;

R25TD= 1.73;
errR25 =1.02;

R50TD=1.45;
errR50 = .75;


UTTD = 2.78;
errUT = .93;


U25TD= 2.61;
errU25= .63;


U50TD = 4.04;
errU50 = .88;

%% Trunk Angle
RTANG = -1.14;
errRT = 2.12;

R25ANG= 1.58;
errR25 = 3.91;

R50ANG= .94;
errR50 = 1.03;


UTANG =- 2.84;
errUT = 1.47;


U25ANG= -1.84;
errU25= 1.03;


U50ANG = -2.36;
errU50 = .81;

%% RTIS1006

%RD
RTRD = 93.03;
errRT = 1.73;

R25RD= 91.61;
errR25 = 1.38;

R50RD=92.08;
errR50 =1.51;

UTRD = 90.80;
errUT = 1.89;

U25RD= 87.91;
errU25=2.80;

U50RD = 88.95;
errU50 = 3.82;

%% TD
RTTD = .31;
errRT = .17;

R25TD= 1.16;
errR25 =.27;

R50TD=1.07;
errR50 =.30;


UTTD = 1.41;
errUT = .76;


U25TD= 1.63;
errU25= .62;


U50TD = 2.35;
errU50 = .65;

%% Trunk Angle
RTANG = -.22;
errRT = .47;

R25ANG= 1.13;
errR25 = .300;

R50ANG=.69;
errR50 =.26;


UTANG =1.61;
errUT = .97;


U25ANG= -1.21;
errU25= 1.07;


U50ANG = -1.07;
errU50 = .69;
