%% K. Suvada- May 2022 
% Kacey Updated so now just data- call function 'BarPlotandErr' with these
% variables

%% Stroke Non-Paretic 

%% RTIS2001

%RD
RTRD = 93.42;
errRT = .97;

R25RD= 95.73;
errR25 = .43;

R50RD=95.37;
errR50 =.60;

UTRD = 91.72;
errUT = .42;

U25RD= 89.09;
errU25=1.94;

U50RD = 88.46;
errU50 = 1.68;

%% TD
RTTD =2.18; 
errRT = 1.19;

R25TD= 1.25;
errR25 =.79;

R50TD=1.33;
errR50 =.30;


UTTD = 3.23;
errUT = 1.38;


U25TD= 2.64;
errU25= 1.59;


U50TD = 3.53;
errU50 = 1.53;

%% Trunk Angle
RTANG = .40;
errRT = 1.21;

R25ANG= 5.56;
errR25 =2.23;

R50ANG=4.17;
errR50 =1.35;


UTANG = 2.38;
errUT = 1.22;


U25ANG= 1.44;
errU25= 2.16;


U50ANG = 3.39;
errU50 = 3.06;


%% RTIS2002

%RD
RTRD = 94.15;
errRT =1.45;

R25RD= 93.94;
errR25 = 1.85;

R50RD= 93.50;
errR50 = 1.30;

UTRD = 93.08;
errUT = .76;

U25RD= 94.84;
errU25=1.14;

U50RD = 95.01;
errU50 = .50;

%% TD
RTTD = 1.52;
errRT = .25;

R25TD= .63;
errR25 =.38;

R50TD=.57;
errR50 =.34;


UTTD = 3.13;
errUT = 1.25;


U25TD= 2.78;
errU25= .82;


U50TD = 2.43;
errU50 = .95;

%% Trunk Angle
RTANG =-2.70;
errRT = .45;

R25ANG= -2.31;
errR25 =.63;

R50ANG= -2.18;
errR50 =.58;


UTANG = -4.28;
errUT = 1.33;


U25ANG= -4.65;
errU25=.75;


U50ANG = -4.31;
errU50 = .88



%% RTIS2003
%RD
RTRD = 97.39;
errRT = 2.34;

R25RD= 98.69;
errR25 = 2.28;

R50RD= 96.85;
errR50 =1.27;

UTRD = 96.03;
errUT = 2.00;

U25RD= 97.29;
errU25= 1.26;

U50RD = 96.45
errU50 = .65;

%% TD
RTTD = 1.93;
errRT = .66;

R25TD= 1.54;
errR25 =.66;

R50TD= 1.61;
errR50 = .37;


UTTD = 2.65;
errUT = 1.15;


U25TD= 3.16;
errU25= .97;


U50TD = 3.17;
errU50 = .79;

%% Trunk Angle
RTANG = -.58;
errRT = 1.05;

R25ANG= -.71;
errR25 = 1.50;

R50ANG= -.64;
errR50 = 1.04;


UTANG = -.25;
errUT = 1.50;


U25ANG= -.35;
errU25=.47;


U50ANG = 1.26;
errU50 = 1.02;


%% RTIS2006
%RD
RTRD = 100.64;
errRT = .44;

R25RD= 100.61;
errR25 = .44;

R50RD=99.85;
errR50 =.67;

UTRD = 100.36;
errUT = .44;

U25RD= 99.20;
errU25=1.43;

U50RD = 99.72;
errU50 = .52;

%% TD
RTTD = 2.18;
errRT = .68;

R25TD= 1.66;
errR25 =.54;

R50TD=1.59;
errR50 =.64;


UTTD = 1.03;
errUT = .35;


U25TD= 1.53;
errU25= .78;


U50TD = 1.73;
errU50 = .95;

%% Trunk Angle
RTANG =1.11;
errRT = 1.53;

R25ANG= -.52;
errR25 =1.24;

R50ANG=1.49;
errR50 =1.00;


UTANG = -.26;
errUT = 1.12;


U25ANG= 1.07;
errU25=1.18;


U50ANG = .25;
errU50 = 1.10;


%% RTIS2007
%RD
RTRD = 90.28;
errRT =.71;

R25RD= 88.26;
errR25 = 1.33;

R50RD=88.88;
errR50 = .92;

UTRD = 89.04;
errUT = .98;

U25RD= 88.40;
errU25=.49;

U50RD = 88.28;
errU50 = .59;

%% TD
RTTD = 1.51;
errRT = .39;

R25TD= .79;
errR25 =.33;

R50TD=.98;
errR50 =.23;


UTTD = 1.61;
errUT = .50;


U25TD= 3.11;
errU25= .97;


U50TD = 3.61;
errU50 = 1.14;

%% Trunk Angle
RTANG =.95;
errRT = 1.17;

R25ANG= 1.75;
errR25 =1.09;

R50ANG=1.43;
errR50 =.65;


UTANG = 1.77;
errUT = .67;


U25ANG= 3.97;
errU25=1.37;


U50ANG = 5.53;
errU50 = 1.10;

%% RTIS2008
%RD
RTRD = 97.25;
errRT =.85;

R25RD= 100.08;
errR25 = .81;

R50RD=99.63;
errR50 =.78;

UTRD = 93.04;
errUT = 1.81;

U25RD= 97.98;
errU25=.95;

U50RD = 96.47;
errU50 = 1.87;

%% TD
RTTD = 1.43;
errRT = .58;

R25TD= 2.56;
errR25 =.58;

R50TD=1.70;
errR50 =.43;


UTTD = .88;
errUT = .39;


U25TD= 3.76;
errU25= 1.13;


U50TD = 3.72;
errU50 = 1.32;

%% Trunk Angle
RTANG = 1.60;
errRT = 1.15;

R25ANG= .55;
errR25 =.87;

R50ANG=1.51;
errR50 =.49;


UTANG = .1;
errUT = .67;


U25ANG= -2.60;
errU25=.94;


U50ANG = 2.24;
errU50 = 1.62;


%% RTIS2009
%RD
RTRD = 94.97;
errRT =1.29;

R25RD= 98.13;
errR25 = .38;

R50RD=97.28;
errR50 =1.06;

UTRD = 94.24;
errUT = .52;

U25RD= 96.78;
errU25=.40;

U50RD = 96.58;
errU50 = .59;

%% TD
RTTD = 2.00;
errRT = .80;

R25TD= 1.48;
errR25 =.60;

R50TD=2.04;
errR50 =.59;


UTTD = 2.20;
errUT = 1.19;


U25TD= 2.23;
errU25= .96;


U50TD = 2.01;
errU50 = 1.37;

%% Trunk Angle
RTANG =.07;
errRT = 1.53;

R25ANG= 2.18;
errR25 =.94;

R50ANG=3.26;
errR50 =.53;

UTANG = -4.29;
errUT = 1.09;


U25ANG= 2.45;
errU25=1.42;


U50ANG = -1.80;
errU50 = 1.95;


%% RTIS2010
%RD
RTRD = 95.18;
errRT =.53;

R25RD= 95.77;
errR25 = .67;

R50RD=94.35;
errR50 =.53;

UTRD = 93.79;
errUT = .67;

U25RD= 94.13;
errU25=.77;

U50RD = 93.24;
errU50 = .85;

%% TD
RTTD = .83;
errRT = .52;

R25TD= 2.54;
errR25 =.93

R50TD=1.06;
errR50 =.48;


UTTD = 4.71;
errUT = .66;


U25TD= 4.15;
errU25= 1.46;


U50TD = 2.47;
errU50 = .69;

%% Trunk Angle
RTANG =.88;
errRT = .87;

R25ANG= 3.21;
errR25 =.47;

R50ANG=1.61;
errR50 =.64;


UTANG = -.56;
errUT = 1.04;


U25ANG= .43;
errU25=1.47;


U50ANG = -1.16;
errU50 = .80;



%% RTIS2011
%RD
RTRD = 93.90;
errRT =1.19;

R25RD= 92.79;
errR25 = .66;

R50RD= 91.74;
errR50 =.81;

UTRD = 90.61;
errUT = 1.76;

U25RD= 88.81;
errU25=.87;

U50RD = 87.64;
errU50 = 1.83;

%% TD
RTTD = .85;
errRT = .35;

R25TD= .65;
errR25 =.39;

R50TD= 1.50;
errR50 = .62;


UTTD = 1.39;
errUT = 1.06;


U25TD= 1.09;
errU25= 1.02;


U50TD = 3.02;
errU50 = 2.05;

%% Trunk Angle
RTANG =-1.36;
errRT = .84;

R25ANG= -.78;
errR25 =1.72;

R50ANG=-1.28;
errR50 =.900;


UTANG = -2.01;
errUT = 1.21;


U25ANG= -.93;
errU25=.98;


U50ANG = -2.15;
errU50 = 2.15;
