%% K. Suvada- May 2022 
% Kacey Updated so now just data- call function 'BarPlotandErr' with these
% variables

%% Stroke Paretic 


%% RTIS2001

%RD
RTRD = 95.26;
errRT = 1.57;

UTRD = 89.65;
errUT = 2.79;

R25RD= 74.45;
errR25 = 1.38;

U25RD=67.18;
errU25= 2.55;

R50RD=72.78;
errR50 =1.38;

U50RD = 66.89;
errU50 = 2.39;
%% TD
RTTD = 2.62;
errRT = 1.14;

R25TD= 2.76;
errR25 =1.14;

R50TD=2.69;
errR50 =.78;


UTTD = 4.59;
errUT = 2.28;


U25TD= 6.22;
errU25= 1.55;


U50TD = 6.94;
errU50 = 1.42;

%% Trunk Angle
RTANG = -1.04;
errRT = 2.08;

R25ANG= 4.17;
errR25 = 2.00;

R50ANG=4.39;
errR50 =1.76;


UTANG = -.60;
errUT = 3.53;


U25ANG= 6.61;
errU25= 1.66;


U50ANG = 7.09;
errU50 = 1.48;


%%
% RTIS2002

RTRD = 72.55;
errRT = 2.24;

R25RD = 66.55;
errR25 = 1.13;

R50RD = 65.56;
errR50 = 1.18;

UTRD = 77.90;
errUT = 1.20;

U25RD = 64.02;
errU25 = 1.82;

U50RD = 65.24;
errU50 = 1.49;

%% TD

RTTD = 1.28;
errRT = .48;

R25TD= .79;
errR25 =.41;

R50TD= .68;
errR50 = .40;


UTTD = 4.60;
errUT =1.57;


U25TD= 3.39;
errU25= .95;


U50TD = 2.07;
errU50 = .88;

%% Trunk Angle

RTANG =2.72;
errRT = 1.00;

R25ANG= .32;
errR25 = .51;

R50ANG=.51;
errR50 =.32;


UTANG = -4.80;
errUT =1.76;


U25ANG= -.70;
errU25= 1.08;


U50ANG =.61;
errU50 = .33;
%% RTIS 2003

RTRD = 94.35;
errRT = 2.57;

R25RD = 90.92;
errR25 =1.09;

R50RD =92.00 ;
errR50  =2.65;

UTRD = 87.13;
errUT= 2.87;

U25RD = 89.02 ;
errU25= 1.56;

U50RD =87.54 ;
errU50 = 2.32;

%% TD
RTTD = 2.88;
errRT = .53;

R25TD= 2.41;
errR25 = .82;

R50TD= 3.11;
errR50 = .72; 


UTTD = 1.35;
errUT = .76;


U25TD= 3.77;
errU25= 2.04;


U50TD = 3.46;
errU50 = 1.90;

%% Trunk Angle

RTANG =3.34;
errRT = 2.11;

R25ANG=6.85;
errR25 = 1.43;

R50ANG=6.65;
errR50 =1.09;


UTANG = .26;
errUT =.98;


U25ANG= 4.07;
errU25= 2.02;


U50ANG =2.84;
errU50 = 2.71;
%% RTIS2006 

RTRD = 78.06;
errRT =1.41;

R25RD = 74.93;
errR25 =1.32;

R50RD = 73.77;
errR50 = 2.55;

UTRD = 79.59;
errUT=1.05;

U25RD = 71.14 ;
errU25=.86;

U50RD = 71.59;
errU50=1.52;
%% TD

RTTD = 2.05;
errRT = 1.08;

R25TD= 1.35;
errR25 = .36;

R50TD= .84;
errR50 = .27;


UTTD = 4.93;
errUT = 1.71;


U25TD= 4.31;
errU25= 1.41;


U50TD = 3.28;
errU50 = .78;

%% Trunk Angle

RTANG = 3.43;
errRT = .67;

R25ANG=.87;
errR25 =1.29;

R50ANG=.99;
errR50 =.46;


UTANG = -1.90;
errUT =.91;


U25ANG= 1.11;
errU25=1.15;


U50ANG =.92;
errU50 = .58;
%% RTIS2007
RTRD = 82.71;
errRT=1.02;

R25RD = 65.93 ;
errR25 = 1.88;

R50RD = 65.82;
errR50 = 1.00;

UTRD = 82.85;
errUT = 1.21;

U25RD = 67.68 ;
errU25= 2.79;

U50RD =65.21 ;
errU50 =1.57;
%% TD

RTTD = 2.50;
errRT = 1.09;

R25TD=.36;
errR25 = .17;

R50TD= .58;
errR50 = .32;


UTTD = 2.76;
errUT = 1.13;


U25TD= 2.92;
errU25= 1.93;


U50TD = 2.32;
errU50 = 2.49;

%% Trunk Angle

RTANG = -.67;
errRT = 1.08;

R25ANG= -.44;
errR25 = .81;

R50ANG=-.83;
errR50 = 1.72;


UTANG = -1.90;
errUT =.97;


U25ANG= -.78;
errU25=1.25;


U50ANG =2.02;
errU50 = 1.51;
%% RTIS2008

RTRD =99.20;
errRT = 1.95;

R25RD = 99.30 ;
errR25= 1.05;

R50RD = 99.52;
errR50 = 1.92;

UTRD = 95.45;
errUT = 2.20;

U25RD = 93.56 ;
errU25=2.23;

U50RD =94.19 ;
errU50= 2.10;

%%
%% TD

RTTD = .83;
errRT = .71;

R25TD=2.56;
errR25 = .67;

R50TD= 2.05;
errR50 = .56;


UTTD = 3.87;
errUT = 2.32;


U25TD= 4.86;
errU25= 1.92;


U50TD = 4.62;
errU50 = 1.49;
%% Trunk Angle

RTANG = -1.53;
errRT = 1.01;

R25ANG=-1.53;
errR25 =.33;

R50ANG=-.97;
errR50 = .85;


UTANG = -4.31;
errUT =2.85;


U25ANG= -3.85;
errU25=1.78;


U50ANG =-4.63;
errU50 = 2.03;
%% RTIS2009
RTRD =82.89;
errRT =1.14;

R25RD = 78.28 ;
errR25 =.98;

R50RD = 78.36 ;
errR50 = 1.47;

UTRD = 79.49;
errUT =1.11;

U25RD = 74.81 ;
errU25= 2.45;

U50RD = 75.19 ;
errU50=1.02;
%% TD

RTTD =1.62;
errRT = .26;

R25TD=.95;
errR25 = .28;

R50TD= 1.20;
errR50 = .71;


UTTD = 2.58;
errUT = 1.27;


U25TD= 3.21;
errU25= 2.00;


U50TD = 2.95;
errU50 =1.38;
%% Trunk Angle

RTANG = 2.11;
errRT = 1.34;

R25ANG=.13;
errR25 =.43;

R50ANG=-.58;
errR50 =1.00;


UTANG = -.67;
errUT =1.20;


U25ANG= .95;
errU25=1.61;


U50ANG =1.55;
errU50 = 1.07;

%% RTIS2010
RTRD =103.83;
errRT = .49;

R25RD =  95.40;
errR25=1.28;

R50RD = 93.51;
errR50 = 1.40;

UTRD =103.89;
errUT = .36;

U25RD =  89.90;
errU25= 5.65;

U50RD =  91.48;
errU50 = .81;
%% TD

RTTD =1.01;
errRT = .19;

R25TD=.84;
errR25 = .21;

R50TD= .50;
errR50 = .31;


UTTD = .81;
errUT = .46;


U25TD= 2.32;
errU25= .87;


U50TD = 1.58;
errU50 =.56;

%% Trunk Angle

RTANG = -.46;
errRT = .32;

R25ANG=.55;
errR25 =.24;

R50ANG=.63;
errR50 =.33;


UTANG = -.52;
errUT = .77;


U25ANG= -.34;
errU25=.99;


U50ANG =-.24
errU50 = .85;
%% RTIS2011

RTRD =57.19;
errRT= 1.32;

R25RD = 50.17 ;
errR25 = 1.44;

R50RD =45.39;
errR50 = .98;

UTRD =53.41;
errUT = 1.79;

U25RD = 43.57 ;
errU25= .52;

U50RD =  42.81;
errU50 = 1.44;

%% TD

RTTD =.21;
errRT = .16;

R25TD= .28;
errR25 = .23;

R50TD= .26;
errR50 = .16;


UTTD = 1.22;
errUT = .51;


U25TD= .84;
errU25= .66;


U50TD = .84;
errU50 =.52;

%% Trunk Angle

RTANG = .09;
errRT = .74;

R25ANG=-.23;
errR25 =.27;

R50ANG=.09;
errR50 =.31;


UTANG = -.1;
errUT =.54;


U25ANG= -2.10;
errU25= 1.54;


U50ANG = -.83;
errU50 = 1.13;
