% Measurements merged on 10/09/19 17:35:32 Central Daylight Time
% Original files:
%    1: C:\Users\Al\Desktop\Nayo\KACEY\STROKE\RTIS2001\RTIS2001_REAL_trunkfree\2001tf_reg_00000012_Series2s24.hts  (Series2s24)
%    2: C:\Users\Al\Desktop\Nayo\KACEY\STROKE\RTIS2001\RTIS2001_REAL_trunkfree\2001tf_reg_00000012_Series2s25.hts  (Series2s25)
% Merge host: Al-PC
% System: MERGED
% nSharedImages: 10
%
% Interpolated markers have status set to 2
%
% EMB001 (Marker properties) Series:1024, ID:237, Size:20, Thickness:000.647, tPu:[-001.323 +071.946 -004.697]
% EMB001 (Marker properties) Series:2031, ID:019, Size:35, Thickness:001.846, tPu:[+000.000 +000.000 +000.000]
% EMB001 (Marker properties) Series:2032, ID:080, Size:44, Thickness:002.203, tPu:[+000.000 +000.000 +000.000]
%
% ImageNumber,             FrameTime,           Marker,  ST, HT(1, 1),    HT(1, 2),    HT(1, 3),    HT(1, 4),    HT(2, 1),    HT(2, 2),    HT(2, 3),    HT(2, 4),    HT(3, 1),    HT(3, 2),    HT(3, 3),    HT(3, 4)
%
0000000000, 1570660937.561836457,   019,  1,  0000.918730, -000.370281, -000.137215, -000.059820, -000.350324, -000.603906, -000.715940, 0000.072002, 0000.182234, 0000.705825, -000.684545, 0000.598203,   080,  1,  0000.658739, -000.668339, 0000.345523, -000.207276, -000.563494, -000.742567, -000.362034, -000.082533, 0000.498535, 0000.043786, -000.865763, 0000.584876,   237,  1,  0000.068476, -000.982773, -000.171661, -000.120674, -000.524314, -000.181838, 0000.831883, 0000.141482, -000.848767, 0000.033040, -000.527733, 0000.619001, 
0000000001, 1570660937.573072409,   019,  1,  0000.918702, -000.370276, -000.137412, -000.059812, -000.350490, -000.603971, -000.715804, 0000.071989, 0000.182052, 0000.705772, -000.684648, 0000.598022,   080,  1,  0000.658804, -000.668273, 0000.345527, -000.207245, -000.563452, -000.742627, -000.361977, -000.082503, 0000.498497, 0000.043784, -000.865785, 0000.584745,   237,  1,  0000.068327, -000.982644, -000.172458, -000.120663, -000.524193, -000.182438, 0000.831828, 0000.141601, -000.848854, 0000.033565, -000.527561, 0000.618998, 
0000000002, 1570660937.584308331,   019,  1,  0000.918895, -000.369913, -000.137103, -000.059805, -000.350049, -000.604259, -000.715777, 0000.071999, 0000.181929, 0000.705716, -000.684738, 0000.597984,   080,  1,  0000.658874, -000.668245, 0000.345447, -000.207268, -000.563529, -000.742656, -000.361797, -000.082499, 0000.498317, 0000.043709, -000.865892, 0000.584779,   237,  1,  0000.069212, -000.982458, -000.173165, -000.120699, -000.524150, -000.183504, 0000.831621, 0000.141642, -000.848809, 0000.033206, -000.527656, 0000.619010, 
0000000003, 1570660937.595544219,   019,  1,  0000.918812, -000.370120, -000.137097, -000.059816, -000.350214, -000.604307, -000.715656, 0000.072032, 0000.182030, 0000.705567, -000.684866, 0000.598094,   080,  1,  0000.658861, -000.668297, 0000.345371, -000.207263, -000.563566, -000.742606, -000.361842, -000.082475, 0000.498293, 0000.043764, -000.865904, 0000.584721,   237,  1,  0000.069363, -000.982260, -000.174227, -000.120714, -000.524024, -000.184487, 0000.831483, 0000.141779, -000.848875, 0000.033625, -000.527524, 0000.618986, 
0000000004, 1570660937.606780318,   019,  1,  0000.918732, -000.370282, -000.137198, -000.059794, -000.350463, -000.604492, -000.715378, 0000.072038, 0000.181956, 0000.705323, -000.685136, 0000.597967,   080,  1,  0000.658908, -000.668263, 0000.345348, -000.207290, -000.563624, -000.742643, -000.361676, -000.082472, 0000.498165, 0000.043665, -000.865982, 0000.584782,   237,  1,  0000.069290, -000.982198, -000.174600, -000.120731, -000.523344, -000.184792, 0000.831843, 0000.141883, -000.849300, 0000.033737, -000.526832, 0000.618971, 
0000000005, 1570660937.618016300,   019,  1,  0000.918836, -000.370078, -000.137052, -000.059780, -000.350290, -000.604861, -000.715150, 0000.072049, 0000.181764, 0000.705113, -000.685403, 0000.597872,   080,  1,  0000.658997, -000.668235, 0000.345232, -000.207261, -000.563596, -000.742661, -000.361682, -000.082445, 0000.498079, 0000.043776, -000.866026, 0000.584692,   237,  1,  0000.069304, -000.982131, -000.174975, -000.120768, -000.522526, -000.185150, 0000.832278, 0000.141825, -000.849802, 0000.033749, -000.526020, 0000.618984, 
0000000006, 1570660937.629251980,   019,  1,  0000.918902, -000.369973, -000.136893, -000.059773, -000.350141, -000.605073, -000.715044, 0000.072074, 0000.181717, 0000.704987, -000.685545, 0000.597816,   080,  1,  0000.659131, -000.668116, 0000.345206, -000.207255, -000.563548, -000.742769, -000.361535, -000.082431, 0000.497956, 0000.043759, -000.866098, 0000.584669,   237,  1,  0000.069632, -000.982081, -000.175124, -000.120744, -000.523109, -000.185425, 0000.831850, 0000.141937, -000.849416, 0000.033686, -000.526647, 0000.618953, 
0000000007, 1570660937.640488346,   019,  1,  0000.918920, -000.369956, -000.136819, -000.059792, -000.350088, -000.605140, -000.715013, 0000.072121, 0000.181728, 0000.704938, -000.685592, 0000.598034,   080,  1,  0000.659219, -000.667971, 0000.345320, -000.207234, -000.563477, -000.742907, -000.361361, -000.082411, 0000.497920, 0000.043636, -000.866125, 0000.584613,   237,  1,  0000.069157, -000.982093, -000.175245, -000.120762, -000.523071, -000.185279, 0000.831907, 0000.141879, -000.849479, 0000.034133, -000.526518, 0000.618938, 
0000000008, 1570660937.651724077,   019,  1,  0000.919061, -000.369707, -000.136541, -000.059782, -000.349746, -000.605384, -000.714974, 0000.072125, 0000.181671, 0000.704860, -000.685688, 0000.597903,   080,  1,  0000.659280, -000.667931, 0000.345280, -000.207278, -000.563514, -000.742947, -000.361223, -000.082409, 0000.497796, 0000.043577, -000.866198, 0000.584713,   237,  1,  0000.068626, -000.982159, -000.175086, -000.120750, -000.523456, -000.184850, 0000.831760, 0000.141900, -000.849285, 0000.034569, -000.526802, 0000.618904, 
0000000009, 1570660937.662960539,   019,  1,  0000.918975, -000.369817, -000.136825, -000.059795, -000.350037, -000.605334, -000.714874, 0000.072148, 0000.181548, 0000.704845, -000.685736, 0000.597985,   080,  1,  0000.659227, -000.668045, 0000.345160, -000.207242, -000.563707, -000.742849, -000.361124, -000.082382, 0000.497648, 0000.043494, -000.866288, 0000.584605,   237,  1,  0000.068333, -000.982273, -000.174556, -000.120735, -000.524224, -000.184216, 0000.831417, 0000.141905, -000.848834, 0000.034693, -000.527519, 0000.618867, 
