% Measurements merged on 10/09/19 17:32:44 Central Daylight Time
% Original files:
%    1: C:\Users\Al\Desktop\Nayo\KACEY\STROKE\RTIS2001\RTIS2001_REAL_trunkfree\2001tf_reg_00000007_Series2s24.hts  (Series2s24)
%    2: C:\Users\Al\Desktop\Nayo\KACEY\STROKE\RTIS2001\RTIS2001_REAL_trunkfree\2001tf_reg_00000007_Series2s25.hts  (Series2s25)
% Merge host: Al-PC
% System: MERGED
% nSharedImages: 10
%
% Interpolated markers have status set to 2
%
% EMB001 (Marker properties) Series:1024, ID:237, Size:20, Thickness:000.647, tPu:[-001.323 +071.946 -004.697]
% EMB001 (Marker properties) Series:2031, ID:019, Size:35, Thickness:001.846, tPu:[+000.000 +000.000 +000.000]
% EMB001 (Marker properties) Series:2031, ID:051, Size:35, Thickness:001.844, tPu:[+000.000 +000.000 +000.000]
% EMB001 (Marker properties) Series:2032, ID:073, Size:44, Thickness:002.200, tPu:[+000.000 +000.000 +000.000]
% EMB001 (Marker properties) Series:2032, ID:080, Size:44, Thickness:002.203, tPu:[+000.000 +000.000 +000.000]
% EMB001 (Marker properties) Series:2032, ID:087, Size:44, Thickness:002.251, tPu:[+000.000 +000.000 +000.000]
%
% ImageNumber,             FrameTime,           Marker,  ST, HT(1, 1),    HT(1, 2),    HT(1, 3),    HT(1, 4),    HT(2, 1),    HT(2, 2),    HT(2, 3),    HT(2, 4),    HT(3, 1),    HT(3, 2),    HT(3, 3),    HT(3, 4)
%
0000000000, 1570660769.674196023,   019,  1,  0000.972395, -000.229777, -000.040634, -000.088886, -000.226530, -000.887816, -000.400584, 0000.180666, 0000.055970, 0000.398730, -000.915359, 0000.874390,   051,  1,  0000.723284, -000.553614, -000.412762, -000.182414, -000.167180, -000.720328, 0000.673185, -000.174376, -000.670009, -000.417898, -000.613555, 0000.658576,   073,  1,  -000.778806, -000.520289, 0000.350372, 0000.015630, -000.350047, 0000.824000, 0000.445524, -000.014269, -000.520508, 0000.224330, -000.823861, 0000.843465,   080,  1,  0000.789827, -000.544274, 0000.282735, -000.201660, -000.566294, -000.824190, -000.004637, 0000.003729, 0000.235552, -000.156449, -000.959187, 0000.808639,   087,  1,  0000.877480, 0000.450174, 0000.165444, -000.055797, 0000.138354, -000.567880, 0000.811400, -000.126030, 0000.459223, -000.689098, -000.560587, 0000.727985,   237,  1,  -000.846519, -000.498799, 0000.186024, -000.025442, 0000.049842, 0000.273640, 0000.960540, 0000.125081, -000.530020, 0000.822387, -000.206780, 0000.831419, 
0000000001, 1570660769.685431928,   019,  1,  0000.972211, -000.230494, -000.040962, -000.088864, -000.227319, -000.887642, -000.400521, 0000.180603, 0000.055958, 0000.398703, -000.915371, 0000.874131,   051,  2,  0000.723203, -000.553917, -000.412497, -000.182591, -000.167619, -000.720189, 0000.673224, -000.174475, -000.669986, -000.417736, -000.613690, 0000.659094,   073,  1,  -000.778917, -000.520057, 0000.350469, 0000.015624, -000.350015, 0000.824220, 0000.445142, -000.014291, -000.520363, 0000.224060, -000.824026, 0000.843344,   080,  1,  0000.789900, -000.544140, 0000.282790, -000.201675, -000.566198, -000.824257, -000.004497, 0000.003733, 0000.235539, -000.156563, -000.959171, 0000.808676,   087,  1,  0000.877611, 0000.449840, 0000.165660, -000.055833, 0000.138084, -000.568150, 0000.811257, -000.126054, 0000.459056, -000.689093, -000.560730, 0000.728162,   237,  1,  -000.846339, -000.499058, 0000.186151, -000.025446, 0000.049660, 0000.274031, 0000.960438, 0000.125119, -000.530325, 0000.822100, -000.207139, 0000.831353, 
0000000002, 1570660769.696667660,   019,  1,  0000.972101, -000.230884, -000.041383, -000.088850, -000.227835, -000.887452, -000.400650, 0000.180572, 0000.055779, 0000.398901, -000.915296, 0000.873980,   051,  1,  0000.723122, -000.554220, -000.412231, -000.182767, -000.168057, -000.720051, 0000.673264, -000.174573, -000.669963, -000.417573, -000.613825, 0000.659612,   073,  1,  -000.779036, -000.520039, 0000.350232, 0000.015606, -000.350087, 0000.824209, 0000.445104, -000.014314, -000.520136, 0000.224141, -000.824148, 0000.843254,   080,  1,  0000.789921, -000.544070, 0000.282865, -000.201660, -000.566169, -000.824277, -000.004368, 0000.003723, 0000.235535, -000.156699, -000.959150, 0000.808584,   087,  1,  0000.877613, 0000.449780, 0000.165812, -000.055863, 0000.137899, -000.568151, 0000.811288, -000.126078, 0000.459107, -000.689132, -000.560641, 0000.728312,   237,  1,  -000.846546, -000.498564, 0000.186532, -000.025483, 0000.050068, 0000.274289, 0000.960343, 0000.124841, -000.529956, 0000.822314, -000.207236, 0000.831478, 
0000000003, 1570660769.707903901,   019,  1,  0000.972284, -000.230141, -000.041224, -000.088790, -000.227094, -000.887642, -000.400649, 0000.180450, 0000.055613, 0000.398906, -000.915304, 0000.873472,   051,  0,  0000.000000, 0000.000000, 0000.000000, 0000.000000, 0000.000000, 0000.000000, 0000.000000, 0000.000000, 0000.000000, 0000.000000, 0000.000000, 0000.000000,   073,  1,  -000.778995, -000.520152, 0000.350155, 0000.015601, -000.350187, 0000.824130, 0000.445172, -000.014325, -000.520131, 0000.224167, -000.824144, 0000.843315,   080,  1,  0000.789868, -000.544051, 0000.283050, -000.201619, -000.566187, -000.824265, -000.004345, 0000.003715, 0000.235672, -000.156827, -000.959095, 0000.808397,   087,  1,  0000.877706, 0000.449578, 0000.165867, -000.055859, 0000.137665, -000.568105, 0000.811360, -000.126036, 0000.458999, -000.689302, -000.560520, 0000.728097,   237,  1,  -000.846547, -000.498452, 0000.186826, -000.025445, 0000.050276, 0000.274532, 0000.960263, 0000.125192, -000.529935, 0000.822300, -000.207344, 0000.831249, 
0000000004, 1570660769.719139866,   019,  1,  0000.972202, -000.230529, -000.040978, -000.088813, -000.227359, -000.887642, -000.400500, 0000.180505, 0000.055953, 0000.398684, -000.915380, 0000.873776,   051,  0,  0000.000000, 0000.000000, 0000.000000, 0000.000000, 0000.000000, 0000.000000, 0000.000000, 0000.000000, 0000.000000, 0000.000000, 0000.000000, 0000.000000,   073,  1,  -000.779219, -000.519859, 0000.350092, 0000.015594, -000.350011, 0000.824305, 0000.444987, -000.014354, -000.519913, 0000.224206, -000.824270, 0000.843339,   080,  1,  0000.789637, -000.544439, 0000.282949, -000.201660, -000.566568, -000.824003, -000.004371, 0000.003702, 0000.235530, -000.156858, -000.959125, 0000.808561,   087,  1,  0000.877816, 0000.449368, 0000.165854, -000.055861, 0000.137571, -000.568182, 0000.811322, -000.126000, 0000.458817, -000.689375, -000.560579, 0000.727881,   237,  1,  -000.846286, -000.498892, 0000.186833, -000.025459, 0000.050380, 0000.274189, 0000.960355, 0000.125123, -000.530341, 0000.822148, -000.206908, 0000.831279, 
0000000005, 1570660769.730375910,   019,  1,  0000.972286, -000.230204, -000.040827, -000.088823, -000.226987, -000.887624, -000.400751, 0000.180562, 0000.056015, 0000.398912, -000.915277, 0000.874036,   051,  0,  0000.000000, 0000.000000, 0000.000000, 0000.000000, 0000.000000, 0000.000000, 0000.000000, 0000.000000, 0000.000000, 0000.000000, 0000.000000, 0000.000000,   073,  1,  -000.779202, -000.520122, 0000.349739, 0000.015586, -000.350309, 0000.824107, 0000.445119, -000.014368, -000.519739, 0000.224321, -000.824349, 0000.843453,   080,  1,  0000.789656, -000.544394, 0000.282983, -000.201730, -000.566543, -000.824021, -000.004305, 0000.003701, 0000.235527, -000.156923, -000.959115, 0000.808802,   087,  1,  0000.877837, 0000.449302, 0000.165920, -000.055911, 0000.137528, -000.568284, 0000.811258, -000.126075, 0000.458789, -000.689334, -000.560652, 0000.728275,   237,  1,  -000.846552, -000.498373, 0000.187015, -000.025497, 0000.050521, 0000.274520, 0000.960253, 0000.124755, -000.529904, 0000.822352, -000.207217, 0000.831479, 
0000000006, 1570660769.741611806,   019,  1,  0000.972229, -000.230399, -000.041084, -000.088774, -000.227272, -000.887588, -000.400668, 0000.180421, 0000.055848, 0000.398878, -000.915302, 0000.873444,   051,  0,  0000.000000, 0000.000000, 0000.000000, 0000.000000, 0000.000000, 0000.000000, 0000.000000, 0000.000000, 0000.000000, 0000.000000, 0000.000000, 0000.000000,   073,  1,  -000.779287, -000.519937, 0000.349826, 0000.015568, -000.350172, 0000.824238, 0000.444984, -000.014379, -000.519703, 0000.224271, -000.824385, 0000.843260,   080,  1,  0000.789841, -000.544192, 0000.282854, -000.201712, -000.566286, -000.824197, -000.004403, 0000.003701, 0000.235524, -000.156699, -000.959153, 0000.808717,   087,  1,  0000.877865, 0000.449409, 0000.165483, -000.055929, 0000.137815, -000.567987, 0000.811417, -000.126058, 0000.458650, -000.689509, -000.560551, 0000.728201,   237,  1,  -000.846590, -000.498174, 0000.187371, -000.025493, 0000.050857, 0000.274712, 0000.960181, 0000.124764, -000.529810, 0000.822409, -000.207233, 0000.831466, 
0000000007, 1570660769.752847732,   019,  1,  0000.972075, -000.230997, -000.041363, -000.088861, -000.227934, -000.887458, -000.400579, 0000.180609, 0000.055825, 0000.398821, -000.915328, 0000.874402,   051,  0,  0000.000000, 0000.000000, 0000.000000, 0000.000000, 0000.000000, 0000.000000, 0000.000000, 0000.000000, 0000.000000, 0000.000000, 0000.000000, 0000.000000,   073,  1,  -000.779453, -000.519611, 0000.349939, 0000.015559, -000.349921, 0000.824452, 0000.444785, -000.014405, -000.519623, 0000.224238, -000.824445, 0000.843516,   080,  1,  0000.789769, -000.544240, 0000.282962, -000.201719, -000.566365, -000.824143, -000.004362, 0000.003685, 0000.235575, -000.156815, -000.959121, 0000.808713,   087,  1,  0000.877871, 0000.449348, 0000.165615, -000.055933, 0000.137789, -000.568200, 0000.811272, -000.126025, 0000.458646, -000.689372, -000.560722, 0000.728022,   237,  1,  -000.846604, -000.498214, 0000.187202, -000.025488, 0000.050626, 0000.274755, 0000.960180, 0000.124884, -000.529810, 0000.822370, -000.207386, 0000.831373, 
0000000008, 1570660769.764083834,   019,  1,  0000.972160, -000.230637, -000.041365, -000.088860, -000.227591, -000.887429, -000.400839, 0000.180587, 0000.055739, 0000.399094, -000.915214, 0000.874393,   051,  0,  0000.000000, 0000.000000, 0000.000000, 0000.000000, 0000.000000, 0000.000000, 0000.000000, 0000.000000, 0000.000000, 0000.000000, 0000.000000, 0000.000000,   073,  1,  -000.779455, -000.519771, 0000.349698, 0000.015560, -000.350115, 0000.824332, 0000.444856, -000.014420, -000.519490, 0000.224311, -000.824509, 0000.843392,   080,  1,  0000.789699, -000.544372, 0000.282905, -000.201723, -000.566503, -000.824049, -000.004322, 0000.003681, 0000.235480, -000.156854, -000.959138, 0000.808712,   087,  1,  0000.877969, 0000.449181, 0000.165549, -000.055973, 0000.137593, -000.568003, 0000.811444, -000.126086, 0000.458517, -000.689644, -000.560493, 0000.728374,   237,  1,  -000.846732, -000.498024, 0000.187130, -000.025524, 0000.050107, 0000.275520, 0000.959989, 0000.124745, -000.529655, 0000.822229, -000.208337, 0000.831432, 
0000000009, 1570660769.775319579,   019,  1,  0000.972143, -000.230721, -000.041293, -000.088885, -000.227649, -000.887491, -000.400669, 0000.180626, 0000.055796, 0000.398908, -000.915292, 0000.874648,   051,  0,  0000.000000, 0000.000000, 0000.000000, 0000.000000, 0000.000000, 0000.000000, 0000.000000, 0000.000000, 0000.000000, 0000.000000, 0000.000000, 0000.000000,   073,  1,  -000.779540, -000.519662, 0000.349671, 0000.015562, -000.350028, 0000.824387, 0000.444822, -000.014441, -000.519421, 0000.224362, -000.824538, 0000.843573,   080,  1,  0000.789778, -000.544262, 0000.282895, -000.201687, -000.566410, -000.824113, -000.004225, 0000.003673, 0000.235437, -000.156897, -000.959142, 0000.808538,   087,  1,  0000.877962, 0000.449168, 0000.165623, -000.055955, 0000.137465, -000.567928, 0000.811518, -000.126052, 0000.458570, -000.689715, -000.560364, 0000.728212,   237,  1,  -000.846838, -000.497661, 0000.187611, -000.025555, 0000.050613, 0000.275743, 0000.959898, 0000.124488, -000.529437, 0000.822374, -000.208322, 0000.831565, 
