% Measurements merged on 10/09/19 17:31:31 Central Daylight Time
% Original files:
%    1: C:\Users\Al\Desktop\Nayo\KACEY\STROKE\RTIS2001\RTIS2001_REAL_trunkfree\2001tf_reg_00000005_Series2s24.hts  (Series2s24)
%    2: C:\Users\Al\Desktop\Nayo\KACEY\STROKE\RTIS2001\RTIS2001_REAL_trunkfree\2001tf_reg_00000005_Series2s25.hts  (Series2s25)
% Merge host: Al-PC
% System: MERGED
% nSharedImages: 10
%
% Interpolated markers have status set to 2
%
% EMB001 (Marker properties) Series:1024, ID:237, Size:20, Thickness:000.647, tPu:[-001.323 +071.946 -004.697]
% EMB001 (Marker properties) Series:2031, ID:019, Size:35, Thickness:001.846, tPu:[+000.000 +000.000 +000.000]
% EMB001 (Marker properties) Series:2031, ID:051, Size:35, Thickness:001.844, tPu:[+000.000 +000.000 +000.000]
% EMB001 (Marker properties) Series:2032, ID:073, Size:44, Thickness:002.200, tPu:[+000.000 +000.000 +000.000]
% EMB001 (Marker properties) Series:2032, ID:080, Size:44, Thickness:002.203, tPu:[+000.000 +000.000 +000.000]
% EMB001 (Marker properties) Series:2032, ID:087, Size:44, Thickness:002.251, tPu:[+000.000 +000.000 +000.000]
%
% ImageNumber,             FrameTime,           Marker,  ST, HT(1, 1),    HT(1, 2),    HT(1, 3),    HT(1, 4),    HT(2, 1),    HT(2, 2),    HT(2, 3),    HT(2, 4),    HT(3, 1),    HT(3, 2),    HT(3, 3),    HT(3, 4)
%
0000000000, 1570660696.842735578,   019,  1,  0000.996828, 0000.028577, 0000.074272, -000.106056, 0000.060543, -000.878051, -000.474721, 0000.196544, 0000.051648, 0000.477713, -000.876997, 0000.820273,   051,  1,  0000.836713, -000.545358, 0000.049967, -000.060629, -000.434372, -000.605320, 0000.667015, -000.021820, -000.333516, -000.579804, -000.743367, 0000.496432,   073,  1,  -000.647849, -000.720901, 0000.246159, 0000.058868, -000.337849, 0000.561532, 0000.755341, 0000.059807, -000.682752, 0000.406182, -000.607344, 0000.778742,   080,  1,  0000.827423, -000.438941, 0000.350289, -000.184118, -000.451684, -000.890813, -000.049332, 0000.000122, 0000.333696, -000.117401, -000.935342, 0000.759410,   087,  1,  0000.695205, 0000.487688, 0000.528063, 0000.059381, -000.010471, -000.727685, 0000.685832, -000.004108, 0000.718735, -000.482323, -000.500783, 0000.602067,   237,  1,  0000.929464, -000.193264, -000.314238, 0000.169969, -000.251467, -000.955153, -000.156355, -000.007788, -000.269928, 0000.224346, -000.936380, 0000.728342, 
0000000001, 1570660696.853971296,   019,  1,  0000.996850, 0000.028071, 0000.074174, -000.105979, 0000.060054, -000.878045, -000.474795, 0000.196415, 0000.051800, 0000.477754, -000.876965, 0000.819796,   051,  1,  0000.836675, -000.545405, 0000.050091, -000.060634, -000.434409, -000.605128, 0000.667165, -000.021808, -000.333563, -000.579960, -000.743224, 0000.496526,   073,  1,  -000.648133, -000.720711, 0000.245966, 0000.058861, -000.337900, 0000.561625, 0000.755249, 0000.059972, -000.682457, 0000.406390, -000.607536, 0000.778665,   080,  1,  0000.827289, -000.439186, 0000.350298, -000.184073, -000.451904, -000.890695, -000.049459, 0000.000097, 0000.333730, -000.117384, -000.935332, 0000.759299,   087,  1,  0000.695138, 0000.487765, 0000.528081, 0000.059382, -000.010516, -000.727613, 0000.685907, -000.004025, 0000.718800, -000.482353, -000.500662, 0000.602075,   237,  1,  0000.929844, -000.193192, -000.313156, 0000.170137, -000.251307, -000.955092, -000.156985, -000.007802, -000.268765, 0000.224670, -000.936637, 0000.729103, 
0000000002, 1570660696.865207122,   019,  1,  0000.996869, 0000.027629, 0000.074087, -000.106024, 0000.059620, -000.878109, -000.474732, 0000.196510, 0000.051940, 0000.477663, -000.877007, 0000.820199,   051,  1,  0000.836610, -000.545513, 0000.049994, -000.060622, -000.434411, -000.605073, 0000.667213, -000.021792, -000.333723, -000.579915, -000.743187, 0000.496427,   073,  1,  -000.648079, -000.720742, 0000.246019, 0000.058866, -000.338034, 0000.561710, 0000.755126, 0000.059945, -000.682442, 0000.406218, -000.607667, 0000.778675,   080,  1,  0000.827404, -000.439046, 0000.350202, -000.184012, -000.451723, -000.890784, -000.049508, 0000.000076, 0000.333691, -000.117231, -000.935365, 0000.759152,   087,  1,  0000.695113, 0000.487732, 0000.528143, 0000.059386, -000.010624, -000.727604, 0000.685915, -000.004055, 0000.718822, -000.482399, -000.500586, 0000.602093,   237,  1,  0000.929452, -000.194780, -000.313337, 0000.169917, -000.253013, -000.954624, -000.157090, -000.007794, -000.268521, 0000.225286, -000.936559, 0000.728196, 
0000000003, 1570660696.876443323,   019,  1,  0000.996828, 0000.028377, 0000.074350, -000.105904, 0000.060423, -000.877887, -000.475041, 0000.196274, 0000.051790, 0000.478027, -000.876817, 0000.819314,   051,  1,  0000.836626, -000.545496, 0000.049899, -000.060637, -000.434355, -000.605138, 0000.667191, -000.021790, -000.333754, -000.579863, -000.743214, 0000.496565,   073,  1,  -000.648032, -000.720810, 0000.245942, 0000.058877, -000.338275, 0000.561729, 0000.755004, 0000.059906, -000.682367, 0000.406071, -000.607850, 0000.778694,   080,  1,  0000.827450, -000.438895, 0000.350281, -000.184026, -000.451594, -000.890852, -000.049445, 0000.000059, 0000.333750, -000.117272, -000.935339, 0000.759283,   087,  1,  0000.695294, 0000.487576, 0000.528050, 0000.059393, -000.010653, -000.727630, 0000.685887, -000.004046, 0000.718647, -000.482518, -000.500723, 0000.602102,   237,  1,  0000.930030, -000.193099, -000.312662, 0000.170151, -000.251142, -000.955106, -000.157165, -000.007795, -000.268277, 0000.224691, -000.936772, 0000.729234, 
0000000004, 1570660696.887679329,   019,  1,  0000.996873, 0000.027763, 0000.073983, -000.105959, 0000.059703, -000.877965, -000.474988, 0000.196389, 0000.051768, 0000.477920, -000.876877, 0000.819854,   051,  1,  0000.836588, -000.545554, 0000.049919, -000.060639, -000.434476, -000.605219, 0000.667039, -000.021791, -000.333694, -000.579725, -000.743349, 0000.496566,   073,  1,  -000.648169, -000.720732, 0000.245808, 0000.058888, -000.338290, 0000.561726, 0000.754999, 0000.059969, -000.682229, 0000.406213, -000.607910, 0000.778674,   080,  1,  0000.827355, -000.439136, 0000.350204, -000.183990, -000.451826, -000.890732, -000.049493, 0000.000037, 0000.333672, -000.117283, -000.935365, 0000.759218,   087,  1,  0000.695227, 0000.487663, 0000.528057, 0000.059387, -000.010633, -000.727589, 0000.685931, -000.003889, 0000.718712, -000.482493, -000.500654, 0000.602089,   237,  1,  0000.929926, -000.192886, -000.313101, 0000.169961, -000.251057, -000.955113, -000.157254, -000.007788, -000.268715, 0000.224841, -000.936610, 0000.728349, 
0000000005, 1570660696.898915137,   019,  1,  0000.996844, 0000.028086, 0000.074253, -000.105908, 0000.060109, -000.878010, -000.474853, 0000.196314, 0000.051858, 0000.477817, -000.876927, 0000.819566,   051,  1,  0000.836480, -000.545715, 0000.049964, -000.060644, -000.434675, -000.605216, 0000.666912, -000.021800, -000.333705, -000.579576, -000.743460, 0000.496536,   073,  1,  -000.648085, -000.720833, 0000.245734, 0000.058906, -000.338343, 0000.561601, 0000.755068, 0000.059876, -000.682283, 0000.406206, -000.607854, 0000.778720,   080,  1,  0000.827593, -000.438861, 0000.349988, -000.183967, -000.451545, -000.890882, -000.049367, 0000.000020, 0000.333463, -000.117180, -000.935453, 0000.759194,   087,  1,  0000.695371, 0000.487452, 0000.528062, 0000.059397, -000.010648, -000.727727, 0000.685784, -000.003966, 0000.718572, -000.482497, -000.500850, 0000.602102,   237,  1,  0000.929899, -000.192525, -000.313403, 0000.170172, -000.250774, -000.955180, -000.157298, -000.007801, -000.269073, 0000.224865, -000.936502, 0000.729245, 
0000000006, 1570660696.910151115,   019,  1,  0000.996872, 0000.027687, 0000.074029, -000.105975, 0000.059641, -000.878130, -000.474691, 0000.196424, 0000.051864, 0000.477621, -000.877034, 0000.820069,   051,  1,  0000.836498, -000.545700, 0000.049819, -000.060659, -000.434636, -000.605374, 0000.666794, -000.021809, -000.333711, -000.579425, -000.743575, 0000.496587,   073,  1,  -000.647977, -000.720962, 0000.245642, 0000.058918, -000.338389, 0000.561432, 0000.755173, 0000.059895, -000.682363, 0000.406212, -000.607761, 0000.778717,   080,  1,  0000.827437, -000.439381, 0000.349702, -000.183981, -000.451994, -000.890643, -000.049570, 0000.000001, 0000.333240, -000.117047, -000.935549, 0000.759313,   087,  1,  0000.695321, 0000.487469, 0000.528112, 0000.059396, -000.010662, -000.727739, 0000.685771, -000.003977, 0000.718620, -000.482462, -000.500815, 0000.602108,   237,  1,  0000.929111, -000.194291, -000.314649, 0000.170187, -000.252881, -000.954633, -000.157247, -000.007824, -000.269823, 0000.225668, -000.936093, 0000.729225, 
0000000007, 1570660696.921387013,   019,  1,  0000.996882, 0000.027042, 0000.074135, -000.105827, 0000.059135, -000.878052, -000.474897, 0000.196133, 0000.052252, 0000.477800, -000.876913, 0000.818925,   051,  1,  0000.836465, -000.545765, 0000.049658, -000.060665, -000.434643, -000.605494, 0000.666680, -000.021816, -000.333783, -000.579238, -000.743688, 0000.496578,   073,  1,  -000.648016, -000.720938, 0000.245609, 0000.058922, -000.338224, 0000.561334, 0000.755320, 0000.059915, -000.682408, 0000.406388, -000.607592, 0000.778708,   080,  1,  0000.827552, -000.439229, 0000.349623, -000.183932, -000.451842, -000.890723, -000.049508, -000.000012, 0000.333162, -000.117004, -000.935582, 0000.759182,   087,  1,  0000.695459, 0000.487398, 0000.527996, 0000.059396, -000.010690, -000.727692, 0000.685820, -000.003917, 0000.718486, -000.482604, -000.500870, 0000.602102,   237,  0,  0000.000000, 0000.000000, 0000.000000, 0000.000000, 0000.000000, 0000.000000, 0000.000000, 0000.000000, 0000.000000, 0000.000000, 0000.000000, 0000.000000, 
0000000008, 1570660696.932623170,   019,  1,  0000.996828, 0000.027874, 0000.074549, -000.105914, 0000.060061, -000.878043, -000.474799, 0000.196319, 0000.052223, 0000.477770, -000.876931, 0000.819642,   051,  1,  0000.836471, -000.545777, 0000.049440, -000.060674, -000.434585, -000.605675, 0000.666554, -000.021822, -000.333845, -000.579039, -000.743816, 0000.496581,   073,  1,  -000.648011, -000.720916, 0000.245688, 0000.058920, -000.338148, 0000.561368, 0000.755329, 0000.059984, -000.682450, 0000.406383, -000.607548, 0000.778666,   080,  1,  0000.827574, -000.439211, 0000.349593, -000.183971, -000.451807, -000.890739, -000.049541, -000.000024, 0000.333155, -000.116950, -000.935591, 0000.759384,   087,  1,  0000.695526, 0000.487311, 0000.527988, 0000.059403, -000.010700, -000.727740, 0000.685770, -000.003974, 0000.718421, -000.482620, -000.500948, 0000.602110,   237,  0,  0000.000000, 0000.000000, 0000.000000, 0000.000000, 0000.000000, 0000.000000, 0000.000000, 0000.000000, 0000.000000, 0000.000000, 0000.000000, 0000.000000, 
0000000009, 1570660696.943858814,   019,  1,  0000.996843, 0000.027885, 0000.074344, -000.105956, 0000.059970, -000.878068, -000.474764, 0000.196385, 0000.052041, 0000.477723, -000.876968, 0000.819969,   051,  1,  0000.836441, -000.545822, 0000.049442, -000.060671, -000.434619, -000.605650, 0000.666554, -000.021825, -000.333876, -000.579022, -000.743815, 0000.496560,   073,  1,  -000.647994, -000.720960, 0000.245602, 0000.058916, -000.338311, 0000.561359, 0000.755263, 0000.059826, -000.682386, 0000.406316, -000.607665, 0000.778727,   080,  1,  0000.827734, -000.439001, 0000.349478, -000.183932, -000.451587, -000.890854, -000.049479, -000.000034, 0000.333055, -000.116864, -000.935637, 0000.759268,   087,  1,  0000.695599, 0000.487173, 0000.528019, 0000.059400, -000.010726, -000.727838, 0000.685665, -000.003897, 0000.718350, -000.482612, -000.501058, 0000.602101,   237,  0,  0000.000000, 0000.000000, 0000.000000, 0000.000000, 0000.000000, 0000.000000, 0000.000000, 0000.000000, 0000.000000, 0000.000000, 0000.000000, 0000.000000, 
