% Measurements merged on 10/09/19 17:33:56 Central Daylight Time
% Original files:
%    1: C:\Users\Al\Desktop\Nayo\KACEY\STROKE\RTIS2001\RTIS2001_REAL_trunkfree\2001tf_reg_00000010_Series2s24.hts  (Series2s24)
%    2: C:\Users\Al\Desktop\Nayo\KACEY\STROKE\RTIS2001\RTIS2001_REAL_trunkfree\2001tf_reg_00000010_Series2s25.hts  (Series2s25)
% Merge host: Al-PC
% System: MERGED
% nSharedImages: 10
%
% Interpolated markers have status set to 2
%
% EMB001 (Marker properties) Series:1024, ID:237, Size:20, Thickness:000.647, tPu:[-001.323 +071.946 -004.697]
% EMB001 (Marker properties) Series:2031, ID:019, Size:35, Thickness:001.846, tPu:[+000.000 +000.000 +000.000]
% EMB001 (Marker properties) Series:2032, ID:073, Size:44, Thickness:002.200, tPu:[+000.000 +000.000 +000.000]
% EMB001 (Marker properties) Series:2032, ID:080, Size:44, Thickness:002.203, tPu:[+000.000 +000.000 +000.000]
%
% ImageNumber,             FrameTime,           Marker,  ST, HT(1, 1),    HT(1, 2),    HT(1, 3),    HT(1, 4),    HT(2, 1),    HT(2, 2),    HT(2, 3),    HT(2, 4),    HT(3, 1),    HT(3, 2),    HT(3, 3),    HT(3, 4)
%
0000000000, 1570660841.674196205,   019,  1,  0000.940972, -000.336386, -000.037619, -000.029305, -000.302186, -000.784792, -000.541097, 0000.137703, 0000.152495, 0000.520525, -000.840118, 0000.765674,   073,  1,  -000.703738, -000.337683, 0000.625078, 0000.051158, -000.378232, 0000.922850, 0000.072719, -000.088740, -000.601409, -000.185250, -000.777168, 0000.808345,   080,  1,  0000.715949, -000.609813, 0000.339919, -000.166266, -000.605238, -000.784823, -000.133195, -000.024336, 0000.348000, -000.110371, -000.930975, 0000.714521,   237,  1,  0000.972180, 0000.164411, 0000.166841, -000.166501, 0000.206348, -000.938200, -000.277850, -000.077239, 0000.110849, 0000.304548, -000.946025, 0000.721576, 
0000000001, 1570660841.685431988,   019,  1,  0000.940803, -000.336830, -000.037892, -000.029240, -000.302694, -000.784584, -000.541115, 0000.137644, 0000.152534, 0000.520552, -000.840095, 0000.765632,   073,  1,  -000.703091, -000.337881, 0000.625699, 0000.051199, -000.378592, 0000.922693, 0000.072839, -000.088762, -000.601939, -000.185672, -000.776657, 0000.808084,   080,  1,  0000.715608, -000.610162, 0000.340011, -000.166216, -000.605558, -000.784541, -000.133394, -000.024352, 0000.348144, -000.110439, -000.930913, 0000.714398,   237,  1,  0000.972382, 0000.163480, 0000.166576, -000.166419, 0000.205431, -000.938239, -000.278397, -000.077186, 0000.110776, 0000.304929, -000.945911, 0000.721262, 
0000000002, 1570660841.696668165,   019,  1,  0000.941034, -000.336223, -000.037528, -000.029172, -000.301926, -000.784599, -000.541521, 0000.137530, 0000.152628, 0000.520921, -000.839849, 0000.765325,   073,  1,  -000.702800, -000.337509, 0000.626226, 0000.051260, -000.378642, 0000.922710, 0000.072360, -000.088811, -000.602248, -000.186261, -000.776276, 0000.808113,   080,  1,  0000.715533, -000.610160, 0000.340173, -000.166226, -000.605509, -000.784549, -000.133576, -000.024372, 0000.348385, -000.110400, -000.930828, 0000.714483,   237,  2,  0000.972421, 0000.163626, 0000.166202, -000.166375, 0000.205448, -000.938256, -000.278327, -000.077171, 0000.110399, 0000.304797, -000.945997, 0000.721123, 
0000000003, 1570660841.707903917,   019,  1,  0000.940741, -000.337025, -000.037697, -000.029119, -000.302669, -000.784265, -000.541590, 0000.137479, 0000.152965, 0000.520906, -000.839797, 0000.765347,   073,  1,  -000.702317, -000.337404, 0000.626825, 0000.051339, -000.378738, 0000.922675, 0000.072302, -000.088898, -000.602751, -000.186624, -000.775798, 0000.808499,   080,  1,  0000.715719, -000.609949, 0000.340158, -000.166166, -000.605258, -000.784734, -000.133624, -000.024378, 0000.348437, -000.110246, -000.930826, 0000.714324,   237,  1,  0000.972461, 0000.163772, 0000.165829, -000.166332, 0000.205464, -000.938274, -000.278257, -000.077157, 0000.110022, 0000.304666, -000.946083, 0000.720984, 
0000000004, 1570660841.719139673,   019,  1,  0000.940666, -000.337285, -000.037236, -000.029058, -000.302586, -000.784063, -000.541929, 0000.137408, 0000.153589, 0000.521041, -000.839599, 0000.765189,   073,  1,  -000.701818, -000.337513, 0000.627324, 0000.051399, -000.379037, 0000.922552, 0000.072304, -000.088947, -000.603143, -000.187035, -000.775394, 0000.808575,   080,  1,  0000.715550, -000.610272, 0000.339935, -000.166193, -000.605507, -000.784507, -000.133827, -000.024394, 0000.348352, -000.110073, -000.930878, 0000.714517,   237,  2,  0000.972525, 0000.163922, 0000.165303, -000.166292, 0000.205466, -000.938223, -000.278428, -000.077165, 0000.109451, 0000.304742, -000.946125, 0000.720915, 
0000000005, 1570660841.730375907,   019,  1,  0000.940662, -000.337274, -000.037429, -000.029019, -000.302665, -000.783992, -000.541987, 0000.137405, 0000.153454, 0000.521155, -000.839553, 0000.765408,   073,  1,  -000.701235, -000.337195, 0000.628147, 0000.051435, -000.379052, 0000.922564, 0000.072083, -000.088970, -000.603812, -000.187553, -000.774748, 0000.808381,   080,  1,  0000.715679, -000.610160, 0000.339864, -000.166114, -000.605359, -000.784614, -000.133871, -000.024399, 0000.348345, -000.109931, -000.930898, 0000.714282,   237,  2,  0000.972589, 0000.164072, 0000.164778, -000.166253, 0000.205467, -000.938172, -000.278599, -000.077173, 0000.108879, 0000.304819, -000.946166, 0000.720846, 
0000000006, 1570660841.741611840,   019,  1,  0000.940616, -000.337456, -000.036940, -000.028965, -000.302593, -000.784125, -000.541835, 0000.137359, 0000.153880, 0000.520837, -000.839673, 0000.765288,   073,  1,  -000.700918, -000.336621, 0000.628809, 0000.051511, -000.378811, 0000.922693, 0000.071695, -000.089036, -000.604331, -000.187947, -000.774248, 0000.808780,   080,  1,  0000.715711, -000.610191, 0000.339741, -000.166096, -000.605289, -000.784628, -000.134105, -000.024401, 0000.348400, -000.109661, -000.930909, 0000.714293,   237,  1,  0000.972652, 0000.164223, 0000.164252, -000.166213, 0000.205468, -000.938120, -000.278770, -000.077181, 0000.108308, 0000.304895, -000.946207, 0000.720777, 
0000000007, 1570660841.752847731,   019,  1,  0000.940491, -000.337805, -000.036945, -000.028919, -000.302908, -000.784089, -000.541711, 0000.137285, 0000.154025, 0000.520665, -000.839753, 0000.765057,   073,  1,  -000.700322, -000.336929, 0000.629307, 0000.051529, -000.379209, 0000.922513, 0000.071910, -000.089041, -000.604772, -000.188279, -000.773823, 0000.808596,   080,  1,  0000.715780, -000.610162, 0000.339649, -000.166021, -000.605198, -000.784677, -000.134231, -000.024404, 0000.348417, -000.109475, -000.930925, 0000.714041,   237,  2,  0000.972700, 0000.164150, 0000.164042, -000.166155, 0000.205306, -000.938227, -000.278532, -000.077148, 0000.108188, 0000.304607, -000.946314, 0000.720562, 
0000000008, 1570660841.764083724,   019,  1,  0000.940634, -000.337461, -000.036446, -000.028876, -000.302356, -000.784273, -000.541753, 0000.137344, 0000.154237, 0000.520611, -000.839747, 0000.765452,   073,  1,  -000.700000, -000.336754, 0000.629759, 0000.051585, -000.379145, 0000.922541, 0000.071881, -000.089093, -000.605185, -000.188453, -000.773458, 0000.808908,   080,  1,  0000.715577, -000.610441, 0000.339576, -000.166008, -000.605454, -000.784461, -000.134338, -000.024401, 0000.348390, -000.109469, -000.930936, 0000.714071,   237,  1,  0000.972747, 0000.164077, 0000.163833, -000.166096, 0000.205143, -000.938333, -000.278293, -000.077114, 0000.108068, 0000.304318, -000.946420, 0000.720347, 
0000000009, 1570660841.775319582,   019,  1,  0000.940593, -000.337594, -000.036263, -000.028812, -000.302372, -000.784264, -000.541758, 0000.137266, 0000.154454, 0000.520539, -000.839752, 0000.765061,   073,  1,  -000.699882, -000.336552, 0000.629998, 0000.051616, -000.379122, 0000.922567, 0000.071668, -000.089103, -000.605336, -000.188687, -000.773283, 0000.808882,   080,  1,  0000.715436, -000.610628, 0000.339536, -000.166002, -000.605596, -000.784325, -000.134495, -000.024395, 0000.348433, -000.109399, -000.930928, 0000.714129,   237,  0,  0000.000000, 0000.000000, 0000.000000, 0000.000000, 0000.000000, 0000.000000, 0000.000000, 0000.000000, 0000.000000, 0000.000000, 0000.000000, 0000.000000, 
