% Measurements merged on 10/09/19 17:36:31 Central Daylight Time
% Original files:
%    1: C:\Users\Al\Desktop\Nayo\KACEY\STROKE\RTIS2001\RTIS2001_REAL_trunkfree\2001tf_reg_00000015_Series2s24.hts  (Series2s24)
%    2: C:\Users\Al\Desktop\Nayo\KACEY\STROKE\RTIS2001\RTIS2001_REAL_trunkfree\2001tf_reg_00000015_Series2s25.hts  (Series2s25)
% Merge host: Al-PC
% System: MERGED
% nSharedImages: 10
%
% Interpolated markers have status set to 2
%
% EMB001 (Marker properties) Series:1024, ID:237, Size:20, Thickness:000.647, tPu:[-001.323 +071.946 -004.697]
% EMB001 (Marker properties) Series:2031, ID:019, Size:35, Thickness:001.846, tPu:[+000.000 +000.000 +000.000]
% EMB001 (Marker properties) Series:2032, ID:073, Size:44, Thickness:002.200, tPu:[+000.000 +000.000 +000.000]
% EMB001 (Marker properties) Series:2032, ID:080, Size:44, Thickness:002.203, tPu:[+000.000 +000.000 +000.000]
%
% ImageNumber,             FrameTime,           Marker,  ST, HT(1, 1),    HT(1, 2),    HT(1, 3),    HT(1, 4),    HT(2, 1),    HT(2, 2),    HT(2, 3),    HT(2, 4),    HT(3, 1),    HT(3, 2),    HT(3, 3),    HT(3, 4)
%
0000000000, 1570660996.674196136,   019,  1,  0000.937400, -000.310082, -000.158524, -000.087571, -000.336261, -000.687479, -000.643663, 0000.091751, 0000.090606, 0000.656675, -000.748711, 0000.634188,   073,  1,  -000.762027, -000.374174, 0000.528496, -000.012433, -000.415503, 0000.908521, 0000.044125, -000.130093, -000.496661, -000.185967, -000.847788, 0000.689502,   080,  1,  0000.697509, -000.641949, 0000.318405, -000.230356, -000.575621, -000.766596, -000.284590, -000.066175, 0000.426781, 0000.015224, -000.904227, 0000.618130,   237,  1,  -000.026681, -000.999611, -000.008067, 0000.011106, -000.999319, 0000.026877, -000.025266, 0000.074253, 0000.025473, 0000.007387, -000.999648, 0000.683574, 
0000000001, 1570660996.685432036,   019,  1,  0000.937595, -000.309646, -000.158225, -000.087537, -000.335740, -000.687668, -000.643732, 0000.091720, 0000.090522, 0000.656683, -000.748715, 0000.633956,   073,  1,  -000.761986, -000.374112, 0000.528600, -000.012430, -000.415462, 0000.908540, 0000.044114, -000.130082, -000.496758, -000.185999, -000.847724, 0000.689479,   080,  1,  0000.697472, -000.642066, 0000.318252, -000.230355, -000.575722, -000.766497, -000.284652, -000.066166, 0000.426704, 0000.015312, -000.904262, 0000.618107,   237,  1,  -000.026293, -000.999622, -000.008053, 0000.011111, -000.999333, 0000.026488, -000.025146, 0000.074268, 0000.025350, 0000.007386, -000.999651, 0000.683693, 
0000000002, 1570660996.696668217,   019,  1,  0000.937528, -000.309811, -000.158300, -000.087548, -000.335906, -000.687563, -000.643758, 0000.091746, 0000.090602, 0000.656715, -000.748677, 0000.634065,   073,  1,  -000.761998, -000.374070, 0000.528611, -000.012431, -000.415444, 0000.908551, 0000.044066, -000.130101, -000.496754, -000.186030, -000.847719, 0000.689582,   080,  1,  0000.697526, -000.642077, 0000.318111, -000.230317, -000.575758, -000.766486, -000.284607, -000.066145, 0000.426567, 0000.015366, -000.904325, 0000.617996,   237,  1,  -000.026461, -000.999617, -000.008052, 0000.011106, -000.999336, 0000.026654, -000.024856, 0000.074236, 0000.025061, 0000.007389, -000.999659, 0000.683362, 
0000000003, 1570660996.707904018,   019,  1,  0000.937536, -000.309761, -000.158347, -000.087543, -000.335930, -000.687783, -000.643511, 0000.091750, 0000.090427, 0000.656508, -000.748879, 0000.634028,   073,  1,  -000.761992, -000.373905, 0000.528737, -000.012424, -000.415309, 0000.908615, 0000.044018, -000.130064, -000.496877, -000.186048, -000.847643, 0000.689381,   080,  1,  0000.697667, -000.641984, 0000.317990, -000.230325, -000.575714, -000.766564, -000.284488, -000.066138, 0000.426397, 0000.015406, -000.904405, 0000.617995,   237,  1,  -000.026621, -000.999618, -000.007442, 0000.011107, -000.999314, 0000.026803, -000.025553, 0000.074223, 0000.025742, 0000.006756, -000.999646, 0000.683312, 
0000000004, 1570660996.719139909,   019,  1,  0000.937453, -000.310007, -000.158357, -000.087536, -000.336126, -000.687758, -000.643434, 0000.091763, 0000.090557, 0000.656418, -000.748943, 0000.634039,   073,  1,  -000.761986, -000.373778, 0000.528836, -000.012428, -000.415286, 0000.908634, 0000.043842, -000.130091, -000.496905, -000.186211, -000.847591, 0000.689542,   080,  1,  0000.697723, -000.641904, 0000.318028, -000.230334, -000.575635, -000.766630, -000.284470, -000.066130, 0000.426412, 0000.015413, -000.904398, 0000.617995,   237,  1,  -000.026539, -000.999620, -000.007438, 0000.011110, -000.999314, 0000.026721, -000.025633, 0000.074259, 0000.025822, 0000.006753, -000.999644, 0000.683636, 
0000000005, 1570660996.730375792,   019,  1,  0000.937475, -000.310022, -000.158197, -000.087562, -000.336043, -000.687870, -000.643358, 0000.091800, 0000.090636, 0000.656293, -000.749042, 0000.634231,   073,  1,  -000.761649, -000.374178, 0000.529038, -000.012424, -000.415505, 0000.908508, 0000.044373, -000.130078, -000.497238, -000.186022, -000.847437, 0000.689509,   080,  1,  0000.697724, -000.641958, 0000.317915, -000.230334, -000.575708, -000.766584, -000.284445, -000.066125, 0000.426311, 0000.015438, -000.904445, 0000.617974,   237,  1,  -000.026207, -000.999631, -000.007174, 0000.011106, -000.999331, 0000.026381, -000.025323, 0000.074260, 0000.025503, 0000.006506, -000.999654, 0000.683534, 
0000000006, 1570660996.741611774,   019,  1,  0000.937519, -000.309985, -000.158011, -000.087530, -000.335901, -000.687976, -000.643319, 0000.091777, 0000.090711, 0000.656200, -000.749115, 0000.634014,   073,  1,  -000.761661, -000.374169, 0000.529027, -000.012417, -000.415487, 0000.908516, 0000.044379, -000.130079, -000.497235, -000.186002, -000.847444, 0000.689520,   080,  1,  0000.697746, -000.641972, 0000.317841, -000.230338, -000.575763, -000.766573, -000.284363, -000.066114, 0000.426201, 0000.015412, -000.904497, 0000.617961,   237,  1,  -000.026370, -000.999627, -000.007081, 0000.011112, -000.999336, 0000.026540, -000.024972, 0000.074247, 0000.025150, 0000.006418, -000.999663, 0000.683380, 
0000000007, 1570660996.752847720,   019,  1,  0000.937578, -000.309796, -000.158031, -000.087522, -000.335778, -000.688060, -000.643293, 0000.091772, 0000.090555, 0000.656201, -000.749133, 0000.633914,   073,  1,  -000.761716, -000.374034, 0000.529043, -000.012405, -000.415396, 0000.908563, 0000.044267, -000.130050, -000.497226, -000.186044, -000.847439, 0000.689389,   080,  1,  0000.697831, -000.641981, 0000.317635, -000.230342, -000.575798, -000.766564, -000.284318, -000.066110, 0000.426014, 0000.015512, -000.904584, 0000.617962,   237,  1,  -000.026281, -000.999630, -000.007078, 0000.011110, -000.999345, 0000.026449, -000.024713, 0000.074239, 0000.024891, 0000.006424, -000.999670, 0000.683275, 
0000000008, 1570660996.764083650,   019,  1,  0000.937552, -000.309800, -000.158176, -000.087543, -000.335860, -000.687907, -000.643414, 0000.091776, 0000.090519, 0000.656359, -000.748999, 0000.633952,   073,  1,  -000.761741, -000.374019, 0000.529018, -000.012401, -000.415331, 0000.908589, 0000.044337, -000.130062, -000.497243, -000.185945, -000.847451, 0000.689479,   080,  1,  0000.697863, -000.641987, 0000.317552, -000.230342, -000.575880, -000.766560, -000.284163, -000.066105, 0000.425851, 0000.015435, -000.904661, 0000.617928,   237,  1,  -000.026425, -000.999629, -000.006613, 0000.011108, -000.999342, 0000.026580, -000.024691, 0000.074276, 0000.024858, 0000.005956, -000.999673, 0000.683676, 
0000000009, 1570660996.775319841,   019,  1,  0000.937562, -000.309732, -000.158252, -000.087571, -000.335872, -000.688004, -000.643304, 0000.091793, 0000.090373, 0000.656290, -000.749077, 0000.634046,   073,  1,  -000.761727, -000.374056, 0000.529012, -000.012390, -000.415390, 0000.908564, 0000.044309, -000.130042, -000.497215, -000.185995, -000.847457, 0000.689377,   080,  1,  0000.697985, -000.641888, 0000.317485, -000.230343, -000.575790, -000.766642, -000.284124, -000.066099, 0000.425773, 0000.015509, -000.904697, 0000.617915,   237,  1,  -000.027254, -000.999606, -000.006781, 0000.011103, -000.999327, 0000.027411, -000.024367, 0000.074239, 0000.024543, 0000.006113, -000.999680, 0000.683478, 
