% Measurements merged on 10/09/19 17:29:40 Central Daylight Time
% Original files:
%    1: C:\Users\Al\Desktop\Nayo\KACEY\STROKE\RTIS2001\RTIS2001_REAL_trunkfree\2001tf_reg_00000003_Series2s24.hts  (Series2s24)
%    2: C:\Users\Al\Desktop\Nayo\KACEY\STROKE\RTIS2001\RTIS2001_REAL_trunkfree\2001tf_reg_00000003_Series2s25.hts  (Series2s25)
% Merge host: Al-PC
% System: MERGED
% nSharedImages: 10
%
% Interpolated markers have status set to 2
%
% EMB001 (Marker properties) Series:1024, ID:235, Size:20, Thickness:000.640, tPu:[-000.308 +071.949 -004.887]
% EMB001 (Marker properties) Series:2031, ID:019, Size:35, Thickness:001.846, tPu:[+000.000 +000.000 +000.000]
% EMB001 (Marker properties) Series:2031, ID:051, Size:35, Thickness:001.844, tPu:[+000.000 +000.000 +000.000]
% EMB001 (Marker properties) Series:2032, ID:073, Size:44, Thickness:002.200, tPu:[+000.000 +000.000 +000.000]
% EMB001 (Marker properties) Series:2032, ID:080, Size:44, Thickness:002.203, tPu:[+000.000 +000.000 +000.000]
% EMB001 (Marker properties) Series:2032, ID:087, Size:44, Thickness:002.251, tPu:[+000.000 +000.000 +000.000]
%
% ImageNumber,             FrameTime,           Marker,  ST, HT(1, 1),    HT(1, 2),    HT(1, 3),    HT(1, 4),    HT(2, 1),    HT(2, 2),    HT(2, 3),    HT(2, 4),    HT(3, 1),    HT(3, 2),    HT(3, 3),    HT(3, 4)
%
0000000000, 1570660585.123634733,   019,  1,  0000.980776, -000.131505, 0000.144171, -000.087623, -000.057455, -000.900673, -000.430681, 0000.192065, 0000.186488, 0000.414118, -000.890914, 0000.857315,   051,  1,  0000.708392, -000.588697, 0000.389380, -000.047196, -000.513240, -000.050927, 0000.856733, -000.043016, -000.484526, -000.806748, -000.338219, 0000.616186,   073,  1,  -000.530705, -000.694219, 0000.486222, 0000.071199, -000.440175, 0000.715997, 0000.541843, 0000.017893, -000.724291, 0000.073537, -000.685561, 0000.856976,   080,  1,  0000.805333, -000.469311, 0000.362195, -000.178291, -000.505920, -000.862550, 0000.007263, 0000.006145, 0000.309003, -000.189091, -000.932074, 0000.778199,   087,  1,  0000.691909, 0000.514773, 0000.506232, 0000.056749, -000.110428, -000.617463, 0000.778810, -000.047970, 0000.713490, -000.594768, -000.370382, 0000.724397,   235,  1,  0000.997871, -000.059908, -000.025786, -000.052664, -000.063162, -000.986194, -000.153075, 0000.029286, -000.016260, 0000.154378, -000.987878, 0000.662926, 
0000000001, 1570660585.134871068,   019,  1,  0000.980736, -000.131888, 0000.144092, -000.087619, -000.057818, -000.900597, -000.430792, 0000.192072, 0000.186585, 0000.414162, -000.890874, 0000.857413,   051,  1,  0000.707944, -000.589047, 0000.389665, -000.047179, -000.513618, -000.050686, 0000.856521, -000.043032, -000.484780, -000.806508, -000.338428, 0000.616174,   073,  1,  -000.530449, -000.694358, 0000.486302, 0000.071225, -000.440072, 0000.715861, 0000.542107, 0000.017849, -000.724541, 0000.073552, -000.685295, 0000.856985,   080,  1,  0000.805389, -000.469312, 0000.362071, -000.178294, -000.505859, -000.862587, 0000.007156, 0000.006134, 0000.308959, -000.188920, -000.932123, 0000.778280,   087,  1,  0000.691690, 0000.514814, 0000.506490, 0000.056769, -000.110575, -000.617558, 0000.778714, -000.048105, 0000.713680, -000.594633, -000.370233, 0000.724421,   235,  1,  0000.997894, -000.059054, -000.026848, -000.052686, -000.062495, -000.986133, -000.153743, 0000.029282, -000.017397, 0000.155097, -000.987746, 0000.662950, 
0000000002, 1570660585.146106116,   019,  1,  0000.980808, -000.131215, 0000.144215, -000.087636, -000.057167, -000.900682, -000.430702, 0000.192143, 0000.186406, 0000.414192, -000.890897, 0000.857736,   051,  1,  0000.707842, -000.589268, 0000.389517, -000.047159, -000.513570, -000.050718, 0000.856547, -000.042954, -000.484980, -000.806344, -000.338531, 0000.616164,   073,  1,  -000.530730, -000.694263, 0000.486132, 0000.071235, -000.440113, 0000.715939, 0000.541970, 0000.017835, -000.724311, 0000.073687, -000.685525, 0000.856965,   080,  1,  0000.805484, -000.469221, 0000.361977, -000.178289, -000.505745, -000.862653, 0000.007167, 0000.006117, 0000.308898, -000.188841, -000.932159, 0000.778301,   087,  1,  0000.691915, 0000.514383, 0000.506620, 0000.056779, -000.110797, -000.617746, 0000.778533, -000.048051, 0000.713427, -000.594811, -000.370435, 0000.724399,   235,  1,  0000.997864, -000.059182, -000.027651, -000.052672, -000.062759, -000.986003, -000.154465, 0000.029257, -000.018123, 0000.155871, -000.987611, 0000.662493, 
0000000003, 1570660585.157342195,   019,  1,  0000.980746, -000.131909, 0000.144002, -000.087572, -000.057866, -000.900572, -000.430839, 0000.192021, 0000.186515, 0000.414211, -000.890865, 0000.857266,   051,  1,  0000.707946, -000.588956, 0000.389800, -000.047159, -000.513726, -000.050672, 0000.856457, -000.043002, -000.484663, -000.806575, -000.338435, 0000.616165,   073,  1,  -000.530810, -000.694269, 0000.486036, 0000.071251, -000.440118, 0000.715924, 0000.541986, 0000.017666, -000.724249, 0000.073779, -000.685580, 0000.857053,   080,  1,  0000.805455, -000.469262, 0000.361988, -000.178265, -000.505793, -000.862625, 0000.007173, 0000.006101, 0000.308894, -000.188868, -000.932155, 0000.778269,   087,  1,  0000.691849, 0000.514394, 0000.506700, 0000.056793, -000.110880, -000.617746, 0000.778522, -000.048132, 0000.713478, -000.594802, -000.370351, 0000.724420,   235,  1,  0000.997820, -000.059355, -000.028834, -000.052686, -000.063139, -000.985781, -000.155724, 0000.029259, -000.019181, 0000.157205, -000.987380, 0000.662444, 
0000000004, 1570660585.168578012,   019,  1,  0000.980785, -000.131513, 0000.144103, -000.087572, -000.057427, -000.900526, -000.430993, 0000.192052, 0000.186450, 0000.414436, -000.890775, 0000.857438,   051,  1,  0000.707845, -000.589126, 0000.389726, -000.047126, -000.513799, -000.050798, 0000.856405, -000.042664, -000.484733, -000.806443, -000.338650, 0000.616121,   073,  1,  -000.530813, -000.694330, 0000.485945, 0000.071247, -000.440227, 0000.715867, 0000.541973, 0000.017830, -000.724180, 0000.073760, -000.685655, 0000.856944,   080,  1,  0000.805542, -000.469254, 0000.361806, -000.178177, -000.505719, -000.862669, 0000.007096, 0000.006078, 0000.308789, -000.188688, -000.932226, 0000.777942,   087,  1,  0000.691743, 0000.514357, 0000.506881, 0000.056787, -000.111057, -000.617789, 0000.778462, -000.048016, 0000.713553, -000.594788, -000.370229, 0000.724387,   235,  1,  0000.997833, -000.058968, -000.029205, -000.052719, -000.062841, -000.985589, -000.157051, 0000.029263, -000.019523, 0000.158546, -000.987159, 0000.662665, 
0000000005, 1570660585.179814205,   019,  1,  0000.980847, -000.130832, 0000.144297, -000.087606, -000.056755, -000.900652, -000.430819, 0000.192111, 0000.186326, 0000.414378, -000.890827, 0000.857760,   051,  1,  0000.707988, -000.588899, 0000.389808, -000.047134, -000.513726, -000.050703, 0000.856455, -000.042747, -000.484601, -000.806615, -000.338430, 0000.616133,   073,  1,  -000.530721, -000.694372, 0000.485986, 0000.071251, -000.440268, 0000.715834, 0000.541983, 0000.017822, -000.724223, 0000.073678, -000.685618, 0000.856928,   080,  1,  0000.805695, -000.469207, 0000.361525, -000.178206, -000.505620, -000.862727, 0000.007130, 0000.006057, 0000.308552, -000.188538, -000.932335, 0000.778122,   087,  1,  0000.691850, 0000.514289, 0000.506805, 0000.056787, -000.111104, -000.617719, 0000.778511, -000.047941, 0000.713442, -000.594920, -000.370229, 0000.724363,   235,  1,  0000.997784, -000.059322, -000.030148, -000.052709, -000.063356, -000.985435, -000.157810, 0000.029242, -000.020347, 0000.159370, -000.987009, 0000.662395, 
0000000006, 1570660585.191050046,   019,  1,  0000.980800, -000.131515, 0000.143997, -000.087562, -000.057413, -000.900388, -000.431283, 0000.192044, 0000.186373, 0000.414735, -000.890651, 0000.857492,   051,  1,  0000.707766, -000.589139, 0000.389850, -000.047116, -000.513818, -000.050568, 0000.856408, -000.042529, -000.484829, -000.806448, -000.338500, 0000.616109,   073,  1,  -000.530733, -000.694299, 0000.486078, 0000.071256, -000.440143, 0000.715902, 0000.541994, 0000.017655, -000.724290, 0000.073710, -000.685544, 0000.856983,   080,  1,  0000.805609, -000.469516, 0000.361316, -000.178225, -000.505829, -000.862606, 0000.006901, 0000.006031, 0000.308433, -000.188323, -000.932418, 0000.778238,   087,  1,  0000.691763, 0000.514397, 0000.506814, 0000.056781, -000.111180, -000.617601, 0000.778594, -000.048089, 0000.713515, -000.594950, -000.370043, 0000.724405,   235,  1,  0000.997801, -000.058853, -000.030491, -000.052728, -000.062952, -000.985433, -000.157986, 0000.029249, -000.020749, 0000.159559, -000.986970, 0000.662506, 
0000000007, 1570660585.202285986,   019,  1,  0000.980743, -000.131868, 0000.144064, -000.087500, -000.057709, -000.900368, -000.431286, 0000.191921, 0000.186584, 0000.414667, -000.890639, 0000.857031,   051,  1,  0000.707830, -000.589080, 0000.389823, -000.047196, -000.513703, -000.050482, 0000.856482, -000.043193, -000.484857, -000.806496, -000.338345, 0000.616196,   073,  1,  -000.530842, -000.694098, 0000.486246, 0000.071248, -000.439954, 0000.716095, 0000.541894, 0000.017743, -000.724325, 0000.073734, -000.685504, 0000.856919,   080,  1,  0000.805682, -000.469601, 0000.361042, -000.178144, -000.505895, -000.862567, 0000.007003, 0000.006009, 0000.308134, -000.188291, -000.932523, 0000.777946,   087,  1,  0000.691978, 0000.514053, 0000.506869, 0000.056775, -000.111359, -000.617704, 0000.778486, -000.048049, 0000.713278, -000.595139, -000.370194, 0000.724387,   235,  1,  0000.997737, -000.059550, -000.031218, -000.052722, -000.063743, -000.985471, -000.157430, 0000.029242, -000.021389, 0000.159064, -000.987037, 0000.662422, 
0000000008, 1570660585.213521920,   019,  1,  0000.980718, -000.132290, 0000.143843, -000.087510, -000.058201, -000.900361, -000.431235, 0000.191937, 0000.186559, 0000.414548, -000.890700, 0000.857174,   051,  1,  0000.707868, -000.588915, 0000.390003, -000.047156, -000.513864, -000.050526, 0000.856383, -000.042790, -000.484631, -000.806614, -000.338388, 0000.616135,   073,  1,  -000.530964, -000.693988, 0000.486268, 0000.071267, -000.439937, 0000.716201, 0000.541767, 0000.017411, -000.724246, 0000.073732, -000.685588, 0000.857071,   080,  1,  0000.805761, -000.469636, 0000.360821, -000.178234, -000.505823, -000.862610, 0000.006817, 0000.005997, 0000.308046, -000.188004, -000.932610, 0000.778408,   087,  1,  0000.691668, 0000.514332, 0000.507009, 0000.056758, -000.111358, -000.617673, 0000.778511, -000.048067, 0000.713579, -000.594931, -000.369949, 0000.724385,   235,  1,  0000.997736, -000.059501, -000.031352, -000.052738, -000.063706, -000.985554, -000.156922, 0000.029261, -000.021562, 0000.158564, -000.987113, 0000.662864, 
0000000009, 1570660585.224758011,   019,  1,  0000.980748, -000.132318, 0000.143617, -000.087520, -000.058308, -000.900320, -000.431306, 0000.191976, 0000.186371, 0000.414628, -000.890702, 0000.857356,   051,  1,  0000.707800, -000.588824, 0000.390264, -000.047191, -000.513972, -000.050259, 0000.856333, -000.043059, -000.484615, -000.806697, -000.338212, 0000.616166,   073,  1,  -000.531079, -000.693839, 0000.486356, 0000.071247, -000.439998, 0000.716360, 0000.541507, 0000.017652, -000.724125, 0000.073588, -000.685732, 0000.856918,   080,  1,  0000.805930, -000.469487, 0000.360637, -000.178184, -000.505626, -000.862726, 0000.006824, 0000.005969, 0000.307927, -000.187847, -000.932681, 0000.778240,   087,  1,  0000.691920, 0000.514148, 0000.506852, 0000.056745, -000.111449, -000.617557, 0000.778590, -000.048119, 0000.713320, -000.595210, -000.369999, 0000.724389,   235,  1,  0000.997677, -000.060670, -000.030986, -000.052688, -000.064776, -000.985683, -000.155669, 0000.029248, -000.021098, 0000.157314, -000.987323, 0000.662728, 
