% Measurements merged on 10/09/19 17:31:50 Central Daylight Time
% Original files:
%    1: C:\Users\Al\Desktop\Nayo\KACEY\STROKE\RTIS2001\RTIS2001_REAL_trunkfree\2001tf_reg_00000006_Series2s24.hts  (Series2s24)
%    2: C:\Users\Al\Desktop\Nayo\KACEY\STROKE\RTIS2001\RTIS2001_REAL_trunkfree\2001tf_reg_00000006_Series2s25.hts  (Series2s25)
% Merge host: Al-PC
% System: MERGED
% nSharedImages: 10
%
% Interpolated markers have status set to 2
%
% EMB001 (Marker properties) Series:1024, ID:237, Size:20, Thickness:000.647, tPu:[-001.323 +071.946 -004.697]
% EMB001 (Marker properties) Series:2031, ID:019, Size:35, Thickness:001.846, tPu:[+000.000 +000.000 +000.000]
% EMB001 (Marker properties) Series:2031, ID:051, Size:35, Thickness:001.844, tPu:[+000.000 +000.000 +000.000]
% EMB001 (Marker properties) Series:2032, ID:073, Size:44, Thickness:002.200, tPu:[+000.000 +000.000 +000.000]
% EMB001 (Marker properties) Series:2032, ID:087, Size:44, Thickness:002.251, tPu:[+000.000 +000.000 +000.000]
%
% ImageNumber,             FrameTime,           Marker,  ST, HT(1, 1),    HT(1, 2),    HT(1, 3),    HT(1, 4),    HT(2, 1),    HT(2, 2),    HT(2, 3),    HT(2, 4),    HT(3, 1),    HT(3, 2),    HT(3, 3),    HT(3, 4)
%
0000000000, 1570660715.640488210,   019,  1,  0000.987298, 0000.154397, 0000.037470, -000.132228, 0000.152409, -000.853762, -000.497857, 0000.202604, -000.044877, 0000.497244, -000.866449, 0000.810546,   051,  1,  0000.786383, -000.562525, -000.255279, -000.137497, -000.332789, -000.733930, 0000.592113, -000.010416, -000.520436, -000.380674, -000.764352, 0000.502831,   073,  1,  -000.713564, -000.700585, -000.002803, 0000.014498, -000.483319, 0000.489368, 0000.725894, 0000.086661, -000.507178, 0000.519327, -000.687801, 0000.749536,   087,  1,  0000.850338, 0000.437186, 0000.292906, -000.000828, 0000.053265, -000.625251, 0000.778604, 0000.025042, 0000.523535, -000.646475, -000.554961, 0000.579785,   237,  1,  0000.123452, -000.780331, -000.613060, 0000.170860, -000.905691, -000.341083, 0000.251767, -000.026272, -000.405566, 0000.524162, -000.748846, 0000.687932, 
0000000001, 1570660715.651724237,   019,  1,  0000.987247, 0000.154631, 0000.037848, -000.132177, 0000.152793, -000.853625, -000.497975, 0000.202525, -000.044695, 0000.497407, -000.866365, 0000.810339,   051,  1,  0000.786409, -000.562649, -000.254924, -000.137473, -000.332854, -000.733644, 0000.592431, -000.010409, -000.520355, -000.381041, -000.764224, 0000.502968,   073,  1,  -000.713507, -000.700643, -000.002842, 0000.014523, -000.483299, 0000.489228, 0000.726001, 0000.086641, -000.507277, 0000.519380, -000.687687, 0000.749367,   087,  1,  0000.850266, 0000.437248, 0000.293021, -000.000773, 0000.053154, -000.625184, 0000.778665, 0000.025095, 0000.523662, -000.646497, -000.554815, 0000.579794,   237,  1,  0000.122476, -000.780170, -000.613461, 0000.170818, -000.905659, -000.340671, 0000.252437, -000.026256, -000.405932, 0000.524669, -000.748292, 0000.687708, 
0000000002, 1570660715.662960073,   019,  1,  0000.987290, 0000.154390, 0000.037717, -000.132240, 0000.152513, -000.853602, -000.498101, 0000.202619, -000.044706, 0000.497522, -000.866299, 0000.810815,   051,  1,  0000.786650, -000.562382, -000.254770, -000.137427, -000.332658, -000.733711, 0000.592459, -000.010397, -000.520116, -000.381306, -000.764254, 0000.503017,   073,  1,  -000.713517, -000.700634, -000.002584, 0000.014552, -000.483103, 0000.489308, 0000.726078, 0000.086644, -000.507450, 0000.519317, -000.687608, 0000.749415,   087,  1,  0000.850228, 0000.437389, 0000.292922, -000.000728, 0000.053275, -000.625085, 0000.778736, 0000.025060, 0000.523712, -000.646498, -000.554767, 0000.579814,   237,  1,  0000.121528, -000.780070, -000.613776, 0000.170872, -000.905744, -000.340098, 0000.252905, -000.026264, -000.406028, 0000.525189, -000.747876, 0000.687837, 
0000000003, 1570660715.674196164,   019,  1,  0000.987241, 0000.154688, 0000.037774, -000.132195, 0000.152804, -000.853612, -000.497993, 0000.202566, -000.044789, 0000.497411, -000.866358, 0000.810668,   051,  1,  0000.786634, -000.562445, -000.254682, -000.137354, -000.332930, -000.733793, 0000.592204, -000.010385, -000.519966, -000.381056, -000.764481, 0000.502951,   073,  1,  -000.713485, -000.700666, -000.002386, 0000.014577, -000.482981, 0000.489345, 0000.726134, 0000.086674, -000.507610, 0000.519238, -000.687549, 0000.749686,   087,  1,  0000.850235, 0000.437427, 0000.292843, -000.000677, 0000.053217, -000.624887, 0000.778899, 0000.025141, 0000.523706, -000.646663, -000.554580, 0000.579824,   237,  1,  0000.121772, -000.779132, -000.614918, 0000.171175, -000.905621, -000.340773, 0000.252437, -000.026312, -000.406229, 0000.526143, -000.747095, 0000.688962, 
0000000004, 1570660715.685431761,   019,  1,  0000.987261, 0000.154516, 0000.037944, -000.132273, 0000.152734, -000.853547, -000.498127, 0000.202703, -000.044582, 0000.497576, -000.866274, 0000.811217,   051,  1,  0000.786843, -000.562074, -000.254854, -000.137324, -000.332579, -000.734040, 0000.592095, -000.010371, -000.519874, -000.381127, -000.764509, 0000.503032,   073,  1,  -000.713243, -000.700913, -000.002542, 0000.014607, -000.483269, 0000.489137, 0000.726083, 0000.086685, -000.507677, 0000.519102, -000.687603, 0000.749850,   087,  1,  0000.850146, 0000.437531, 0000.292946, -000.000636, 0000.053193, -000.624873, 0000.778912, 0000.025098, 0000.523853, -000.646607, -000.554507, 0000.579847,   237,  1,  0000.120365, -000.779379, -000.614883, 0000.170937, -000.905439, -000.340158, 0000.253916, -000.026302, -000.407054, 0000.526176, -000.746623, 0000.687913, 
0000000005, 1570660715.696668085,   019,  1,  0000.987280, 0000.154397, 0000.037957, -000.132289, 0000.152650, -000.853716, -000.497862, 0000.202766, -000.044464, 0000.497323, -000.866425, 0000.811447,   051,  1,  0000.786819, -000.562289, -000.254456, -000.137287, -000.332805, -000.733748, 0000.592330, -000.010357, -000.519767, -000.381372, -000.764459, 0000.503091,   073,  1,  -000.713337, -000.700816, -000.002709, 0000.014611, -000.483370, 0000.489200, 0000.725973, 0000.086639, -000.507449, 0000.519173, -000.687717, 0000.749505,   087,  1,  0000.850143, 0000.437571, 0000.292897, -000.000594, 0000.053155, -000.624731, 0000.779029, 0000.025109, 0000.523862, -000.646717, -000.554370, 0000.579873,   237,  1,  0000.118289, -000.779082, -000.615661, 0000.171021, -000.905262, -000.339398, 0000.255556, -000.026344, -000.408054, 0000.527106, -000.745421, 0000.688185, 
0000000006, 1570660715.707903850,   019,  1,  0000.987274, 0000.154363, 0000.038241, -000.132083, 0000.152758, -000.853652, -000.497939, 0000.202457, -000.044219, 0000.497444, -000.866368, 0000.810302,   051,  1,  0000.786856, -000.562312, -000.254288, -000.137276, -000.332878, -000.733684, 0000.592369, -000.010353, -000.519663, -000.381462, -000.764485, 0000.503239,   073,  1,  -000.713226, -000.700930, -000.002335, 0000.014643, -000.483208, 0000.489267, 0000.726036, 0000.086658, -000.507758, 0000.518956, -000.687653, 0000.749817,   087,  1,  0000.850065, 0000.437627, 0000.293039, -000.000558, 0000.053075, -000.624740, 0000.779027, 0000.025108, 0000.523996, -000.646671, -000.554297, 0000.579905,   237,  1,  0000.116593, -000.778701, -000.616466, 0000.170915, -000.904476, -000.339659, 0000.257982, -000.026355, -000.410279, 0000.527500, -000.743919, 0000.687666, 
0000000007, 1570660715.719139946,   019,  1,  0000.987347, 0000.153910, 0000.038191, -000.132138, 0000.152338, -000.853693, -000.497997, 0000.202538, -000.044043, 0000.497513, -000.866338, 0000.810664,   051,  1,  0000.786868, -000.562220, -000.254456, -000.137195, -000.332729, -000.733770, 0000.592345, -000.010342, -000.519741, -000.381432, -000.764447, 0000.503107,   073,  1,  -000.713245, -000.700911, -000.002410, 0000.014656, -000.483015, 0000.489018, 0000.726332, 0000.086631, -000.507915, 0000.519216, -000.687340, 0000.749527,   087,  1,  0000.841884, 0000.448629, 0000.299939, -000.015136, 0000.055204, -000.624472, 0000.779094, 0000.026710, 0000.536828, -000.639349, -000.550499, 0000.580940,   237,  1,  0000.113771, -000.779014, -000.616598, 0000.171078, -000.904236, -000.338312, 0000.260580, -000.026399, -000.411598, 0000.527904, -000.742903, 0000.688189, 
0000000008, 1570660715.730375867,   019,  1,  0000.987334, 0000.153984, 0000.038206, -000.132165, 0000.152422, -000.853826, -000.497743, 0000.202592, -000.044023, 0000.497262, -000.866483, 0000.810902,   051,  1,  0000.786942, -000.562060, -000.254578, -000.137176, -000.332480, -000.733831, 0000.592410, -000.010335, -000.519788, -000.381551, -000.764356, 0000.503179,   073,  1,  -000.712998, -000.701161, -000.002524, 0000.014678, -000.483312, 0000.488856, 0000.726243, 0000.086662, -000.507980, 0000.519030, -000.687433, 0000.749779,   087,  1,  0000.842052, 0000.448511, 0000.299644, -000.015119, 0000.055507, -000.624620, 0000.778954, 0000.026731, 0000.536533, -000.639287, -000.550858, 0000.581079,   237,  2,  0000.111476, -000.778733, -000.617371, 0000.171010, -000.903619, -000.337973, 0000.263147, -000.026401, -000.413576, 0000.528534, -000.741354, 0000.687884, 
0000000009, 1570660715.741611962,   019,  1,  0000.987263, 0000.154392, 0000.038400, -000.132061, 0000.152857, -000.853579, -000.498033, 0000.202434, -000.044114, 0000.497560, -000.866307, 0000.810317,   051,  1,  0000.787061, -000.561929, -000.254502, -000.137105, -000.332446, -000.733909, 0000.592332, -000.010327, -000.519630, -000.381593, -000.764442, 0000.503063,   073,  1,  -000.713036, -000.701123, -000.002578, 0000.014707, -000.483367, 0000.488910, 0000.726170, 0000.086666, -000.507874, 0000.519031, -000.687510, 0000.749870,   087,  1,  0000.841815, 0000.448851, 0000.299800, -000.015097, 0000.055453, -000.624405, 0000.779130, 0000.026750, 0000.536910, -000.639259, -000.550523, 0000.581201,   237,  1,  0000.109178, -000.778451, -000.618137, 0000.170941, -000.902994, -000.337637, 0000.265712, -000.026403, -000.415549, 0000.529165, -000.739800, 0000.687579, 
