% Measurements merged on 10/09/19 17:35:52 Central Daylight Time
% Original files:
%    1: C:\Users\Al\Desktop\Nayo\KACEY\STROKE\RTIS2001\RTIS2001_REAL_trunkfree\2001tf_reg_00000013_Series2s24.hts  (Series2s24)
%    2: C:\Users\Al\Desktop\Nayo\KACEY\STROKE\RTIS2001\RTIS2001_REAL_trunkfree\2001tf_reg_00000013_Series2s25.hts  (Series2s25)
% Merge host: Al-PC
% System: MERGED
% nSharedImages: 10
%
% Interpolated markers have status set to 2
%
% EMB001 (Marker properties) Series:1024, ID:237, Size:20, Thickness:000.647, tPu:[-001.323 +071.946 -004.697]
% EMB001 (Marker properties) Series:2031, ID:019, Size:35, Thickness:001.846, tPu:[+000.000 +000.000 +000.000]
% EMB001 (Marker properties) Series:2032, ID:073, Size:44, Thickness:002.200, tPu:[+000.000 +000.000 +000.000]
% EMB001 (Marker properties) Series:2032, ID:080, Size:44, Thickness:002.203, tPu:[+000.000 +000.000 +000.000]
%
% ImageNumber,             FrameTime,           Marker,  ST, HT(1, 1),    HT(1, 2),    HT(1, 3),    HT(1, 4),    HT(2, 1),    HT(2, 2),    HT(2, 3),    HT(2, 4),    HT(3, 1),    HT(3, 2),    HT(3, 3),    HT(3, 4)
%
0000000000, 1570660957.595544186,   019,  1,  0000.933619, -000.319237, -000.162616, -000.059866, -000.334655, -000.615019, -000.713973, 0000.070452, 0000.127914, 0000.720999, -000.681027, 0000.592014,   073,  1,  -000.769250, -000.364450, 0000.524815, 0000.014399, -000.454716, 0000.889290, -000.048948, -000.143944, -000.448874, -000.276295, -000.849808, 0000.671771,   080,  1,  0000.676926, -000.656254, 0000.333319, -000.206971, -000.543652, -000.751059, -000.374636, -000.084842, 0000.496198, 0000.072391, -000.865186, 0000.588597,   237,  1,  0000.218444, -000.971345, -000.093653, -000.059598, -000.370771, -000.171387, 0000.912773, 0000.047726, -000.902669, -000.164666, -000.397585, 0000.815140, 
0000000001, 1570660957.606780691,   019,  1,  0000.933558, -000.319330, -000.162779, -000.059819, -000.334829, -000.614912, -000.713984, 0000.070432, 0000.127902, 0000.721049, -000.680977, 0000.592131,   073,  1,  -000.769319, -000.364290, 0000.524825, 0000.014436, -000.454605, 0000.889340, -000.049080, -000.143977, -000.448868, -000.276346, -000.849794, 0000.671791,   080,  1,  0000.676943, -000.656251, 0000.333291, -000.206907, -000.543644, -000.751059, -000.374648, -000.084855, 0000.496185, 0000.072424, -000.865191, 0000.588562,   237,  1,  0000.216845, -000.971741, -000.093262, -000.059616, -000.371287, -000.170452, 0000.912739, 0000.047229, -000.902842, -000.163296, -000.397757, 0000.815340, 
0000000002, 1570660957.618016327,   019,  1,  0000.933554, -000.319405, -000.162655, -000.059755, -000.334779, -000.614864, -000.714048, 0000.070399, 0000.128059, 0000.721056, -000.680939, 0000.592120,   073,  1,  -000.769350, -000.364354, 0000.524735, 0000.014472, -000.454626, 0000.889331, -000.049044, -000.144013, -000.448794, -000.276290, -000.849852, 0000.671803,   080,  1,  0000.676864, -000.656396, 0000.333166, -000.206827, -000.543737, -000.750922, -000.374787, -000.084856, 0000.496191, 0000.072525, -000.865179, 0000.588463,   237,  1,  0000.219015, -000.971358, -000.092177, -000.059428, -000.372656, -000.170583, 0000.912156, 0000.048119, -000.901754, -000.165426, -000.399342, 0000.814869, 
0000000003, 1570660957.629252191,   019,  1,  0000.933386, -000.319765, -000.162916, -000.059682, -000.335230, -000.614817, -000.713877, 0000.070357, 0000.128110, 0000.720937, -000.681056, 0000.592016,   073,  1,  -000.769396, -000.364346, 0000.524673, 0000.014511, -000.454612, 0000.889336, -000.049080, -000.144053, -000.448729, -000.276285, -000.849888, 0000.671801,   080,  1,  0000.676815, -000.656445, 0000.333170, -000.206791, -000.543746, -000.750877, -000.374866, -000.084877, 0000.496248, 0000.072555, -000.865144, 0000.588486,   237,  1,  0000.218659, -000.971434, -000.092223, -000.059426, -000.372692, -000.170485, 0000.912160, 0000.047882, -000.901825, -000.165081, -000.399323, 0000.814961, 
0000000004, 1570660957.640488173,   019,  1,  0000.933524, -000.319471, -000.162699, -000.059630, -000.334849, -000.614801, -000.714070, 0000.070336, 0000.128097, 0000.721081, -000.680906, 0000.592106,   073,  1,  -000.769425, -000.364512, 0000.524515, 0000.014543, -000.454750, 0000.889265, -000.049089, -000.144101, -000.448540, -000.276293, -000.849985, 0000.671843,   080,  1,  0000.676713, -000.656598, 0000.333073, -000.206767, -000.543870, -000.750739, -000.374962, -000.084902, 0000.496251, 0000.072594, -000.865139, 0000.588545,   237,  1,  0000.218871, -000.971400, -000.092069, -000.059360, -000.373161, -000.170514, 0000.911963, 0000.047973, -000.901580, -000.165246, -000.399809, 0000.814921, 
0000000005, 1570660957.651724135,   019,  1,  0000.933396, -000.319706, -000.162972, -000.059549, -000.335204, -000.614666, -000.714019, 0000.070282, 0000.128103, 0000.721092, -000.680894, 0000.591965,   073,  1,  -000.769791, -000.364209, 0000.524189, 0000.014587, -000.454357, 0000.889458, -000.049242, -000.144165, -000.448309, -000.276075, -000.850177, 0000.671934,   080,  1,  0000.676724, -000.656503, 0000.333238, -000.206742, -000.543717, -000.750822, -000.375017, -000.084934, 0000.496403, 0000.072596, -000.865052, 0000.588628,   237,  1,  0000.218044, -000.971646, -000.091443, -000.059321, -000.373566, -000.169656, 0000.911957, 0000.047940, -000.901613, -000.164687, -000.399966, 0000.814951, 
0000000006, 1570660957.662960194,   019,  1,  0000.933327, -000.319907, -000.162976, -000.059485, -000.335330, -000.614543, -000.714066, 0000.070255, 0000.128278, 0000.721108, -000.680844, 0000.591983,   073,  1,  -000.769950, -000.364123, 0000.524015, 0000.014628, -000.454246, 0000.889509, -000.049343, -000.144184, -000.448149, -000.276024, -000.850278, 0000.671857,   080,  1,  0000.676502, -000.656694, 0000.333313, -000.206704, -000.543834, -000.750661, -000.375170, -000.084956, 0000.496577, 0000.072536, -000.864956, 0000.588675,   237,  1,  0000.218665, -000.971564, -000.090823, -000.059340, -000.373449, -000.169312, 0000.912069, 0000.047537, -000.901511, -000.165520, -000.399852, 0000.815138, 
0000000007, 1570660957.674196023,   019,  1,  0000.933313, -000.319890, -000.163086, -000.059426, -000.335416, -000.614625, -000.713955, 0000.070233, 0000.128150, 0000.721045, -000.680934, 0000.592045,   073,  1,  -000.770113, -000.364090, 0000.523798, 0000.014666, -000.454137, 0000.889563, -000.049363, -000.144207, -000.447979, -000.275891, -000.850411, 0000.671803,   080,  1,  0000.676337, -000.656850, 0000.333341, -000.206641, -000.543980, -000.750534, -000.375213, -000.084966, 0000.496643, 0000.072440, -000.864927, 0000.588639,   237,  1,  0000.219432, -000.971436, -000.090346, -000.059351, -000.374076, -000.169299, 0000.911814, 0000.047117, -000.901064, -000.166285, -000.400540, 0000.815344, 
0000000008, 1570660957.685431834,   019,  1,  0000.933369, -000.319770, -000.163001, -000.059357, -000.335275, -000.614685, -000.713969, 0000.070202, 0000.128111, 0000.721047, -000.680939, 0000.592009,   073,  1,  -000.770388, -000.363811, 0000.523588, 0000.014702, -000.453813, 0000.889721, -000.049507, -000.144252, -000.447836, -000.275750, -000.850532, 0000.671848,   080,  1,  0000.676171, -000.657025, 0000.333334, -000.206603, -000.544116, -000.750384, -000.375316, -000.084990, 0000.496720, 0000.072405, -000.864885, 0000.588688,   237,  1,  0000.219786, -000.971431, -000.089535, -000.059279, -000.374285, -000.168724, 0000.911835, 0000.047252, -000.900891, -000.166897, -000.400675, 0000.815278, 
0000000009, 1570660957.696668050,   019,  1,  0000.933218, -000.320194, -000.163032, -000.059305, -000.335587, -000.614582, -000.713912, 0000.070192, 0000.128394, 0000.720947, -000.680992, 0000.592207,   073,  1,  -000.770367, -000.363968, 0000.523510, 0000.014741, -000.453853, 0000.889712, -000.049296, -000.144291, -000.447831, -000.275573, -000.850592, 0000.671851,   080,  1,  0000.676089, -000.657005, 0000.333538, -000.206544, -000.544095, -000.750416, -000.375280, -000.085004, 0000.496853, 0000.072247, -000.864822, 0000.588693,   237,  1,  0000.219817, -000.971511, -000.088581, -000.059231, -000.374653, -000.167910, 0000.911834, 0000.047121, -000.900731, -000.167249, -000.400889, 0000.815344, 
