% Measurements merged on 10/09/19 17:31:27 Central Daylight Time
% Original files:
%    1: C:\Users\Al\Desktop\Nayo\KACEY\STROKE\RTIS2001\RTIS2001_REAL_trunkfree\2001tf_reg_00000004_Series2s24.hts  (Series2s24)
%    2: C:\Users\Al\Desktop\Nayo\KACEY\STROKE\RTIS2001\RTIS2001_REAL_trunkfree\2001tf_reg_00000004_Series2s25.hts  (Series2s25)
% Merge host: Al-PC
% System: MERGED
% nSharedImages: 10
%
% Interpolated markers have status set to 2
%
% EMB001 (Marker properties) Series:1024, ID:237, Size:20, Thickness:000.647, tPu:[-001.323 +071.946 -004.697]
% EMB001 (Marker properties) Series:2031, ID:019, Size:35, Thickness:001.846, tPu:[+000.000 +000.000 +000.000]
% EMB001 (Marker properties) Series:2031, ID:051, Size:35, Thickness:001.844, tPu:[+000.000 +000.000 +000.000]
% EMB001 (Marker properties) Series:2032, ID:073, Size:44, Thickness:002.200, tPu:[+000.000 +000.000 +000.000]
% EMB001 (Marker properties) Series:2032, ID:080, Size:44, Thickness:002.203, tPu:[+000.000 +000.000 +000.000]
% EMB001 (Marker properties) Series:2032, ID:087, Size:44, Thickness:002.251, tPu:[+000.000 +000.000 +000.000]
%
% ImageNumber,             FrameTime,           Marker,  ST, HT(1, 1),    HT(1, 2),    HT(1, 3),    HT(1, 4),    HT(2, 1),    HT(2, 2),    HT(2, 3),    HT(2, 4),    HT(3, 1),    HT(3, 2),    HT(3, 3),    HT(3, 4)
%
0000000000, 1570660692.146106155,   019,  1,  0000.996981, 0000.023908, 0000.073874, -000.106682, 0000.056287, -000.877906, -000.475514, 0000.196180, 0000.053486, 0000.478236, -000.876601, 0000.820570,   051,  1,  0000.838144, -000.541932, 0000.061846, -000.060384, -000.434493, -000.594796, 0000.676338, -000.020957, -000.329744, -000.593740, -000.733990, 0000.495242,   073,  1,  -000.652497, -000.716949, 0000.245422, 0000.057573, -000.333602, 0000.562560, 0000.756462, 0000.059559, -000.680409, 0000.411716, -000.606245, 0000.778841,   080,  1,  0000.827328, -000.437748, 0000.352001, -000.184599, -000.451986, -000.890861, -000.045546, -000.000364, 0000.333522, -000.121418, -000.934891, 0000.760410,   087,  1,  0000.690598, 0000.490654, 0000.531351, 0000.059033, -000.011568, -000.727095, 0000.686440, -000.003796, 0000.723147, -000.480200, -000.496454, 0000.601846,   237,  1,  0000.917670, -000.021185, -000.396779, 0000.156909, -000.051007, -000.996596, -000.064759, 0000.021421, -000.394057, 0000.079666, -000.915627, 0000.738379, 
0000000001, 1570660692.157342123,   019,  1,  0000.996962, 0000.024675, 0000.073877, -000.106616, 0000.056977, -000.877739, -000.475740, 0000.196080, 0000.053105, 0000.478504, -000.876478, 0000.820106,   051,  1,  0000.838209, -000.541854, 0000.061639, -000.060394, -000.434337, -000.594956, 0000.676298, -000.020976, -000.329782, -000.593651, -000.734045, 0000.495247,   073,  1,  -000.652300, -000.717121, 0000.245442, 0000.057598, -000.333690, 0000.562449, 0000.756506, 0000.059570, -000.680555, 0000.411568, -000.606182, 0000.778801,   080,  1,  0000.827241, -000.437921, 0000.351990, -000.184568, -000.452080, -000.890801, -000.045802, -000.000354, 0000.333611, -000.121239, -000.934882, 0000.760279,   087,  1,  0000.690622, 0000.490519, 0000.531444, 0000.059043, -000.011648, -000.727195, 0000.686332, -000.003773, 0000.723122, -000.480186, -000.496503, 0000.601812,   237,  1,  0000.917291, -000.021738, -000.397624, 0000.156940, -000.051496, -000.996600, -000.064314, 0000.021420, -000.394874, 0000.079471, -000.915292, 0000.738567, 
0000000002, 1570660692.168578272,   019,  1,  0000.996964, 0000.024562, 0000.073888, -000.106646, 0000.056874, -000.877826, -000.475592, 0000.196174, 0000.053179, 0000.478350, -000.876558, 0000.820447,   051,  1,  0000.838235, -000.541844, 0000.061380, -000.060401, -000.434179, -000.595066, 0000.676302, -000.020995, -000.329925, -000.593550, -000.734063, 0000.495190,   073,  1,  -000.652409, -000.717034, 0000.245407, 0000.057618, -000.333627, 0000.562477, 0000.756514, 0000.059580, -000.680482, 0000.411682, -000.606187, 0000.778764,   080,  1,  0000.827220, -000.438024, 0000.351913, -000.184528, -000.452155, -000.890759, -000.045870, -000.000339, 0000.333562, -000.121175, -000.934908, 0000.760132,   087,  1,  0000.690638, 0000.490510, 0000.531432, 0000.059052, -000.011615, -000.727215, 0000.686311, -000.003977, 0000.723108, -000.480165, -000.496545, 0000.601812,   237,  1,  0000.917243, -000.021418, -000.397751, 0000.156859, -000.050946, -000.996660, -000.063818, 0000.021381, -000.395056, 0000.078800, -000.915271, 0000.738160, 
0000000003, 1570660692.179814143,   019,  1,  0000.996947, 0000.025124, 0000.073928, -000.106647, 0000.057386, -000.877819, -000.475542, 0000.196212, 0000.052948, 0000.478333, -000.876581, 0000.820555,   051,  1,  0000.838170, -000.541960, 0000.061240, -000.060416, -000.434216, -000.595127, 0000.676225, -000.021015, -000.330042, -000.593383, -000.734145, 0000.495154,   073,  1,  -000.652540, -000.716958, 0000.245283, 0000.057645, -000.333769, 0000.562554, 0000.756394, 0000.059479, -000.680287, 0000.411709, -000.606387, 0000.778773,   080,  1,  0000.827238, -000.437990, 0000.351913, -000.184558, -000.452069, -000.890796, -000.046009, -000.000331, 0000.333634, -000.121028, -000.934901, 0000.760246,   087,  1,  0000.690807, 0000.490344, 0000.531365, 0000.059050, -000.011598, -000.727296, 0000.686226, -000.003969, 0000.722946, -000.480213, -000.496734, 0000.601786,   237,  1,  0000.917015, -000.022120, -000.398239, 0000.156692, -000.051387, -000.996692, -000.062967, 0000.021343, -000.395528, 0000.078206, -000.915118, 0000.737409, 
0000000004, 1570660692.191050098,   019,  1,  0000.996990, 0000.024397, 0000.073585, -000.106630, 0000.056576, -000.877906, -000.475479, 0000.196218, 0000.053001, 0000.478211, -000.876644, 0000.820599,   051,  1,  0000.838048, -000.542160, 0000.061138, -000.060428, -000.434346, -000.595149, 0000.676122, -000.021035, -000.330180, -000.593178, -000.734249, 0000.495129,   073,  1,  -000.652653, -000.716864, 0000.245256, 0000.057660, -000.333887, 0000.562704, 0000.756230, 0000.059528, -000.680120, 0000.411668, -000.606602, 0000.778723,   080,  1,  0000.827356, -000.437947, 0000.351688, -000.184570, -000.451996, -000.890833, -000.045996, -000.000324, 0000.333439, -000.120906, -000.934987, 0000.760290,   087,  1,  0000.690756, 0000.490350, 0000.531426, 0000.059050, -000.011528, -000.727378, 0000.686140, -000.004020, 0000.722996, -000.480081, -000.496788, 0000.601768,   237,  1,  0000.917109, -000.019665, -000.398152, 0000.156911, -000.049149, -000.996740, -000.063981, 0000.021346, -000.395596, 0000.078246, -000.915086, 0000.738419, 
0000000005, 1570660692.202285992,   019,  1,  0000.997007, 0000.024092, 0000.073464, -000.106554, 0000.056266, -000.877783, -000.475743, 0000.196104, 0000.053024, 0000.478452, -000.876511, 0000.820131,   051,  1,  0000.838038, -000.542192, 0000.060992, -000.060444, -000.434302, -000.595224, 0000.676085, -000.021068, -000.330264, -000.593074, -000.734295, 0000.495127,   073,  1,  -000.652487, -000.716974, 0000.245377, 0000.057668, -000.333889, 0000.562676, 0000.756250, 0000.059667, -000.680279, 0000.411514, -000.606528, 0000.778629,   080,  1,  0000.827483, -000.437795, 0000.351579, -000.184569, -000.451765, -000.890943, -000.046141, -000.000323, 0000.333437, -000.120651, -000.935020, 0000.760292,   087,  1,  0000.690908, 0000.490214, 0000.531353, 0000.059042, -000.011507, -000.727436, 0000.686079, -000.003864, 0000.722851, -000.480132, -000.496951, 0000.601719,   237,  1,  0000.916908, -000.019787, -000.398607, 0000.156947, -000.049398, -000.996717, -000.064152, 0000.021317, -000.396029, 0000.078511, -000.914875, 0000.738521, 
0000000006, 1570660692.213522060,   019,  1,  0000.997043, 0000.024412, 0000.072869, -000.106544, 0000.056257, -000.877825, -000.475667, 0000.196115, 0000.052354, 0000.478359, -000.876602, 0000.820158,   051,  1,  0000.837849, -000.542462, 0000.061190, -000.060453, -000.434695, -000.595158, 0000.675890, -000.021098, -000.330227, -000.592893, -000.734458, 0000.495118,   073,  1,  -000.652605, -000.716845, 0000.245438, 0000.057686, -000.333836, 0000.562820, 0000.756166, 0000.059651, -000.680192, 0000.411541, -000.606608, 0000.778605,   080,  1,  0000.827364, -000.438111, 0000.351464, -000.184576, -000.452096, -000.890776, -000.046122, -000.000320, 0000.333282, -000.120736, -000.935065, 0000.760323,   087,  1,  0000.691002, 0000.490092, 0000.531344, 0000.059054, -000.011464, -000.727543, 0000.685967, -000.004128, 0000.722762, -000.480096, -000.497115, 0000.601729,   237,  1,  0000.916911, -000.019725, -000.398603, 0000.157011, -000.049335, -000.996719, -000.064163, 0000.021308, -000.396030, 0000.078496, -000.914876, 0000.738734, 
0000000007, 1570660692.224757671,   019,  1,  0000.996979, 0000.025125, 0000.073500, -000.106586, 0000.057194, -000.877711, -000.475766, 0000.196217, 0000.052558, 0000.478532, -000.876496, 0000.820610,   051,  1,  0000.837723, -000.542657, 0000.061184, -000.060473, -000.434966, -000.595304, 0000.675587, -000.021132, -000.330189, -000.592568, -000.734737, 0000.495220,   073,  1,  -000.652717, -000.716790, 0000.245301, 0000.057706, -000.334061, 0000.562917, 0000.755995, 0000.059541, -000.679973, 0000.411505, -000.606877, 0000.778621,   080,  1,  0000.827306, -000.438377, 0000.351269, -000.184536, -000.452329, -000.890654, -000.046197, -000.000309, 0000.333111, -000.120670, -000.935134, 0000.760128,   087,  1,  0000.691134, 0000.489813, 0000.531430, 0000.059059, -000.011362, -000.727858, 0000.685634, -000.003989, 0000.722637, -000.479903, -000.497482, 0000.601683,   237,  1,  0000.917255, -000.020395, -000.397778, 0000.156849, -000.050229, -000.996638, -000.064723, 0000.021260, -000.395121, 0000.079348, -000.915196, 0000.737835, 
0000000008, 1570660692.235993859,   019,  1,  0000.996991, 0000.025176, 0000.073311, -000.106524, 0000.057150, -000.877698, -000.475794, 0000.196137, 0000.052366, 0000.478552, -000.876496, 0000.820214,   051,  1,  0000.837573, -000.542870, 0000.061343, -000.060487, -000.435335, -000.595353, 0000.675306, -000.021148, -000.330082, -000.592323, -000.734982, 0000.495242,   073,  1,  -000.652937, -000.716669, 0000.245068, 0000.057713, -000.334220, 0000.562975, 0000.755881, 0000.059648, -000.679684, 0000.411636, -000.607112, 0000.778545,   080,  1,  0000.827535, -000.438143, 0000.351021, -000.184536, -000.452032, -000.890803, -000.046228, -000.000301, 0000.332945, -000.120418, -000.935226, 0000.760111,   087,  1,  0000.691122, 0000.489609, 0000.531633, 0000.059064, -000.011446, -000.728074, 0000.685402, -000.004139, 0000.722647, -000.479782, -000.497584, 0000.601678,   237,  1,  0000.917340, -000.020622, -000.397570, 0000.157010, -000.050100, -000.996698, -000.063901, 0000.021257, -000.394939, 0000.078537, -000.915344, 0000.738518, 
0000000009, 1570660692.247229589,   019,  1,  0000.997053, 0000.024041, 0000.072852, -000.106500, 0000.055927, -000.877803, -000.475746, 0000.196093, 0000.052513, 0000.478419, -000.876560, 0000.820066,   051,  1,  0000.837579, -000.542888, 0000.061104, -000.060502, -000.435202, -000.595428, 0000.675326, -000.021152, -000.330243, -000.592231, -000.734984, 0000.495245,   073,  1,  -000.652936, -000.716695, 0000.244996, 0000.057725, -000.334127, 0000.562842, 0000.756021, 0000.059643, -000.679730, 0000.411774, -000.606967, 0000.778525,   080,  1,  0000.827581, -000.438161, 0000.350892, -000.184542, -000.452038, -000.890801, -000.046213, -000.000290, 0000.332824, -000.120371, -000.935275, 0000.760125,   087,  1,  0000.691361, 0000.489472, 0000.531448, 0000.059061, -000.011439, -000.728051, 0000.685427, -000.004067, 0000.722419, -000.479957, -000.497747, 0000.601650,   237,  1,  0000.917566, -000.019863, -000.397088, 0000.157226, -000.049375, -000.996713, -000.064236, 0000.021266, -000.394507, 0000.078547, -000.915530, 0000.739341, 
