% Measurements merged on 10/09/19 17:34:28 Central Daylight Time
% Original files:
%    1: C:\Users\Al\Desktop\Nayo\KACEY\STROKE\RTIS2001\RTIS2001_REAL_trunkfree\2001tf_reg_00000011_Series2s24.hts  (Series2s24)
%    2: C:\Users\Al\Desktop\Nayo\KACEY\STROKE\RTIS2001\RTIS2001_REAL_trunkfree\2001tf_reg_00000011_Series2s25.hts  (Series2s25)
% Merge host: Al-PC
% System: MERGED
% nSharedImages: 10
%
% Interpolated markers have status set to 2
%
% EMB001 (Marker properties) Series:1024, ID:237, Size:20, Thickness:000.647, tPu:[-001.323 +071.946 -004.697]
% EMB001 (Marker properties) Series:2031, ID:019, Size:35, Thickness:001.846, tPu:[+000.000 +000.000 +000.000]
% EMB001 (Marker properties) Series:2032, ID:073, Size:44, Thickness:002.200, tPu:[+000.000 +000.000 +000.000]
%
% ImageNumber,             FrameTime,           Marker,  ST, HT(1, 1),    HT(1, 2),    HT(1, 3),    HT(1, 4),    HT(2, 1),    HT(2, 2),    HT(2, 3),    HT(2, 4),    HT(3, 1),    HT(3, 2),    HT(3, 3),    HT(3, 4)
%
0000000000, 1570660873.752847799,   019,  1,  0000.925638, -000.259356, -000.275551, 0000.015357, -000.367682, -000.444270, -000.816966, 0000.022152, 0000.089466, 0000.857530, -000.506594, 0000.593505,   073,  1,  -000.842479, -000.281906, 0000.459084, 0000.078726, -000.444764, 0000.844820, -000.297428, -000.184159, -000.303997, -000.454761, -000.837125, 0000.700024,   237,  1,  0000.972897, 0000.060963, -000.223060, -000.096435, 0000.213944, -000.603357, 0000.768237, 0000.125885, -000.087751, -000.795137, -000.600047, 0000.750168, 
0000000001, 1570660873.764083953,   019,  1,  0000.925574, -000.259678, -000.275464, 0000.015367, -000.367818, -000.444701, -000.816671, 0000.022124, 0000.089572, 0000.857210, -000.507118, 0000.593210,   073,  1,  -000.842428, -000.282027, 0000.459104, 0000.078758, -000.444867, 0000.844794, -000.297348, -000.184233, -000.303989, -000.454734, -000.837143, 0000.700245,   237,  1,  0000.972934, 0000.061060, -000.222872, -000.096442, 0000.213852, -000.603362, 0000.768259, 0000.125764, -000.087563, -000.795126, -000.600089, 0000.750211, 
0000000002, 1570660873.775319569,   019,  1,  0000.925488, -000.259747, -000.275687, 0000.015379, -000.368010, -000.444309, -000.816797, 0000.022104, 0000.089671, 0000.857392, -000.506793, 0000.593063,   073,  1,  -000.842440, -000.282094, 0000.459039, 0000.078759, -000.444881, 0000.844805, -000.297297, -000.184215, -000.303933, -000.454673, -000.837196, 0000.700119,   237,  1,  0000.972875, 0000.061175, -000.223096, -000.096513, 0000.214091, -000.603426, 0000.768142, 0000.125400, -000.087631, -000.795069, -000.600155, 0000.750368, 
0000000003, 1570660873.786555672,   019,  1,  0000.925538, -000.259594, -000.275664, 0000.015402, -000.367949, -000.444687, -000.816619, 0000.022096, 0000.089405, 0000.857242, -000.507092, 0000.593389,   073,  1,  -000.842602, -000.281914, 0000.458854, 0000.078776, -000.444667, 0000.844852, -000.297484, -000.184255, -000.303799, -000.454697, -000.837232, 0000.700207,   237,  1,  0000.972780, 0000.061763, -000.223347, -000.096370, 0000.214610, -000.603700, 0000.767782, 0000.125954, -000.087414, -000.794816, -000.600522, 0000.750124, 
0000000004, 1570660873.797791534,   019,  1,  0000.925335, -000.259900, -000.276057, 0000.015413, -000.368408, -000.444235, -000.816658, 0000.022077, 0000.089615, 0000.857384, -000.506815, 0000.593371,   073,  1,  -000.842530, -000.281975, 0000.458948, 0000.078763, -000.444750, 0000.844837, -000.297402, -000.184216, -000.303877, -000.454687, -000.837209, 0000.700039,   237,  1,  0000.972592, 0000.061722, -000.224178, -000.096388, 0000.215213, -000.603946, 0000.767420, 0000.125874, -000.088025, -000.794632, -000.600676, 0000.750147, 
0000000005, 1570660873.809027593,   019,  1,  0000.925398, -000.259650, -000.276081, 0000.015404, -000.368291, -000.444155, -000.816755, 0000.022055, 0000.089448, 0000.857501, -000.506647, 0000.593240,   073,  2,  -000.842605, -000.281920, 0000.458843, 0000.078764, -000.444671, 0000.844847, -000.297493, -000.184231, -000.303783, -000.454703, -000.837234, 0000.700050,   237,  1,  0000.972397, 0000.062048, -000.224932, -000.096435, 0000.216009, -000.603896, 0000.767235, 0000.125714, -000.088230, -000.794645, -000.600629, 0000.750203, 
0000000006, 1570660873.820263497,   019,  1,  0000.925327, -000.259722, -000.276250, 0000.015403, -000.368472, -000.444103, -000.816701, 0000.022037, 0000.089431, 0000.857506, -000.506641, 0000.593253,   073,  1,  -000.842681, -000.281866, 0000.458738, 0000.078765, -000.444592, 0000.844856, -000.297584, -000.184246, -000.303689, -000.454720, -000.837259, 0000.700060,   237,  1,  0000.972406, 0000.061689, -000.224993, -000.096417, 0000.215832, -000.603997, 0000.767206, 0000.125785, -000.088567, -000.794596, -000.600644, 0000.750165, 
0000000007, 1570660873.831499599,   019,  1,  0000.925329, -000.259672, -000.276291, 0000.015401, -000.368514, -000.444409, -000.816516, 0000.022032, 0000.089240, 0000.857363, -000.506917, 0000.593421,   073,  1,  -000.842620, -000.281993, 0000.458772, 0000.078741, -000.444750, 0000.844761, -000.297618, -000.184214, -000.303627, -000.454818, -000.837229, 0000.699913,   237,  1,  0000.972306, 0000.062086, -000.225314, -000.096452, 0000.216294, -000.604249, 0000.766877, 0000.125589, -000.088533, -000.794373, -000.600944, 0000.750238, 
0000000008, 1570660873.842735452,   019,  1,  0000.925311, -000.259716, -000.276308, 0000.015402, -000.368478, -000.443695, -000.816921, 0000.022015, 0000.089571, 0000.857719, -000.506255, 0000.593374,   073,  0,  0000.000000, 0000.000000, 0000.000000, 0000.000000, 0000.000000, 0000.000000, 0000.000000, 0000.000000, 0000.000000, 0000.000000, 0000.000000, 0000.000000,   237,  1,  0000.972204, 0000.061436, -000.225932, -000.096399, 0000.216424, -000.603981, 0000.767051, 0000.125778, -000.089334, -000.794627, -000.600489, 0000.750151, 
0000000009, 1570660873.853971497,   019,  1,  0000.925212, -000.259874, -000.276491, 0000.015399, -000.368730, -000.443774, -000.816764, 0000.022004, 0000.089556, 0000.857630, -000.506409, 0000.593472,   073,  0,  0000.000000, 0000.000000, 0000.000000, 0000.000000, 0000.000000, 0000.000000, 0000.000000, 0000.000000, 0000.000000, 0000.000000, 0000.000000, 0000.000000,   237,  1,  0000.972248, 0000.061584, -000.225700, -000.096426, 0000.216301, -000.604225, 0000.766894, 0000.125567, -000.089146, -000.794430, -000.600777, 0000.750242, 
