% Measurements merged on 10/09/19 17:33:38 Central Daylight Time
% Original files:
%    1: C:\Users\Al\Desktop\Nayo\KACEY\STROKE\RTIS2001\RTIS2001_REAL_trunkfree\2001tf_reg_00000009_Series2s24.hts  (Series2s24)
%    2: C:\Users\Al\Desktop\Nayo\KACEY\STROKE\RTIS2001\RTIS2001_REAL_trunkfree\2001tf_reg_00000009_Series2s25.hts  (Series2s25)
% Merge host: Al-PC
% System: MERGED
% nSharedImages: 10
%
% Interpolated markers have status set to 2
%
% EMB001 (Marker properties) Series:1024, ID:237, Size:20, Thickness:000.647, tPu:[-001.323 +071.946 -004.697]
% EMB001 (Marker properties) Series:2031, ID:019, Size:35, Thickness:001.846, tPu:[+000.000 +000.000 +000.000]
% EMB001 (Marker properties) Series:2032, ID:080, Size:44, Thickness:002.203, tPu:[+000.000 +000.000 +000.000]
%
% ImageNumber,             FrameTime,           Marker,  ST, HT(1, 1),    HT(1, 2),    HT(1, 3),    HT(1, 4),    HT(2, 1),    HT(2, 2),    HT(2, 3),    HT(2, 4),    HT(3, 1),    HT(3, 2),    HT(3, 3),    HT(3, 4)
%
0000000000, 1570660823.741611873,   019,  1,  0000.945691, -000.324385, 0000.021057, -000.037996, -000.270228, -000.820503, -000.503737, 0000.143520, 0000.180682, 0000.470690, -000.863600, 0000.739296,   080,  1,  0000.722314, -000.597218, 0000.348702, -000.172286, -000.607705, -000.788799, -000.092145, -000.018001, 0000.330087, -000.145350, -000.932693, 0000.677513,   237,  1,  -000.810733, 0000.442496, 0000.383288, -000.208192, 0000.485942, 0000.873782, 0000.019109, -000.010256, -000.326454, 0000.201748, -000.923431, 0000.654643, 
0000000001, 1570660823.752847578,   019,  1,  0000.945845, -000.323933, 0000.021072, -000.038000, -000.269847, -000.820685, -000.503645, 0000.143510, 0000.180441, 0000.470684, -000.863654, 0000.739307,   080,  1,  0000.722206, -000.597346, 0000.348707, -000.172326, -000.607899, -000.788667, -000.091993, -000.018009, 0000.329966, -000.145541, -000.932706, 0000.677635,   237,  1,  -000.810704, 0000.442084, 0000.383825, -000.208220, 0000.485626, 0000.873958, 0000.019113, -000.010269, -000.326997, 0000.201890, -000.923208, 0000.654752, 
0000000002, 1570660823.764083382,   019,  1,  0000.945870, -000.323863, 0000.021056, -000.038002, -000.269725, -000.820523, -000.503974, 0000.143475, 0000.180496, 0000.471015, -000.863462, 0000.739201,   080,  1,  0000.722410, -000.597101, 0000.348703, -000.172303, -000.607600, -000.788887, -000.092082, -000.018015, 0000.330070, -000.145351, -000.932699, 0000.677537,   237,  1,  -000.810809, 0000.442223, 0000.383442, -000.208166, 0000.485667, 0000.873936, 0000.019061, -000.010276, -000.326674, 0000.201680, -000.923368, 0000.654559, 
0000000003, 1570660823.775319467,   019,  1,  0000.945791, -000.324099, 0000.020970, -000.038013, -000.269974, -000.820449, -000.503961, 0000.143466, 0000.180538, 0000.470981, -000.863472, 0000.739251,   080,  1,  0000.722393, -000.597133, 0000.348685, -000.172311, -000.607690, -000.788837, -000.091917, -000.018026, 0000.329942, -000.145492, -000.932722, 0000.677542,   237,  1,  -000.811314, 0000.441550, 0000.383150, -000.208023, 0000.485011, 0000.874292, 0000.019451, -000.010284, -000.326396, 0000.201613, -000.923481, 0000.654075, 
0000000004, 1570660823.786555566,   019,  1,  0000.945870, -000.323872, 0000.020891, -000.038049, -000.269844, -000.820581, -000.503817, 0000.143576, 0000.180315, 0000.470908, -000.863558, 0000.739940,   080,  1,  0000.722352, -000.597198, 0000.348657, -000.172325, -000.607727, -000.788799, -000.092002, -000.018034, 0000.329964, -000.145431, -000.932724, 0000.677606,   237,  1,  -000.811451, 0000.441652, 0000.382741, -000.208114, 0000.485281, 0000.874126, 0000.020176, -000.010294, -000.325653, 0000.202109, -000.923635, 0000.654348, 
0000000005, 1570660823.797791762,   019,  1,  0000.945759, -000.324184, 0000.021092, -000.038022, -000.269984, -000.820428, -000.503991, 0000.143416, 0000.180691, 0000.470960, -000.863451, 0000.739237,   080,  1,  0000.722463, -000.597058, 0000.348667, -000.172345, -000.607584, -000.788912, -000.091975, -000.018053, 0000.329982, -000.145396, -000.932723, 0000.677687,   237,  1,  -000.811016, 0000.442141, 0000.383099, -000.208168, 0000.485955, 0000.873747, 0000.020356, -000.010319, -000.325732, 0000.202678, -000.923483, 0000.654537, 
0000000006, 1570660823.809027480,   019,  1,  0000.945800, -000.324076, 0000.020926, -000.038008, -000.269956, -000.820402, -000.504049, 0000.143399, 0000.180518, 0000.471080, -000.863422, 0000.739217,   080,  1,  0000.722362, -000.597260, 0000.348529, -000.172367, -000.607792, -000.788755, -000.091946, -000.018063, 0000.329820, -000.145415, -000.932777, 0000.677777,   237,  1,  -000.810872, 0000.442388, 0000.383118, -000.208197, 0000.486080, 0000.873687, 0000.019942, -000.010325, -000.325903, 0000.202396, -000.923484, 0000.654683, 
0000000007, 1570660823.820263502,   019,  1,  0000.945650, -000.324518, 0000.020845, -000.038018, -000.270380, -000.820266, -000.504043, 0000.143437, 0000.180669, 0000.471012, -000.863427, 0000.739545,   080,  1,  0000.722408, -000.597232, 0000.348483, -000.172362, -000.607774, -000.788776, -000.091888, -000.018076, 0000.329754, -000.145419, -000.932800, 0000.677794,   237,  1,  -000.811166, 0000.441280, 0000.383774, -000.208247, 0000.484922, 0000.874338, 0000.019605, -000.010334, -000.326896, 0000.202003, -000.923219, 0000.654920, 
0000000008, 1570660823.831499389,   019,  1,  0000.945829, -000.323989, 0000.020925, -000.038001, -000.269886, -000.820437, -000.504029, 0000.143394, 0000.180468, 0000.471078, -000.863433, 0000.739424,   080,  1,  0000.722152, -000.597590, 0000.348400, -000.172356, -000.608094, -000.788510, -000.092048, -000.018090, 0000.329724, -000.145387, -000.932815, 0000.677820,   237,  1,  -000.810911, 0000.441825, 0000.383686, -000.208138, 0000.485461, 0000.874040, 0000.019530, -000.010343, -000.326728, 0000.202102, -000.923257, 0000.654669, 
0000000009, 1570660823.842735279,   019,  1,  0000.945724, -000.324315, 0000.020647, -000.037985, -000.270306, -000.820317, -000.503999, 0000.143371, 0000.180392, 0000.471063, -000.863457, 0000.739356,   080,  1,  0000.722181, -000.597579, 0000.348359, -000.172358, -000.608089, -000.788519, -000.092008, -000.018098, 0000.329670, -000.145387, -000.932835, 0000.677875,   237,  1,  -000.810901, 0000.441565, 0000.384005, -000.208204, 0000.485242, 0000.874163, 0000.019488, -000.010341, -000.327078, 0000.202138, -000.923125, 0000.654954, 
