% Measurements merged on 10/09/19 17:33:01 Central Daylight Time
% Original files:
%    1: C:\Users\Al\Desktop\Nayo\KACEY\STROKE\RTIS2001\RTIS2001_REAL_trunkfree\2001tf_reg_00000008_Series2s24.hts  (Series2s24)
%    2: C:\Users\Al\Desktop\Nayo\KACEY\STROKE\RTIS2001\RTIS2001_REAL_trunkfree\2001tf_reg_00000008_Series2s25.hts  (Series2s25)
% Merge host: Al-PC
% System: MERGED
% nSharedImages: 10
%
% Interpolated markers have status set to 2
%
% EMB001 (Marker properties) Series:1024, ID:237, Size:20, Thickness:000.647, tPu:[-001.323 +071.946 -004.697]
% EMB001 (Marker properties) Series:2031, ID:019, Size:35, Thickness:001.846, tPu:[+000.000 +000.000 +000.000]
% EMB001 (Marker properties) Series:2031, ID:051, Size:35, Thickness:001.844, tPu:[+000.000 +000.000 +000.000]
% EMB001 (Marker properties) Series:2032, ID:073, Size:44, Thickness:002.200, tPu:[+000.000 +000.000 +000.000]
% EMB001 (Marker properties) Series:2032, ID:080, Size:44, Thickness:002.203, tPu:[+000.000 +000.000 +000.000]
%
% ImageNumber,             FrameTime,           Marker,  ST, HT(1, 1),    HT(1, 2),    HT(1, 3),    HT(1, 4),    HT(2, 1),    HT(2, 2),    HT(2, 3),    HT(2, 4),    HT(3, 1),    HT(3, 2),    HT(3, 3),    HT(3, 4)
%
0000000000, 1570660786.000038845,   019,  1,  0000.973888, -000.226753, 0000.011202, -000.083696, -000.206567, -000.905502, -000.370670, 0000.183994, 0000.094194, 0000.358677, -000.928697, 0000.879294,   051,  1,  0000.764520, -000.438133, -000.472809, -000.176450, -000.175895, -000.847453, 0000.500884, -000.189601, -000.620137, -000.299771, -000.724960, 0000.672094,   073,  1,  -000.768973, -000.485531, 0000.415862, 0000.020305, -000.314282, 0000.853594, 0000.415456, -000.017798, -000.556694, 0000.188776, -000.808984, 0000.852756,   080,  1,  0000.791434, -000.530960, 0000.302842, -000.194432, -000.562038, -000.826892, 0000.019050, 0000.005752, 0000.240303, -000.185286, -000.952850, 0000.808056,   237,  0,  0000.000000, 0000.000000, 0000.000000, 0000.000000, 0000.000000, 0000.000000, 0000.000000, 0000.000000, 0000.000000, 0000.000000, 0000.000000, 0000.000000, 
0000000001, 1570660786.011274643,   019,  1,  0000.973842, -000.226954, 0000.011110, -000.083712, -000.206770, -000.905387, -000.370837, 0000.183976, 0000.094222, 0000.358839, -000.928632, 0000.879246,   051,  1,  0000.764276, -000.438647, -000.472727, -000.176559, -000.176037, -000.847102, 0000.501427, -000.189731, -000.620397, -000.300011, -000.724638, 0000.672494,   073,  1,  -000.768994, -000.485697, 0000.415628, 0000.020307, -000.314426, 0000.853470, 0000.415601, -000.017783, -000.556582, 0000.188911, -000.809030, 0000.852545,   080,  1,  0000.791492, -000.530909, 0000.302780, -000.194472, -000.561941, -000.826961, 0000.018928, 0000.005757, 0000.240338, -000.185126, -000.952873, 0000.808200,   237,  1,  -000.956566, -000.122529, 0000.264514, -000.064765, 0000.179011, 0000.469252, 0000.864730, 0000.115286, -000.230078, 0000.874522, -000.426937, 0000.830416, 
0000000002, 1570660786.022510643,   019,  1,  0000.973802, -000.227136, 0000.010861, -000.083767, -000.207056, -000.905430, -000.370574, 0000.184091, 0000.094005, 0000.358617, -000.928739, 0000.879654,   051,  1,  0000.764344, -000.437870, -000.473337, -000.176384, -000.175577, -000.847668, 0000.500631, -000.189546, -000.620444, -000.299548, -000.724790, 0000.671821,   073,  1,  -000.769095, -000.485567, 0000.415594, 0000.020309, -000.314382, 0000.853551, 0000.415470, -000.017774, -000.556469, 0000.188881, -000.809115, 0000.852542,   080,  1,  0000.791318, -000.531153, 0000.302807, -000.194508, -000.562186, -000.826796, 0000.018867, 0000.005753, 0000.240339, -000.185164, -000.952865, 0000.808290,   237,  1,  -000.956614, -000.122167, 0000.264510, -000.064780, 0000.179137, 0000.469370, 0000.864640, 0000.115301, -000.229783, 0000.874510, -000.427121, 0000.830395, 
0000000003, 1570660786.033746476,   019,  1,  0000.973675, -000.227682, 0000.010837, -000.083760, -000.207573, -000.905316, -000.370562, 0000.184026, 0000.094181, 0000.358558, -000.928744, 0000.879341,   051,  1,  0000.764411, -000.437725, -000.473364, -000.176459, -000.175425, -000.847714, 0000.500607, -000.189628, -000.620405, -000.299629, -000.724789, 0000.672055,   073,  1,  -000.768930, -000.486086, 0000.415291, 0000.020306, -000.314865, 0000.853252, 0000.415718, -000.017766, -000.556423, 0000.188897, -000.809143, 0000.852583,   080,  1,  0000.791076, -000.531536, 0000.302767, -000.194539, -000.562603, -000.826510, 0000.018965, 0000.005758, 0000.240160, -000.185340, -000.952876, 0000.808388,   237,  1,  -000.956632, -000.121929, 0000.264554, -000.064793, 0000.179403, 0000.468909, 0000.864835, 0000.115441, -000.229500, 0000.874790, -000.426699, 0000.830324, 
0000000004, 1570660786.044982654,   019,  1,  0000.973835, -000.226998, 0000.010835, -000.083739, -000.206952, -000.905518, -000.370417, 0000.183974, 0000.093895, 0000.358483, -000.928802, 0000.879009,   051,  1,  0000.764207, -000.438221, -000.473233, -000.176568, -000.175884, -000.847515, 0000.500782, -000.189733, -000.620525, -000.299467, -000.724754, 0000.672449,   073,  1,  -000.769053, -000.485904, 0000.415278, 0000.020293, -000.314833, 0000.853381, 0000.415476, -000.017749, -000.556271, 0000.188779, -000.809274, 0000.852527,   080,  1,  0000.791374, -000.531117, 0000.302724, -000.194493, -000.562171, -000.826802, 0000.019026, 0000.005767, 0000.240188, -000.185239, -000.952888, 0000.808164,   237,  1,  -000.956397, -000.121546, 0000.265576, -000.064788, 0000.180529, 0000.468779, 0000.864671, 0000.115562, -000.229594, 0000.874913, -000.426397, 0000.830252, 
0000000005, 1570660786.056218524,   019,  1,  0000.973846, -000.226952, 0000.010797, -000.083760, -000.206923, -000.905524, -000.370417, 0000.183984, 0000.093844, 0000.358495, -000.928803, 0000.878979,   051,  2,  0000.764170, -000.437939, -000.473554, -000.176553, -000.175660, -000.847724, 0000.500508, -000.189711, -000.620635, -000.299289, -000.724734, 0000.672336,   073,  1,  -000.769287, -000.485623, 0000.415172, 0000.020275, -000.314645, 0000.853519, 0000.415336, -000.017737, -000.556054, 0000.188881, -000.809400, 0000.852392,   080,  1,  0000.791544, -000.530838, 0000.302769, -000.194536, -000.561849, -000.827024, 0000.018867, 0000.005774, 0000.240382, -000.185045, -000.952877, 0000.808274,   237,  1,  -000.956089, -000.122437, 0000.266277, -000.064791, 0000.180911, 0000.468247, 0000.864879, 0000.115620, -000.230577, 0000.875074, -000.425535, 0000.830225, 
0000000006, 1570660786.067454583,   019,  1,  0000.973933, -000.226594, 0000.010461, -000.083795, -000.206697, -000.905518, -000.370559, 0000.184023, 0000.093440, 0000.358737, -000.928750, 0000.879173,   051,  1,  0000.764133, -000.437657, -000.473874, -000.176537, -000.175435, -000.847932, 0000.500233, -000.189688, -000.620744, -000.299111, -000.724714, 0000.672222,   073,  1,  -000.769351, -000.485817, 0000.414826, 0000.020264, -000.314798, 0000.853355, 0000.415557, -000.017724, -000.555879, 0000.189123, -000.809464, 0000.852508,   080,  1,  0000.791380, -000.531110, 0000.302720, -000.194505, -000.562116, -000.826844, 0000.018839, 0000.005774, 0000.240296, -000.185073, -000.952893, 0000.808109,   237,  1,  -000.956067, -000.122629, 0000.266266, -000.064783, 0000.180974, 0000.467648, 0000.865190, 0000.115795, -000.230616, 0000.875367, -000.424911, 0000.830128, 
0000000007, 1570660786.078690401,   019,  1,  0000.974068, -000.226006, 0000.010584, -000.083748, -000.206112, -000.905678, -000.370492, 0000.183919, 0000.093319, 0000.358703, -000.928775, 0000.878603,   051,  1,  0000.764347, -000.437081, -000.474061, -000.176572, -000.175148, -000.848293, 0000.499722, -000.189713, -000.620562, -000.298930, -000.724944, 0000.672308,   073,  1,  -000.769375, -000.485877, 0000.414712, 0000.020263, -000.314839, 0000.853300, 0000.415638, -000.017714, -000.555823, 0000.189214, -000.809481, 0000.852500,   080,  1,  0000.791462, -000.531035, 0000.302639, -000.194520, -000.562047, -000.826889, 0000.018939, 0000.005782, 0000.240191, -000.185086, -000.952917, 0000.808111,   237,  1,  -000.956038, -000.122433, 0000.266463, -000.064912, 0000.181253, 0000.467591, 0000.865162, 0000.115206, -000.230520, 0000.875425, -000.424844, 0000.830449, 
0000000008, 1570660786.089926281,   019,  1,  0000.973912, -000.226700, 0000.010168, -000.083768, -000.206926, -000.905569, -000.370305, 0000.183906, 0000.093156, 0000.358541, -000.928854, 0000.878509,   051,  1,  0000.764234, -000.437386, -000.473962, -000.176510, -000.175460, -000.848179, 0000.499805, -000.189631, -000.620612, -000.298807, -000.724952, 0000.671987,   073,  1,  -000.769447, -000.485640, 0000.414855, 0000.020254, -000.314627, 0000.853441, 0000.415510, -000.017710, -000.555843, 0000.189188, -000.809473, 0000.852413,   080,  1,  0000.791257, -000.531420, 0000.302498, -000.194518, -000.562396, -000.826653, 0000.018841, 0000.005791, 0000.240049, -000.185032, -000.952964, 0000.808038,   237,  1,  -000.956219, -000.121034, 0000.266452, -000.064823, 0000.181826, 0000.467712, 0000.864977, 0000.115800, -000.229314, 0000.875555, -000.425228, 0000.830098, 
0000000009, 1570660786.101162291,   019,  0,  0000.000000, 0000.000000, 0000.000000, 0000.000000, 0000.000000, 0000.000000, 0000.000000, 0000.000000, 0000.000000, 0000.000000, 0000.000000, 0000.000000,   051,  1,  0000.764045, -000.437133, -000.474500, -000.176587, -000.175187, -000.848410, 0000.499510, -000.189706, -000.620923, -000.298522, -000.724803, 0000.672217,   073,  1,  -000.769446, -000.485650, 0000.414845, 0000.020266, -000.314690, 0000.853453, 0000.415437, -000.017710, -000.555808, 0000.189109, -000.809516, 0000.852819,   080,  1,  0000.791623, -000.530983, 0000.302308, -000.194593, -000.561962, -000.826943, 0000.019086, 0000.005806, 0000.239857, -000.184995, -000.953019, 0000.808292,   237,  1,  -000.956336, -000.121557, 0000.265793, -000.064894, 0000.180882, 0000.468164, 0000.864930, 0000.115634, -000.229573, 0000.875241, -000.425735, 0000.830181, 
