% Measurements merged on 10/09/19 17:36:08 Central Daylight Time
% Original files:
%    1: C:\Users\Al\Desktop\Nayo\KACEY\STROKE\RTIS2001\RTIS2001_REAL_trunkfree\2001tf_reg_00000014_Series2s24.hts  (Series2s24)
%    2: C:\Users\Al\Desktop\Nayo\KACEY\STROKE\RTIS2001\RTIS2001_REAL_trunkfree\2001tf_reg_00000014_Series2s25.hts  (Series2s25)
% Merge host: Al-PC
% System: MERGED
% nSharedImages: 10
%
% Interpolated markers have status set to 2
%
% EMB001 (Marker properties) Series:1024, ID:237, Size:20, Thickness:000.647, tPu:[-001.323 +071.946 -004.697]
%
% ImageNumber,             FrameTime,           Marker,  ST, HT(1, 1),    HT(1, 2),    HT(1, 3),    HT(1, 4),    HT(2, 1),    HT(2, 2),    HT(2, 3),    HT(2, 4),    HT(3, 1),    HT(3, 2),    HT(3, 3),    HT(3, 4)
%
0000000000, 1570660973.224757881,   237,  1,  0000.514172, -000.830875, -000.212775, -000.147441, -000.409672, -000.455867, 0000.790161, 0000.028082, -000.753522, -000.319111, -000.574780, 0000.704531, 
0000000001, 1570660973.235993829,   237,  2,  0000.513903, -000.831060, -000.212707, -000.147440, -000.409440, -000.455508, 0000.790488, 0000.027906, -000.753832, -000.319143, -000.574356, 0000.704494, 
0000000002, 1570660973.247229445,   237,  1,  0000.513633, -000.831244, -000.212638, -000.147440, -000.409209, -000.455150, 0000.790814, 0000.027731, -000.754141, -000.319175, -000.573932, 0000.704458, 
0000000003, 1570660973.258465827,   237,  1,  0000.514541, -000.830642, -000.212792, -000.147321, -000.408717, -000.455746, 0000.790725, 0000.027932, -000.753789, -000.319889, -000.573998, 0000.704302, 
0000000004, 1570660973.269701589,   237,  2,  0000.514566, -000.830567, -000.213025, -000.147239, -000.408553, -000.455916, 0000.790712, 0000.028028, -000.753861, -000.319841, -000.573930, 0000.704182, 
0000000005, 1570660973.280937716,   237,  2,  0000.514591, -000.830492, -000.213259, -000.147157, -000.408388, -000.456087, 0000.790698, 0000.028124, -000.753933, -000.319794, -000.573861, 0000.704061, 
0000000006, 1570660973.292173391,   237,  1,  0000.514616, -000.830417, -000.213492, -000.147075, -000.408224, -000.456257, 0000.790685, 0000.028220, -000.754005, -000.319747, -000.573793, 0000.703941, 
0000000007, 1570660973.303409497,   237,  1,  0000.514076, -000.830797, -000.213311, -000.147353, -000.408129, -000.455654, 0000.791082, 0000.027068, -000.754424, -000.319618, -000.573313, 0000.704205, 
0000000008, 1570660973.314645550,   237,  2,  0000.514526, -000.830535, -000.213249, -000.147181, -000.408008, -000.455869, 0000.791020, 0000.027498, -000.754183, -000.319993, -000.573421, 0000.704005, 
0000000009, 1570660973.325882135,   237,  1,  0000.514975, -000.830272, -000.213187, -000.147009, -000.407887, -000.456084, 0000.790959, 0000.027928, -000.753942, -000.320368, -000.573529, 0000.703805, 
