% Measurements merged on 10/09/19 17:29:31 Central Daylight Time
% Original files:
%    1: C:\Users\Al\Desktop\Nayo\KACEY\STROKE\RTIS2001\RTIS2001_REAL_trunkfree\2001tf_reg_00000002_Series2s24.hts  (Series2s24)
%    2: C:\Users\Al\Desktop\Nayo\KACEY\STROKE\RTIS2001\RTIS2001_REAL_trunkfree\2001tf_reg_00000002_Series2s25.hts  (Series2s25)
% Merge host: Al-PC
% System: MERGED
% nSharedImages: 10
%
% Interpolated markers have status set to 2
%
% EMB001 (Marker properties) Series:1024, ID:235, Size:20, Thickness:000.640, tPu:[-000.308 +071.949 -004.887]
% EMB001 (Marker properties) Series:2031, ID:019, Size:35, Thickness:001.846, tPu:[+000.000 +000.000 +000.000]
% EMB001 (Marker properties) Series:2031, ID:051, Size:35, Thickness:001.844, tPu:[+000.000 +000.000 +000.000]
% EMB001 (Marker properties) Series:2032, ID:073, Size:44, Thickness:002.200, tPu:[+000.000 +000.000 +000.000]
% EMB001 (Marker properties) Series:2032, ID:080, Size:44, Thickness:002.203, tPu:[+000.000 +000.000 +000.000]
% EMB001 (Marker properties) Series:2032, ID:087, Size:44, Thickness:002.251, tPu:[+000.000 +000.000 +000.000]
%
% ImageNumber,             FrameTime,           Marker,  ST, HT(1, 1),    HT(1, 2),    HT(1, 3),    HT(1, 4),    HT(2, 1),    HT(2, 2),    HT(2, 3),    HT(2, 4),    HT(3, 1),    HT(3, 2),    HT(3, 3),    HT(3, 4)
%
0000000000, 1570660576.719139972,   019,  1,  0000.979940, -000.137248, 0000.144501, -000.090908, -000.064041, -000.903474, -000.423833, 0000.192129, 0000.188723, 0000.406077, -000.894139, 0000.861572,   051,  1,  0000.717663, -000.578019, 0000.388398, -000.047824, -000.487463, -000.018656, 0000.872945, -000.037022, -000.497333, -000.815810, -000.295152, 0000.618421,   073,  1,  -000.513508, -000.711331, 0000.479914, 0000.052375, -000.445556, 0000.699014, 0000.559338, 0000.022965, -000.733342, 0000.073396, -000.675887, 0000.859867,   080,  1,  0000.806776, -000.470456, 0000.357469, -000.182099, -000.509877, -000.860040, 0000.018872, 0000.006820, 0000.298559, -000.197491, -000.933734, 0000.781068,   087,  1,  0000.690283, 0000.558684, 0000.459763, 0000.055400, -000.103656, -000.552521, 0000.827028, -000.041897, 0000.716076, -000.618540, -000.323485, 0000.728209,   235,  1,  0000.925588, -000.228576, -000.301729, -000.010656, -000.305078, -000.922328, -000.237148, 0000.014523, -000.224087, 0000.311552, -000.923429, 0000.614192, 
0000000001, 1570660576.730375970,   019,  1,  0000.980006, -000.136663, 0000.144606, -000.090787, -000.063478, -000.903561, -000.423731, 0000.191895, 0000.188569, 0000.406080, -000.894170, 0000.860533,   051,  1,  0000.717463, -000.578172, 0000.388542, -000.047781, -000.487644, -000.018558, 0000.872845, -000.036751, -000.497444, -000.815704, -000.295257, 0000.618397,   073,  1,  -000.513407, -000.711550, 0000.479698, 0000.052385, -000.445657, 0000.698781, 0000.559548, 0000.022961, -000.733351, 0000.073495, -000.675866, 0000.859850,   080,  1,  0000.806830, -000.470465, 0000.357335, -000.182061, -000.509875, -000.860040, 0000.018926, 0000.006833, 0000.298419, -000.197466, -000.933784, 0000.780973,   087,  1,  0000.690315, 0000.558743, 0000.459643, 0000.055407, -000.103539, -000.552467, 0000.827079, -000.041960, 0000.716062, -000.618536, -000.323525, 0000.728243,   235,  1,  0000.925766, -000.228364, -000.301343, -000.010644, -000.304773, -000.922391, -000.237294, 0000.014535, -000.223766, 0000.311520, -000.923517, 0000.614206, 
0000000002, 1570660576.741611830,   019,  1,  0000.979971, -000.137142, 0000.144393, -000.090901, -000.063962, -000.903420, -000.423958, 0000.192179, 0000.188590, 0000.406231, -000.894097, 0000.861776,   051,  1,  0000.717370, -000.578171, 0000.388713, -000.047766, -000.487790, -000.018456, 0000.872766, -000.036738, -000.497434, -000.815707, -000.295266, 0000.618399,   073,  1,  -000.513568, -000.711330, 0000.479852, 0000.052384, -000.445434, 0000.698997, 0000.559457, 0000.022966, -000.733373, 0000.073577, -000.675833, 0000.859700,   080,  1,  0000.806794, -000.470495, 0000.357377, -000.182012, -000.509897, -000.860028, 0000.018868, 0000.006854, 0000.298477, -000.197448, -000.933770, 0000.780800,   087,  1,  0000.690222, 0000.558673, 0000.459867, 0000.055417, -000.103805, -000.552506, 0000.827020, -000.042041, 0000.716113, -000.618564, -000.323359, 0000.728283,   235,  1,  0000.925882, -000.228406, -000.300953, -000.010641, -000.304653, -000.922463, -000.237167, 0000.014553, -000.223448, 0000.311275, -000.923677, 0000.614216, 
0000000003, 1570660576.752847609,   019,  1,  0000.979827, -000.138441, 0000.144131, -000.090806, -000.065302, -000.903400, -000.423797, 0000.191995, 0000.188879, 0000.405835, -000.894216, 0000.860854,   051,  1,  0000.717256, -000.578276, 0000.388768, -000.047770, -000.487878, -000.018415, 0000.872717, -000.036876, -000.497513, -000.815633, -000.295337, 0000.618418,   073,  1,  -000.513361, -000.711524, 0000.479786, 0000.052415, -000.445480, 0000.698799, 0000.559667, 0000.022994, -000.733490, 0000.073576, -000.675706, 0000.860037,   080,  1,  0000.806851, -000.470468, 0000.357282, -000.182039, -000.509856, -000.860052, 0000.018893, 0000.006871, 0000.298393, -000.197407, -000.933805, 0000.780921,   087,  1,  0000.690079, 0000.558767, 0000.459968, 0000.055432, -000.103841, -000.552529, 0000.827000, -000.042126, 0000.716246, -000.618459, -000.323266, 0000.728314,   235,  1,  0000.925974, -000.228381, -000.300689, -000.010641, -000.304501, -000.922553, -000.237014, 0000.014574, -000.223272, 0000.311029, -000.923802, 0000.614109, 
0000000004, 1570660576.764083699,   019,  1,  0000.979946, -000.137511, 0000.144211, -000.090849, -000.064450, -000.903546, -000.423616, 0000.192094, 0000.188553, 0000.405826, -000.894289, 0000.861313,   051,  1,  0000.717120, -000.578250, 0000.389058, -000.047775, -000.488135, -000.018276, 0000.872577, -000.037085, -000.497457, -000.815655, -000.295370, 0000.618452,   073,  1,  -000.513389, -000.711480, 0000.479821, 0000.052395, -000.445552, 0000.698855, 0000.559540, 0000.022987, -000.733427, 0000.073476, -000.675786, 0000.859742,   080,  1,  0000.806904, -000.470381, 0000.357278, -000.182026, -000.509762, -000.860108, 0000.018894, 0000.006881, 0000.298411, -000.197372, -000.933807, 0000.780890,   087,  1,  0000.690084, 0000.558752, 0000.459978, 0000.055442, -000.103938, -000.552464, 0000.827031, -000.042163, 0000.716227, -000.618530, -000.323171, 0000.728340,   235,  1,  0000.926125, -000.228455, -000.300167, -000.010638, -000.304332, -000.922681, -000.236732, 0000.014585, -000.222875, 0000.310594, -000.924044, 0000.613978, 
0000000005, 1570660576.775319585,   019,  1,  0000.979913, -000.137703, 0000.144251, -000.090914, -000.064620, -000.903556, -000.423569, 0000.192254, 0000.188666, 0000.405739, -000.894305, 0000.861965,   051,  1,  0000.717426, -000.577739, 0000.389253, -000.047766, -000.488246, -000.018439, 0000.872511, -000.037122, -000.496906, -000.816014, -000.295307, 0000.618456,   073,  1,  -000.513583, -000.711206, 0000.480019, 0000.052385, -000.445061, 0000.699102, 0000.559623, 0000.022988, -000.733590, 0000.073775, -000.675576, 0000.859480,   080,  1,  0000.806727, -000.470699, 0000.357259, -000.181978, -000.510049, -000.859941, 0000.018746, 0000.006902, 0000.298398, -000.197343, -000.933817, 0000.780689,   087,  1,  0000.690224, 0000.558490, 0000.460086, 0000.055448, -000.103969, -000.552691, 0000.826876, -000.042047, 0000.716087, -000.618564, -000.323415, 0000.728318,   235,  1,  0000.926425, -000.228100, -000.299512, -000.010633, -000.303857, -000.922734, -000.237136, 0000.014598, -000.222280, 0000.310697, -000.924153, 0000.614160, 
0000000006, 1570660576.786555660,   019,  1,  0000.979909, -000.137566, 0000.144411, -000.090796, -000.064450, -000.903619, -000.423460, 0000.192028, 0000.188747, 0000.405645, -000.894330, 0000.860893,   051,  1,  0000.717148, -000.578128, 0000.389188, -000.047738, -000.488367, -000.018486, 0000.872442, -000.036961, -000.497189, -000.815737, -000.295596, 0000.618431,   073,  1,  -000.513538, -000.711426, 0000.479740, 0000.052384, -000.445149, 0000.698859, 0000.559856, 0000.023006, -000.733567, 0000.073951, -000.675582, 0000.859513,   080,  1,  0000.806818, -000.470663, 0000.357101, -000.182006, -000.509944, -000.860006, 0000.018646, 0000.006929, 0000.298333, -000.197145, -000.933880, 0000.780798,   087,  1,  0000.689979, 0000.558851, 0000.460015, 0000.055460, -000.103890, -000.552490, 0000.827020, -000.042209, 0000.716335, -000.618417, -000.323148, 0000.728371,   235,  1,  0000.926276, -000.228441, -000.299711, -000.010619, -000.304199, -000.922689, -000.236871, 0000.014609, -000.222429, 0000.310580, -000.924157, 0000.613940, 
0000000007, 1570660576.797791671,   019,  1,  0000.979863, -000.138121, 0000.144191, -000.090791, -000.065045, -000.903557, -000.423503, 0000.192014, 0000.188779, 0000.405596, -000.894346, 0000.860727,   051,  1,  0000.716978, -000.578294, 0000.389253, -000.047708, -000.488630, -000.018667, 0000.872291, -000.036794, -000.497175, -000.815615, -000.295956, 0000.618404,   073,  1,  -000.513789, -000.711230, 0000.479763, 0000.052400, -000.445070, 0000.699050, 0000.559679, 0000.023040, -000.733439, 0000.074029, -000.675712, 0000.859751,   080,  1,  0000.806838, -000.470702, 0000.357004, -000.181994, -000.509957, -000.859998, 0000.018626, 0000.006959, 0000.298255, -000.197085, -000.933917, 0000.780721,   087,  1,  0000.689913, 0000.558795, 0000.460184, 0000.055466, -000.103969, -000.552627, 0000.826918, -000.041924, 0000.716387, -000.618346, -000.323167, 0000.728292,   235,  1,  0000.926197, -000.229154, -000.299413, -000.010598, -000.304768, -000.922546, -000.236698, 0000.014626, -000.221982, 0000.310480, -000.924298, 0000.613985, 
0000000008, 1570660576.809027552,   019,  1,  0000.980049, -000.136504, 0000.144466, -000.090775, -000.063465, -000.903727, -000.423378, 0000.192012, 0000.188351, 0000.405763, -000.894360, 0000.860622,   051,  1,  0000.717308, -000.577966, 0000.389133, -000.047713, -000.488573, -000.019051, 0000.872315, -000.036798, -000.496755, -000.815839, -000.296044, 0000.618406,   073,  1,  -000.513540, -000.711639, 0000.479423, 0000.052433, -000.445387, 0000.698634, 0000.559947, 0000.023080, -000.733422, 0000.074027, -000.675731, 0000.860112,   080,  1,  0000.807027, -000.470403, 0000.356972, -000.181963, -000.509698, -000.860147, 0000.018837, 0000.006982, 0000.298187, -000.197150, -000.933925, 0000.780590,   087,  1,  0000.690072, 0000.558603, 0000.460178, 0000.055477, -000.104039, -000.552665, 0000.826884, -000.042072, 0000.716224, -000.618486, -000.323262, 0000.728338,   235,  1,  0000.925928, -000.229724, -000.299807, -000.010562, -000.305371, -000.922449, -000.236296, 0000.014642, -000.222274, 0000.310345, -000.924273, 0000.613929, 
0000000009, 1570660576.820263466,   019,  1,  0000.979933, -000.137501, 0000.144309, -000.090749, -000.064508, -000.903782, -000.423105, 0000.191984, 0000.188601, 0000.405305, -000.894515, 0000.860453,   051,  1,  0000.716814, -000.578709, 0000.388940, -000.047716, -000.488627, -000.018986, 0000.872286, -000.036803, -000.497415, -000.815313, -000.296382, 0000.618403,   073,  1,  -000.513670, -000.711495, 0000.479498, 0000.052420, -000.445215, 0000.698770, 0000.559915, 0000.023093, -000.733435, 0000.074132, -000.675705, 0000.859967,   080,  1,  0000.807111, -000.470359, 0000.356839, -000.182028, -000.509580, -000.860220, 0000.018708, 0000.007009, 0000.298161, -000.196937, -000.933978, 0000.780846,   087,  1,  0000.690000, 0000.558663, 0000.460213, 0000.055486, -000.103996, -000.552704, 0000.826863, -000.041843, 0000.716299, -000.618396, -000.323267, 0000.728275,   235,  1,  0000.925840, -000.230154, -000.299750, -000.010522, -000.305797, -000.922290, -000.236365, 0000.014662, -000.222056, 0000.310499, -000.924274, 0000.614240, 
