% Measurements merged on 10/09/19 17:29:21 Central Daylight Time
% Original files:
%    1: C:\Users\Al\Desktop\Nayo\KACEY\STROKE\RTIS2001\RTIS2001_REAL_trunkfree\2001tf_reg_00000001_Series2s24.hts  (Series2s24)
%    2: C:\Users\Al\Desktop\Nayo\KACEY\STROKE\RTIS2001\RTIS2001_REAL_trunkfree\2001tf_reg_00000001_Series2s25.hts  (Series2s25)
% Merge host: Al-PC
% System: MERGED
% nSharedImages: 10
%
% Interpolated markers have status set to 2
%
% EMB001 (Marker properties) Series:1024, ID:235, Size:20, Thickness:000.640, tPu:[-000.308 +071.949 -004.887]
% EMB001 (Marker properties) Series:2031, ID:019, Size:35, Thickness:001.846, tPu:[+000.000 +000.000 +000.000]
% EMB001 (Marker properties) Series:2031, ID:051, Size:35, Thickness:001.844, tPu:[+000.000 +000.000 +000.000]
% EMB001 (Marker properties) Series:2032, ID:073, Size:44, Thickness:002.200, tPu:[+000.000 +000.000 +000.000]
% EMB001 (Marker properties) Series:2032, ID:080, Size:44, Thickness:002.203, tPu:[+000.000 +000.000 +000.000]
% EMB001 (Marker properties) Series:2032, ID:087, Size:44, Thickness:002.251, tPu:[+000.000 +000.000 +000.000]
%
% ImageNumber,             FrameTime,           Marker,  ST, HT(1, 1),    HT(1, 2),    HT(1, 3),    HT(1, 4),    HT(2, 1),    HT(2, 2),    HT(2, 3),    HT(2, 4),    HT(3, 1),    HT(3, 2),    HT(3, 3),    HT(3, 4)
%
0000000000, 1570660566.337117233,   019,  1,  0000.982184, -000.132886, 0000.132879, -000.093835, -000.068164, -000.910853, -000.407063, 0000.193024, 0000.175126, 0000.390753, -000.903683, 0000.860745,   051,  1,  0000.759189, -000.542149, 0000.360148, -000.047214, -000.428251, 0000.000605, 0000.903660, -000.042517, -000.490136, -000.840282, -000.231717, 0000.613871,   073,  1,  -000.513303, -000.715138, 0000.474444, 0000.068612, -000.434848, 0000.693340, 0000.574619, 0000.022853, -000.739883, 0000.088643, -000.666870, 0000.857688,   080,  1,  0000.815302, -000.476674, 0000.328733, -000.186494, -000.512007, -000.858623, 0000.024815, 0000.009706, 0000.270429, -000.188546, -000.944097, 0000.778789,   087,  1,  0000.690161, 0000.618404, 0000.375837, 0000.053107, -000.063953, -000.465205, 0000.882890, -000.043335, 0000.720824, -000.633372, -000.281518, 0000.726278,   235,  1,  0000.971377, -000.236969, -000.016538, -000.076734, -000.237075, -000.971479, -000.004799, 0000.026661, -000.014930, 0000.008582, -000.999852, 0000.572434, 
0000000001, 1570660566.348353386,   019,  1,  0000.982084, -000.133613, 0000.132885, -000.093773, -000.068810, -000.910745, -000.407197, 0000.192843, 0000.175431, 0000.390758, -000.903622, 0000.860005,   051,  1,  0000.759421, -000.541792, 0000.360195, -000.047160, -000.428268, 0000.000472, 0000.903652, -000.042177, -000.489762, -000.840512, -000.231674, 0000.613810,   073,  1,  -000.513017, -000.715349, 0000.474435, 0000.068624, -000.434913, 0000.693133, 0000.574819, 0000.022825, -000.740043, 0000.088554, -000.666704, 0000.857691,   080,  1,  0000.815459, -000.476429, 0000.328697, -000.186500, -000.511742, -000.858781, 0000.024814, 0000.009693, 0000.270457, -000.188442, -000.944109, 0000.778827,   087,  1,  0000.690035, 0000.618491, 0000.375926, 0000.053127, -000.064059, -000.465168, 0000.882901, -000.043448, 0000.720936, -000.633314, -000.281362, 0000.726304,   235,  1,  0000.971398, -000.236908, -000.016155, -000.076704, -000.237019, -000.971491, -000.005305, 0000.026652, -000.014438, 0000.008983, -000.999855, 0000.572221, 
0000000002, 1570660566.359589694,   019,  1,  0000.982214, -000.132707, 0000.132831, -000.093773, -000.067968, -000.910754, -000.407316, 0000.192886, 0000.175030, 0000.391044, -000.903576, 0000.860152,   051,  1,  0000.759464, -000.541623, 0000.360360, -000.047185, -000.428387, 0000.000507, 0000.903595, -000.042461, -000.489590, -000.840622, -000.231639, 0000.613837,   073,  1,  -000.513317, -000.715235, 0000.474282, 0000.068630, -000.434984, 0000.693236, 0000.574641, 0000.022909, -000.739793, 0000.088668, -000.666966, 0000.857636,   080,  1,  0000.815452, -000.476495, 0000.328620, -000.186466, -000.511834, -000.858722, 0000.024951, 0000.009688, 0000.270305, -000.188545, -000.944132, 0000.778699,   087,  1,  0000.689844, 0000.618664, 0000.375991, 0000.053138, -000.064008, -000.465200, 0000.882888, -000.043302, 0000.721123, -000.633122, -000.281316, 0000.726245,   235,  1,  0000.971366, -000.237041, -000.016084, -000.076719, -000.237154, -000.971456, -000.005508, 0000.026668, -000.014319, 0000.009165, -000.999855, 0000.572300, 
0000000003, 1570660566.370825257,   019,  2,  0000.982146, -000.133130, 0000.132914, -000.093803, -000.068330, -000.910734, -000.407301, 0000.192942, 0000.175273, 0000.390947, -000.903571, 0000.860433,   051,  1,  0000.759369, -000.541802, 0000.360290, -000.047176, -000.428499, 0000.000273, 0000.903542, -000.042473, -000.489639, -000.840506, -000.231955, 0000.613833,   073,  1,  -000.513190, -000.715259, 0000.474384, 0000.068640, -000.435008, 0000.693229, 0000.574632, 0000.022836, -000.739868, 0000.088535, -000.666901, 0000.857659,   080,  1,  0000.815310, -000.476695, 0000.328682, -000.186411, -000.512029, -000.858609, 0000.024849, 0000.009669, 0000.270363, -000.188554, -000.944114, 0000.778515,   087,  1,  0000.690055, 0000.618397, 0000.376043, 0000.053156, -000.064051, -000.465354, 0000.882804, -000.043592, 0000.720917, -000.633269, -000.281512, 0000.726323,   235,  1,  0000.971401, -000.236918, -000.015790, -000.076708, -000.237029, -000.971487, -000.005529, 0000.026668, -000.014029, 0000.009113, -000.999860, 0000.572244, 
0000000004, 1570660566.382061247,   019,  1,  0000.982077, -000.133553, 0000.132997, -000.093833, -000.068692, -000.910714, -000.407285, 0000.192998, 0000.175517, 0000.390849, -000.903566, 0000.860714,   051,  1,  0000.759202, -000.541928, 0000.360452, -000.047179, -000.428586, 0000.000526, 0000.903501, -000.042481, -000.489822, -000.840425, -000.231864, 0000.613826,   073,  1,  -000.513075, -000.715418, 0000.474269, 0000.068636, -000.435138, 0000.693068, 0000.574728, 0000.022853, -000.739871, 0000.088506, -000.666901, 0000.857624,   080,  1,  0000.815383, -000.476663, 0000.328547, -000.186445, -000.511985, -000.858633, 0000.024914, 0000.009661, 0000.270226, -000.188526, -000.944159, 0000.778689,   087,  1,  0000.689973, 0000.618538, 0000.375962, 0000.053165, -000.064015, -000.465224, 0000.882875, -000.043605, 0000.720999, -000.633227, -000.281396, 0000.726316,   235,  1,  0000.971403, -000.236942, -000.015328, -000.076695, -000.237048, -000.971482, -000.005515, 0000.026667, -000.013584, 0000.008991, -000.999867, 0000.572198, 
0000000005, 1570660566.393297227,   019,  1,  0000.982156, -000.132970, 0000.133000, -000.093897, -000.068136, -000.910722, -000.407360, 0000.193118, 0000.175293, 0000.391029, -000.903531, 0000.861262,   051,  1,  0000.759133, -000.542106, 0000.360330, -000.047181, -000.428585, 0000.000379, 0000.903501, -000.042429, -000.489930, -000.840310, -000.232051, 0000.613820,   073,  1,  -000.513252, -000.715367, 0000.474155, 0000.068626, -000.435207, 0000.693113, 0000.574621, 0000.022899, -000.739708, 0000.088569, -000.667074, 0000.857585,   080,  1,  0000.815473, -000.476501, 0000.328557, -000.186448, -000.511804, -000.858742, 0000.024868, 0000.009654, 0000.270296, -000.188436, -000.944157, 0000.778724,   087,  1,  0000.690122, 0000.618374, 0000.375958, 0000.053162, -000.063933, -000.465374, 0000.882802, -000.043397, 0000.720863, -000.633278, -000.281630, 0000.726250,   235,  1,  0000.971386, -000.237032, -000.015023, -000.076690, -000.237136, -000.971460, -000.005584, 0000.026671, -000.013270, 0000.008987, -000.999872, 0000.572217, 
0000000006, 1570660566.404533179,   019,  1,  0000.982198, -000.132786, 0000.132873, -000.093834, -000.068021, -000.910743, -000.407333, 0000.192965, 0000.175102, 0000.391044, -000.903562, 0000.860565,   051,  1,  0000.759158, -000.542085, 0000.360310, -000.047168, -000.428633, 0000.000244, 0000.903479, -000.042325, -000.489850, -000.840324, -000.232170, 0000.613805,   073,  1,  -000.513340, -000.715452, 0000.473932, 0000.068625, -000.435508, 0000.693034, 0000.574489, 0000.022859, -000.739470, 0000.088507, -000.667346, 0000.857585,   080,  1,  0000.815436, -000.476572, 0000.328547, -000.186461, -000.511917, -000.858671, 0000.025010, 0000.009645, 0000.270195, -000.188583, -000.944156, 0000.778782,   087,  1,  0000.690124, 0000.618319, 0000.376047, 0000.053164, -000.063950, -000.465486, 0000.882742, -000.043598, 0000.720860, -000.633249, -000.281702, 0000.726299,   235,  1,  0000.971357, -000.237134, -000.015258, -000.076696, -000.237241, -000.971435, -000.005550, 0000.026672, -000.013506, 0000.009011, -000.999868, 0000.572315, 
0000000007, 1570660566.415768971,   019,  1,  0000.982171, -000.132898, 0000.132961, -000.093823, -000.068028, -000.910600, -000.407651, 0000.192915, 0000.175250, 0000.391338, -000.903406, 0000.860368,   051,  1,  0000.759207, -000.541934, 0000.360433, -000.047179, -000.428575, 0000.000508, 0000.903506, -000.042328, -000.489824, -000.840421, -000.231874, 0000.613811,   073,  1,  -000.513415, -000.715453, 0000.473848, 0000.068614, -000.435494, 0000.693020, 0000.574516, 0000.022932, -000.739425, 0000.088607, -000.667382, 0000.857532,   080,  1,  0000.815405, -000.476640, 0000.328526, -000.186424, -000.511997, -000.858622, 0000.025057, 0000.009636, 0000.270136, -000.188636, -000.944163, 0000.778647,   087,  1,  0000.690099, 0000.618376, 0000.375998, 0000.053156, -000.063854, -000.465487, 0000.882748, -000.043409, 0000.720893, -000.633192, -000.281746, 0000.726235,   235,  1,  0000.971320, -000.237264, -000.015581, -000.076650, -000.237368, -000.971406, -000.005180, 0000.026667, -000.013907, 0000.008730, -000.999865, 0000.572131, 
0000000008, 1570660566.427004869,   019,  1,  0000.982153, -000.133247, 0000.132740, -000.093806, -000.068472, -000.910639, -000.407489, 0000.192902, 0000.175175, 0000.391128, -000.903511, 0000.860292,   051,  1,  0000.758982, -000.542236, 0000.360453, -000.047199, -000.428799, 0000.000337, 0000.903400, -000.042419, -000.489977, -000.840226, -000.232254, 0000.613813,   073,  1,  -000.513240, -000.715480, 0000.473997, 0000.068610, -000.435428, 0000.693004, 0000.574585, 0000.022906, -000.739586, 0000.088509, -000.667217, 0000.857529,   080,  1,  0000.815243, -000.476917, 0000.328526, -000.186460, -000.512263, -000.858465, 0000.024968, 0000.009625, 0000.270120, -000.188646, -000.944165, 0000.778828,   087,  1,  0000.690182, 0000.618297, 0000.375976, 0000.053145, -000.063803, -000.465546, 0000.882721, -000.043426, 0000.720818, -000.633226, -000.281862, 0000.726223,   235,  1,  0000.971193, -000.237747, -000.016139, -000.076663, -000.237853, -000.971289, -000.004940, 0000.026682, -000.014501, 0000.008637, -000.999858, 0000.572375, 
0000000009, 1570660566.438241064,   019,  1,  0000.982171, -000.133024, 0000.132834, -000.093822, -000.068208, -000.910614, -000.407589, 0000.192912, 0000.175179, 0000.391262, -000.903452, 0000.860320,   051,  1,  0000.759127, -000.541942, 0000.360591, -000.047199, -000.428862, 0000.000344, 0000.903370, -000.042272, -000.489698, -000.840416, -000.232157, 0000.613784,   073,  1,  -000.513061, -000.715579, 0000.474041, 0000.068608, -000.435347, 0000.692900, 0000.574772, 0000.022848, -000.739758, 0000.088521, -000.667025, 0000.857547,   080,  1,  0000.815590, -000.476383, 0000.328440, -000.186444, -000.511690, -000.858806, 0000.024993, 0000.009619, 0000.270160, -000.188444, -000.944194, 0000.778787,   087,  1,  0000.690010, 0000.618430, 0000.376073, 0000.053134, -000.063797, -000.465594, 0000.882696, -000.043519, 0000.720983, -000.633061, -000.281811, 0000.726241,   235,  1,  0000.971201, -000.237711, -000.016191, -000.076664, -000.237818, -000.971297, -000.005011, 0000.026690, -000.014535, 0000.008718, -000.999856, 0000.572427, 
